ncols        169
nrows        134
xllcorner    60.900000000000
yllcorner    23.700000000000
cellsize     0.100000000000
NODATA_value  -9999
 0.0 0 0 0 0 0 0 0 0 0 0 0 0 0 0 0 0 0 0 0 0 0 0 0 0 0 0 0 0 0 0 0 0 0 0 0 0 0 0 0 0.0625 0.0625 0.0625 0.0625 0.0625 0.0625 0.0625 0.0625 0.0625 0.0625 0.0625 0.0625 0.0625 0.0625 0.0625 0.125 0.125 0.0625 0.0625 0.0625 0.0625 0.0625 0 0 0 0 0 0 0 0 0.0625 0.0625 0.0625 0.0625 0.0625 0.1875 0.1875 0.1875 0.1875 0.1875 0.0625 0.0625 0.0625 0.0625 0.0625 0.125 0.125 0.3125 0.3125 0.3125 0.125 0.125 0.3125 0.3125 0.3125 0.6875 0.6875 0.75 0.75 0.75 0.875 0.875 0.875 0.875 0.875 1 1 1.0625 1.0625 1.0625 1.0625 1.0625 0.5625 0.5625 0.5625 0.5625 0.5625 0.625 0.625 0.625 0.8125 0.8125 0.625 0.625 0.625 0.75 0.75 1.25 1.25 1.25 1.3125 1.3125 1.9375 1.9375 1.9375 2.1875 2.1875 1.5625 1.5625 1.5625 1.3125 1.3125 1.375 1.375 1.375 1.1875 1.1875 0.8125 0.8125 0.8125 0.875 0.875 1.5 1.5 1.5 1.625 1.625 1.875 1.875 1.875 1.4375 1.4375 0.5 0.5 0.5 0 0 0 0
 0 0 0 0 0 0 0 0 0 0 0 0 0 0 0 0 0 0 0 0 0 0 0 0 0 0 0 0 0 0 0 0 0 0 0 0 0 0 0 0 0.0625 0.0625 0.0625 0.0625 0.0625 0.0625 0.0625 0.0625 0.0625 0.0625 0.0625 0.0625 0.0625 0.0625 0.0625 0.125 0.125 0.0625 0.0625 0.0625 0.0625 0.0625 0 0 0 0 0 0 0 0 0.0625 0.0625 0.0625 0.0625 0.0625 0.1875 0.1875 0.1875 0.1875 0.1875 0.0625 0.0625 0.0625 0.0625 0.0625 0.125 0.125 0.3125 0.3125 0.3125 0.125 0.125 0.3125 0.3125 0.3125 0.6875 0.6875 0.75 0.75 0.75 0.875 0.875 0.875 0.875 0.875 1 1 1.0625 1.0625 1.0625 1.0625 1.0625 0.5625 0.5625 0.5625 0.5625 0.5625 0.625 0.625 0.625 0.8125 0.8125 0.625 0.625 0.625 0.75 0.75 1.25 1.25 1.25 1.3125 1.3125 1.9375 1.9375 1.9375 2.1875 2.1875 1.5625 1.5625 1.5625 1.3125 1.3125 1.375 1.375 1.375 1.1875 1.1875 0.8125 0.8125 0.8125 0.875 0.875 1.5 1.5 1.5 1.625 1.625 1.875 1.875 1.875 1.4375 1.4375 0.5 0.5 0.5 0 0 0 0
 0 0 0 0 0 0 0 0 0 0 0 0 0 0 0 0 0 0 0 0 0 0 0 0 0 0 0 0 0 0 0 0 0 0 0 0 0 0 0 0 0 0 0 0 0 0.0625 0.0625 0.0625 0.0625 0.0625 0.0625 0.0625 0.0625 0.0625 0.0625 0.0625 0.0625 0 0 0 0 0 0 0 0 0.0625 0.0625 0.125 0.125 0.125 0.1875 0.1875 0.3125 0.3125 0.3125 0.375 0.375 0.1875 0.1875 0.1875 0.0625 0.0625 0.125 0.125 0.125 0.1875 0.1875 0.375 0.375 0.375 0.375 0.375 0.6875 0.6875 0.6875 0.875 0.875 0.9375 0.9375 0.9375 1 1 0.875 0.875 0.875 0.875 0.875 1 1 1 1 1 1.25 1.25 1.25 1.0625 1.0625 0.4375 0.4375 0.4375 0.8125 0.8125 0.375 0.375 0.375 1.1875 1.1875 1.4375 1.4375 1.4375 1.875 1.875 1.75 1.75 1.75 2 2 2.3125 2.3125 2.3125 1.875 1.875 1.875 1.875 1.875 1.3125 1.3125 1.375 1.375 1.375 1.1875 1.1875 0.75 0.75 0.75 1.3125 1.3125 1.4375 1.4375 1.4375 0.75 0.75 0.1875 0.1875 0.1875 0.125 0.125 0.1875 0.1875
 0 0 0 0 0 0 0 0 0 0 0 0 0 0 0 0 0 0 0 0 0 0 0 0 0 0 0 0 0 0 0 0 0 0 0 0 0 0 0 0 0 0 0 0 0 0.0625 0.0625 0.0625 0.0625 0.0625 0.0625 0.0625 0.0625 0.0625 0.0625 0.0625 0.0625 0 0 0 0 0 0 0 0 0.0625 0.0625 0.125 0.125 0.125 0.1875 0.1875 0.3125 0.3125 0.3125 0.375 0.375 0.1875 0.1875 0.1875 0.0625 0.0625 0.125 0.125 0.125 0.1875 0.1875 0.375 0.375 0.375 0.375 0.375 0.6875 0.6875 0.6875 0.875 0.875 0.9375 0.9375 0.9375 1 1 0.875 0.875 0.875 0.875 0.875 1 1 1 1 1 1.25 1.25 1.25 1.0625 1.0625 0.4375 0.4375 0.4375 0.8125 0.8125 0.375 0.375 0.375 1.1875 1.1875 1.4375 1.4375 1.4375 1.875 1.875 1.75 1.75 1.75 2 2 2.3125 2.3125 2.3125 1.875 1.875 1.875 1.875 1.875 1.3125 1.3125 1.375 1.375 1.375 1.1875 1.1875 0.75 0.75 0.75 1.3125 1.3125 1.4375 1.4375 1.4375 0.75 0.75 0.1875 0.1875 0.1875 0.125 0.125 0.1875 0.1875
 0 0 0 0 0 0 0 0 0 0 0 0 0 0 0 0 0 0 0 0 0 0 0 0 0 0 0 0 0 0 0 0 0 0 0 0 0 0 0 0 0 0 0 0 0 0.0625 0.0625 0.0625 0.0625 0.0625 0.0625 0.0625 0.0625 0.0625 0.0625 0.0625 0.0625 0 0 0 0 0 0 0 0 0.0625 0.0625 0.125 0.125 0.125 0.1875 0.1875 0.3125 0.3125 0.3125 0.375 0.375 0.1875 0.1875 0.1875 0.0625 0.0625 0.125 0.125 0.125 0.1875 0.1875 0.375 0.375 0.375 0.375 0.375 0.6875 0.6875 0.6875 0.875 0.875 0.9375 0.9375 0.9375 1 1 0.875 0.875 0.875 0.875 0.875 1 1 1 1 1 1.25 1.25 1.25 1.0625 1.0625 0.4375 0.4375 0.4375 0.8125 0.8125 0.375 0.375 0.375 1.1875 1.1875 1.4375 1.4375 1.4375 1.875 1.875 1.75 1.75 1.75 2 2 2.3125 2.3125 2.3125 1.875 1.875 1.875 1.875 1.875 1.3125 1.3125 1.375 1.375 1.375 1.1875 1.1875 0.75 0.75 0.75 1.3125 1.3125 1.4375 1.4375 1.4375 0.75 0.75 0.1875 0.1875 0.1875 0.125 0.125 0.1875 0.1875
 0 0 0 0 0 0 0 0 0 0 0 0 0 0 0 0 0 0 0 0 0 0 0 0 0 0 0 0 0 0 0 0 0 0 0 0 0 0 0 0 0 0 0 0 0 0.0625 0.0625 0.0625 0.0625 0.0625 0.0625 0.0625 0.0625 0.0625 0.0625 0.0625 0.0625 0 0 0 0 0 0.1875 0.1875 0.1875 0.5 0.5 0.3125 0.3125 0.3125 0.5 0.5 0.5625 0.5625 0.5625 0.3125 0.3125 0.1875 0.1875 0.1875 0.125 0.125 0.1875 0.1875 0.1875 0.4375 0.4375 0.75 0.75 0.75 0.5625 0.5625 0.75 0.75 0.75 0.9375 0.9375 0.9375 0.9375 0.9375 1.375 1.375 1.1875 1.1875 1.1875 1.3125 1.3125 1.375 1.375 1.375 0.875 0.875 0.625 0.625 0.625 0.6875 0.6875 0.3125 0.3125 0.3125 0.6875 0.6875 0.6875 0.6875 0.6875 1.25 1.25 1.1875 1.1875 1.1875 1.75 1.75 1.625 1.625 1.625 0.875 0.875 1.75 1.75 1.75 2.0625 2.0625 1.9375 1.9375 1.9375 2 2 1.4375 1.4375 1.4375 0.9375 0.9375 1.875 1.875 1.875 1.5625 1.5625 0.875 0.875 0.875 0.6875 0.6875 0.625 0.625 0.625 0.4375 0.4375 0.25 0.25
 0 0 0 0 0 0 0 0 0 0 0 0 0 0 0 0 0 0 0 0 0 0 0 0 0 0 0 0 0 0 0 0 0 0 0 0 0 0 0 0 0 0 0 0 0 0.0625 0.0625 0.0625 0.0625 0.0625 0.0625 0.0625 0.0625 0.0625 0.0625 0.0625 0.0625 0 0 0 0 0 0.1875 0.1875 0.1875 0.5 0.5 0.3125 0.3125 0.3125 0.5 0.5 0.5625 0.5625 0.5625 0.3125 0.3125 0.1875 0.1875 0.1875 0.125 0.125 0.1875 0.1875 0.1875 0.4375 0.4375 0.75 0.75 0.75 0.5625 0.5625 0.75 0.75 0.75 0.9375 0.9375 0.9375 0.9375 0.9375 1.375 1.375 1.1875 1.1875 1.1875 1.3125 1.3125 1.375 1.375 1.375 0.875 0.875 0.625 0.625 0.625 0.6875 0.6875 0.3125 0.3125 0.3125 0.6875 0.6875 0.6875 0.6875 0.6875 1.25 1.25 1.1875 1.1875 1.1875 1.75 1.75 1.625 1.625 1.625 0.875 0.875 1.75 1.75 1.75 2.0625 2.0625 1.9375 1.9375 1.9375 2 2 1.4375 1.4375 1.4375 0.9375 0.9375 1.875 1.875 1.875 1.5625 1.5625 0.875 0.875 0.875 0.6875 0.6875 0.625 0.625 0.625 0.4375 0.4375 0.25 0.25
 0 0 0 0 0 0 0 0 0 0 0 0 0 0 0 0 0 0 0 0 0 0 0 0 0 0 0 0 0 0 0 0 0 0 0 0 0 0 0 0 0 0 0 0 0 0 0 0.0625 0.0625 0.0625 0 0 0 0 0 0 0 0 0 0 0 0 0.0625 0.0625 0.0625 0.125 0.125 0.0625 0.0625 0.0625 0.1875 0.1875 0.25 0.25 0.25 0.1875 0.1875 0.0625 0.0625 0.0625 0.0625 0.0625 0.25 0.25 0.25 0.375 0.375 0.6875 0.6875 0.6875 0.625 0.625 0.75 0.75 0.75 0.9375 0.9375 1.0625 1.0625 1.0625 1.5 1.5 1.8125 1.8125 1.8125 2.125 2.125 1.4375 1.4375 1.4375 1.0625 1.0625 1.125 1.125 1.125 1.0625 1.0625 0.4375 0.4375 0.4375 0.8125 0.8125 1.0625 1.0625 1.0625 1.125 1.125 0.875 0.875 0.875 1.375 1.375 1.875 1.875 1.875 1.8125 1.8125 1.75 1.75 1.75 2.125 2.125 2 2 2 1.5 1.5 1.375 1.375 1.375 1.1875 1.1875 1.875 1.875 1.875 2.0625 2.0625 2.0625 2.0625 2.0625 1.75 1.75 0.5625 0.5625 0.5625 0.25 0.25 0.3125 0.3125
 0 0 0 0 0 0 0 0 0 0 0 0 0 0 0 0 0 0 0 0 0 0 0 0 0 0 0 0 0 0 0 0 0 0 0 0 0 0 0 0 0 0 0 0 0 0 0 0.0625 0.0625 0.0625 0 0 0 0 0 0 0 0 0 0 0 0 0.0625 0.0625 0.0625 0.125 0.125 0.0625 0.0625 0.0625 0.1875 0.1875 0.25 0.25 0.25 0.1875 0.1875 0.0625 0.0625 0.0625 0.0625 0.0625 0.25 0.25 0.25 0.375 0.375 0.6875 0.6875 0.6875 0.625 0.625 0.75 0.75 0.75 0.9375 0.9375 1.0625 1.0625 1.0625 1.5 1.5 1.8125 1.8125 1.8125 2.125 2.125 1.4375 1.4375 1.4375 1.0625 1.0625 1.125 1.125 1.125 1.0625 1.0625 0.4375 0.4375 0.4375 0.8125 0.8125 1.0625 1.0625 1.0625 1.125 1.125 0.875 0.875 0.875 1.375 1.375 1.875 1.875 1.875 1.8125 1.8125 1.75 1.75 1.75 2.125 2.125 2 2 2 1.5 1.5 1.375 1.375 1.375 1.1875 1.1875 1.875 1.875 1.875 2.0625 2.0625 2.0625 2.0625 2.0625 1.75 1.75 0.5625 0.5625 0.5625 0.25 0.25 0.3125 0.3125
 0 0 0 0 0 0 0 0 0 0 0 0 0 0 0 0 0 0 0 0 0 0 0 0 0 0 0 0 0 0 0 0 0 0 0 0 0 0 0 0 0 0 0 0 0 0 0 0.0625 0.0625 0.0625 0 0 0 0 0 0 0 0 0 0 0 0 0.0625 0.0625 0.0625 0.125 0.125 0.0625 0.0625 0.0625 0.1875 0.1875 0.25 0.25 0.25 0.1875 0.1875 0.0625 0.0625 0.0625 0.0625 0.0625 0.25 0.25 0.25 0.375 0.375 0.6875 0.6875 0.6875 0.625 0.625 0.75 0.75 0.75 0.9375 0.9375 1.0625 1.0625 1.0625 1.5 1.5 1.8125 1.8125 1.8125 2.125 2.125 1.4375 1.4375 1.4375 1.0625 1.0625 1.125 1.125 1.125 1.0625 1.0625 0.4375 0.4375 0.4375 0.8125 0.8125 1.0625 1.0625 1.0625 1.125 1.125 0.875 0.875 0.875 1.375 1.375 1.875 1.875 1.875 1.8125 1.8125 1.75 1.75 1.75 2.125 2.125 2 2 2 1.5 1.5 1.375 1.375 1.375 1.1875 1.1875 1.875 1.875 1.875 2.0625 2.0625 2.0625 2.0625 2.0625 1.75 1.75 0.5625 0.5625 0.5625 0.25 0.25 0.3125 0.3125
 0 0 0 0 0 0 0 0 0 0 0 0 0 0 0 0 0 0 0 0 0 0 0 0 0 0 0 0 0 0 0 0 0 0 0 0 0 0 0 0 0 0 0 0 0 0 0 0.0625 0.0625 0.0625 0.0625 0.0625 0 0 0 0 0 0 0 0 0 0 0 0 0 0.0625 0.0625 0.1875 0.1875 0.1875 0.1875 0.1875 0.1875 0.1875 0.1875 0.0625 0.0625 0.125 0.125 0.125 0.3125 0.3125 0.375 0.375 0.375 0.3125 0.3125 0.75 0.75 0.75 0.9375 0.9375 0.9375 0.9375 0.9375 0.9375 0.9375 1.3125 1.3125 1.3125 1.375 1.375 2.0625 2.0625 2.0625 2.3125 2.3125 2.125 2.125 2.125 2.4375 2.4375 2 2 2 1.6875 1.6875 1.4375 1.4375 1.4375 2.25 2.25 1.9375 1.9375 1.9375 1.4375 1.4375 1.5625 1.5625 1.5625 1.375 1.375 1.4375 1.4375 1.4375 1.875 1.875 1.875 1.875 1.875 1.9375 1.9375 2.875 2.875 2.875 2.6875 2.6875 2.625 2.625 2.625 2.875 2.875 3 3 3 1.9375 1.9375 2.1875 2.1875 2.1875 1.375 1.375 0.875 0.875 0.875 1 1 0.875 0.875
 0 0 0 0 0 0 0 0 0 0 0 0 0 0 0 0 0 0 0 0 0 0 0 0 0 0 0 0 0 0 0 0 0 0 0 0 0 0 0 0 0 0 0 0 0 0 0 0.0625 0.0625 0.0625 0.0625 0.0625 0 0 0 0 0 0 0 0 0 0 0 0 0 0.0625 0.0625 0.1875 0.1875 0.1875 0.1875 0.1875 0.1875 0.1875 0.1875 0.0625 0.0625 0.125 0.125 0.125 0.3125 0.3125 0.375 0.375 0.375 0.3125 0.3125 0.75 0.75 0.75 0.9375 0.9375 0.9375 0.9375 0.9375 0.9375 0.9375 1.3125 1.3125 1.3125 1.375 1.375 2.0625 2.0625 2.0625 2.3125 2.3125 2.125 2.125 2.125 2.4375 2.4375 2 2 2 1.6875 1.6875 1.4375 1.4375 1.4375 2.25 2.25 1.9375 1.9375 1.9375 1.4375 1.4375 1.5625 1.5625 1.5625 1.375 1.375 1.4375 1.4375 1.4375 1.875 1.875 1.875 1.875 1.875 1.9375 1.9375 2.875 2.875 2.875 2.6875 2.6875 2.625 2.625 2.625 2.875 2.875 3 3 3 1.9375 1.9375 2.1875 2.1875 2.1875 1.375 1.375 0.875 0.875 0.875 1 1 0.875 0.875
 0 0 0 0 0 0 0 0 0 0 0 0 0 0 0 0 0 0 0 0 0 0 0 0 0 0 0 0 0 0 0 0 0 0 0 0 0 0 0 0 0 0 0 0 0 0 0 0 0 0 0 0 0 0 0 0.0625 0.0625 0.0625 0.0625 0.0625 0.0625 0.0625 0.0625 0.0625 0.0625 0.125 0.125 0.125 0.125 0.125 0.125 0.125 0.1875 0.1875 0.1875 0.0625 0.0625 0.1875 0.1875 0.1875 0.3125 0.3125 0.3125 0.3125 0.3125 0.6875 0.6875 0.6875 0.6875 0.6875 0.875 0.875 1.625 1.625 1.625 1.4375 1.4375 1.625 1.625 1.625 1.625 1.625 2.3125 2.3125 2.3125 2.25 2.25 2.8125 2.8125 2.8125 3.25 3.25 2.8125 2.8125 2.8125 3.5625 3.5625 2.9375 2.9375 2.9375 3.125 3.125 3 3 3 2.5625 2.5625 1.8125 1.8125 1.8125 1.5 1.5 2.375 2.375 2.375 2.625 2.625 2.75 2.75 2.75 1.625 1.625 1.8125 1.8125 1.8125 2.1875 2.1875 2.5625 2.5625 2.5625 3.5625 3.5625 3 3 3 2.5625 2.5625 2.1875 2.1875 2.1875 1.5625 1.5625 1.0625 1.0625 1.0625 1.125 1.125 1.1875 1.1875
 0 0 0 0 0 0 0 0 0 0 0 0 0 0 0 0 0 0 0 0 0 0 0 0 0 0 0 0 0 0 0 0 0 0 0 0 0 0 0 0 0 0 0 0 0 0 0 0 0 0 0 0 0 0 0 0.0625 0.0625 0.0625 0.0625 0.0625 0.0625 0.0625 0.0625 0.0625 0.0625 0.125 0.125 0.125 0.125 0.125 0.125 0.125 0.1875 0.1875 0.1875 0.0625 0.0625 0.1875 0.1875 0.1875 0.3125 0.3125 0.3125 0.3125 0.3125 0.6875 0.6875 0.6875 0.6875 0.6875 0.875 0.875 1.625 1.625 1.625 1.4375 1.4375 1.625 1.625 1.625 1.625 1.625 2.3125 2.3125 2.3125 2.25 2.25 2.8125 2.8125 2.8125 3.25 3.25 2.8125 2.8125 2.8125 3.5625 3.5625 2.9375 2.9375 2.9375 3.125 3.125 3 3 3 2.5625 2.5625 1.8125 1.8125 1.8125 1.5 1.5 2.375 2.375 2.375 2.625 2.625 2.75 2.75 2.75 1.625 1.625 1.8125 1.8125 1.8125 2.1875 2.1875 2.5625 2.5625 2.5625 3.5625 3.5625 3 3 3 2.5625 2.5625 2.1875 2.1875 2.1875 1.5625 1.5625 1.0625 1.0625 1.0625 1.125 1.125 1.1875 1.1875
 0 0 0 0 0 0 0 0 0 0 0 0 0 0 0 0 0 0 0 0 0 0 0 0 0 0 0 0 0 0 0 0 0 0 0 0 0 0 0 0 0 0 0 0 0 0 0 0 0 0 0 0 0 0 0 0.0625 0.0625 0.0625 0.0625 0.0625 0.0625 0.0625 0.0625 0.0625 0.0625 0.125 0.125 0.125 0.125 0.125 0.125 0.125 0.1875 0.1875 0.1875 0.0625 0.0625 0.1875 0.1875 0.1875 0.3125 0.3125 0.3125 0.3125 0.3125 0.6875 0.6875 0.6875 0.6875 0.6875 0.875 0.875 1.625 1.625 1.625 1.4375 1.4375 1.625 1.625 1.625 1.625 1.625 2.3125 2.3125 2.3125 2.25 2.25 2.8125 2.8125 2.8125 3.25 3.25 2.8125 2.8125 2.8125 3.5625 3.5625 2.9375 2.9375 2.9375 3.125 3.125 3 3 3 2.5625 2.5625 1.8125 1.8125 1.8125 1.5 1.5 2.375 2.375 2.375 2.625 2.625 2.75 2.75 2.75 1.625 1.625 1.8125 1.8125 1.8125 2.1875 2.1875 2.5625 2.5625 2.5625 3.5625 3.5625 3 3 3 2.5625 2.5625 2.1875 2.1875 2.1875 1.5625 1.5625 1.0625 1.0625 1.0625 1.125 1.125 1.1875 1.1875
 0 0 0 0 0 0 0 0 0 0 0 0 0 0 0 0 0 0 0 0 0 0 0 0 0 0 0 0 0 0 0 0 0 0 0 0 0 0 0 0 0 0 0 0 0 0 0 0 0 0 0 0 0 0 0 0 0 0 0 0 0.0625 0.0625 0.0625 0.0625 0.0625 0.125 0.125 0.125 0.125 0.125 0.125 0.125 0.125 0.125 0.125 0.1875 0.1875 0.4375 0.4375 0.4375 0.4375 0.4375 0.375 0.375 0.375 0.3125 0.3125 0.4375 0.4375 0.4375 0.9375 0.9375 1.4375 1.4375 1.4375 1.5625 1.5625 1.4375 1.4375 1.4375 2.0625 2.0625 1.875 1.875 1.875 1.3125 1.3125 2.625 2.625 2.625 3.6875 3.6875 4.875 4.875 4.875 4.6875 4.6875 3.1875 3.1875 3.1875 2.9375 2.9375 3.875 3.875 3.875 3.625 3.625 2.1875 2.1875 2.1875 1.9375 1.9375 2.25 2.25 2.25 2.125 2.125 3.3125 3.3125 3.3125 2.625 2.625 1.9375 1.9375 1.9375 1.5625 1.5625 2.4375 2.4375 2.4375 3.25 3.25 2.9375 2.9375 2.9375 3.0625 3.0625 2.25 2.25 2.25 1.8125 1.8125 1.5625 1.5625 1.5625 1.375 1.375 1.1875 1.1875
 0 0 0 0 0 0 0 0 0 0 0 0 0 0 0 0 0 0 0 0 0 0 0 0 0 0 0 0 0 0 0 0 0 0 0 0 0 0 0 0 0 0 0 0 0 0 0 0 0 0 0 0 0 0 0 0 0 0 0 0 0.0625 0.0625 0.0625 0.0625 0.0625 0.125 0.125 0.125 0.125 0.125 0.125 0.125 0.125 0.125 0.125 0.1875 0.1875 0.4375 0.4375 0.4375 0.4375 0.4375 0.375 0.375 0.375 0.3125 0.3125 0.4375 0.4375 0.4375 0.9375 0.9375 1.4375 1.4375 1.4375 1.5625 1.5625 1.4375 1.4375 1.4375 2.0625 2.0625 1.875 1.875 1.875 1.3125 1.3125 2.625 2.625 2.625 3.6875 3.6875 4.875 4.875 4.875 4.6875 4.6875 3.1875 3.1875 3.1875 2.9375 2.9375 3.875 3.875 3.875 3.625 3.625 2.1875 2.1875 2.1875 1.9375 1.9375 2.25 2.25 2.25 2.125 2.125 3.3125 3.3125 3.3125 2.625 2.625 1.9375 1.9375 1.9375 1.5625 1.5625 2.4375 2.4375 2.4375 3.25 3.25 2.9375 2.9375 2.9375 3.0625 3.0625 2.25 2.25 2.25 1.8125 1.8125 1.5625 1.5625 1.5625 1.375 1.375 1.1875 1.1875
 0 0 0 0 0 0 0 0 0 0 0 0 0 0 0 0 0 0 0 0 0 0 0 0 0 0 0 0 0 0 0 0 0 0 0 0 0 0 0 0 0 0 0 0 0 0 0 0 0 0 0 0 0 0 0 0 0 0.0625 0.0625 0.0625 0 0 0 0 0 0.0625 0.0625 0.0625 0.0625 0.0625 0.0625 0.0625 0.125 0.125 0.125 0.25 0.25 0.25 0.25 0.25 0.125 0.125 0.0625 0.0625 0.0625 0.125 0.125 1.3125 1.3125 1.3125 1.6875 1.6875 0.625 0.625 0.625 1.5 1.5 1 1 1 1.5625 1.5625 1.3125 1.3125 1.3125 1.4375 1.4375 1.8125 1.8125 1.8125 3.375 3.375 7 7 7 6.1875 6.1875 5.1875 5.1875 5.1875 5.625 5.625 6.3125 6.3125 6.3125 4.5625 4.5625 3.5625 3.5625 3.5625 4.125 4.125 3 3 3 3.25 3.25 3.625 3.625 3.625 3.5 3.5 3.0625 3.0625 3.0625 3.125 3.125 4 4 4 3.0625 3.0625 2.75 2.75 2.75 2.1875 2.1875 2.3125 2.3125 2.3125 1.9375 1.9375 1.9375 1.9375 1.9375 1.9375 1.9375 1.5 1.5
 0 0 0 0 0 0 0 0 0 0 0 0 0 0 0 0 0 0 0 0 0 0 0 0 0 0 0 0 0 0 0 0 0 0 0 0 0 0 0 0 0 0 0 0 0 0 0 0 0 0 0 0 0 0 0 0 0 0.0625 0.0625 0.0625 0 0 0 0 0 0.0625 0.0625 0.0625 0.0625 0.0625 0.0625 0.0625 0.125 0.125 0.125 0.25 0.25 0.25 0.25 0.25 0.125 0.125 0.0625 0.0625 0.0625 0.125 0.125 1.3125 1.3125 1.3125 1.6875 1.6875 0.625 0.625 0.625 1.5 1.5 1 1 1 1.5625 1.5625 1.3125 1.3125 1.3125 1.4375 1.4375 1.8125 1.8125 1.8125 3.375 3.375 7 7 7 6.1875 6.1875 5.1875 5.1875 5.1875 5.625 5.625 6.3125 6.3125 6.3125 4.5625 4.5625 3.5625 3.5625 3.5625 4.125 4.125 3 3 3 3.25 3.25 3.625 3.625 3.625 3.5 3.5 3.0625 3.0625 3.0625 3.125 3.125 4 4 4 3.0625 3.0625 2.75 2.75 2.75 2.1875 2.1875 2.3125 2.3125 2.3125 1.9375 1.9375 1.9375 1.9375 1.9375 1.9375 1.9375 1.5 1.5
 0 0 0 0 0 0 0 0 0 0 0 0 0 0 0 0 0 0 0 0 0 0 0 0 0 0 0 0 0 0 0 0 0 0 0 0 0 0 0 0 0 0 0 0 0 0 0 0 0 0 0 0 0 0 0 0 0 0.0625 0.0625 0.0625 0 0 0 0 0 0.0625 0.0625 0.0625 0.0625 0.0625 0.0625 0.0625 0.125 0.125 0.125 0.25 0.25 0.25 0.25 0.25 0.125 0.125 0.0625 0.0625 0.0625 0.125 0.125 1.3125 1.3125 1.3125 1.6875 1.6875 0.625 0.625 0.625 1.5 1.5 1 1 1 1.5625 1.5625 1.3125 1.3125 1.3125 1.4375 1.4375 1.8125 1.8125 1.8125 3.375 3.375 7 7 7 6.1875 6.1875 5.1875 5.1875 5.1875 5.625 5.625 6.3125 6.3125 6.3125 4.5625 4.5625 3.5625 3.5625 3.5625 4.125 4.125 3 3 3 3.25 3.25 3.625 3.625 3.625 3.5 3.5 3.0625 3.0625 3.0625 3.125 3.125 4 4 4 3.0625 3.0625 2.75 2.75 2.75 2.1875 2.1875 2.3125 2.3125 2.3125 1.9375 1.9375 1.9375 1.9375 1.9375 1.9375 1.9375 1.5 1.5
 0 0 0 0 0 0 0 0 0 0 0 0 0 0 0 0 0 0 0 0 0 0 0 0 0 0 0 0 0 0 0 0 0 0 0 0 0 0 0 0 0 0 0 0 0 0 0 0 0 0 0 0 0 0 0 0 0 0 0 0 0 0 0 0 0 0 0 0.0625 0.0625 0.0625 0.125 0.125 0.0625 0.0625 0.0625 0 0 0 0 0 0 0 0 0 0 0.125 0.125 1.1875 1.1875 1.1875 1.4375 1.4375 0.5 0.5 0.5 0.8125 0.8125 0.6875 0.6875 0.6875 0.375 0.375 0.25 0.25 0.25 0.5625 0.5625 0.9375 0.9375 0.9375 3.75 3.75 7.375 7.375 7.375 7.25 7.25 7.0625 7.0625 7.0625 9.375 9.375 6.75 6.75 6.75 4.375 4.375 4.5625 4.5625 4.5625 5.625 5.625 6.3125 6.3125 6.3125 6.375 6.375 5.5 5.5 5.5 4.75 4.75 5.1875 5.1875 5.1875 5.9375 5.9375 5.9375 5.9375 5.9375 3.4375 3.4375 2.625 2.625 2.625 2.0625 2.0625 2.1875 2.1875 2.1875 1.625 1.625 1.5 1.5 1.5 2.25 2.25 1.25 1.25
 0 0 0 0 0 0 0 0 0 0 0 0 0 0 0 0 0 0 0 0 0 0 0 0 0 0 0 0 0 0 0 0 0 0 0 0 0 0 0 0 0 0 0 0 0 0 0 0 0 0 0 0 0 0 0 0 0 0 0 0 0 0 0 0 0 0 0 0.0625 0.0625 0.0625 0.125 0.125 0.0625 0.0625 0.0625 0 0 0 0 0 0 0 0 0 0 0.125 0.125 1.1875 1.1875 1.1875 1.4375 1.4375 0.5 0.5 0.5 0.8125 0.8125 0.6875 0.6875 0.6875 0.375 0.375 0.25 0.25 0.25 0.5625 0.5625 0.9375 0.9375 0.9375 3.75 3.75 7.375 7.375 7.375 7.25 7.25 7.0625 7.0625 7.0625 9.375 9.375 6.75 6.75 6.75 4.375 4.375 4.5625 4.5625 4.5625 5.625 5.625 6.3125 6.3125 6.3125 6.375 6.375 5.5 5.5 5.5 4.75 4.75 5.1875 5.1875 5.1875 5.9375 5.9375 5.9375 5.9375 5.9375 3.4375 3.4375 2.625 2.625 2.625 2.0625 2.0625 2.1875 2.1875 2.1875 1.625 1.625 1.5 1.5 1.5 2.25 2.25 1.25 1.25
 0 0 0 0 0 0 0 0 0 0 0 0 0 0 0 0 0 0 0 0 0 0 0 0 0 0 0 0 0 0 0 0 0 0 0 0 0 0 0 0 0 0 0 0 0 0 0 0 0 0 0 0 0 0 0 0 0 0 0 0 0 0 0 0 0 0 0 0.0625 0.0625 0.0625 0.0625 0.0625 0 0 0 0 0 0.125 0.125 0.125 0.0625 0.0625 0 0 0 0.0625 0.0625 0.3125 0.3125 0.3125 0.3125 0.3125 0.25 0.25 0.25 0.4375 0.4375 0.4375 0.4375 0.4375 0.0625 0.0625 0.125 0.125 0.125 0.0625 0.0625 0.5 0.5 0.5 3.1875 3.1875 8.375 8.375 8.375 8.75 8.75 9.125 9.125 9.125 9.875 9.875 7.4375 7.4375 7.4375 5.9375 5.9375 5.25 5.25 5.25 6.375 6.375 6.875 6.875 6.875 6.75 6.75 5.9375 5.9375 5.9375 7.1875 7.1875 8.1875 8.1875 8.1875 8.9375 8.9375 6.5 6.5 6.5 4.375 4.375 4 4 4 2.75 2.75 2 2 2 1.125 1.125 1.125 1.125 1.125 1.5625 1.5625 0.8125 0.8125
 0 0 0 0 0 0 0 0 0 0 0 0 0 0 0 0 0 0 0 0 0 0 0 0 0 0 0 0 0 0 0 0 0 0 0 0 0 0 0 0 0 0 0 0 0 0 0 0 0 0 0 0 0 0 0 0 0 0 0 0 0 0 0 0 0 0 0 0.0625 0.0625 0.0625 0.0625 0.0625 0 0 0 0 0 0.125 0.125 0.125 0.0625 0.0625 0 0 0 0.0625 0.0625 0.3125 0.3125 0.3125 0.3125 0.3125 0.25 0.25 0.25 0.4375 0.4375 0.4375 0.4375 0.4375 0.0625 0.0625 0.125 0.125 0.125 0.0625 0.0625 0.5 0.5 0.5 3.1875 3.1875 8.375 8.375 8.375 8.75 8.75 9.125 9.125 9.125 9.875 9.875 7.4375 7.4375 7.4375 5.9375 5.9375 5.25 5.25 5.25 6.375 6.375 6.875 6.875 6.875 6.75 6.75 5.9375 5.9375 5.9375 7.1875 7.1875 8.1875 8.1875 8.1875 8.9375 8.9375 6.5 6.5 6.5 4.375 4.375 4 4 4 2.75 2.75 2 2 2 1.125 1.125 1.125 1.125 1.125 1.5625 1.5625 0.8125 0.8125
 0 0 0 0 0 0 0 0 0 0 0 0 0 0 0 0 0 0 0 0 0 0 0 0 0 0 0 0 0 0 0 0 0 0 0 0 0 0 0 0 0 0 0 0 0 0 0 0 0 0 0 0 0 0 0 0 0 0 0 0 0 0 0 0 0 0 0 0.0625 0.0625 0.0625 0.0625 0.0625 0 0 0 0 0 0.125 0.125 0.125 0.0625 0.0625 0 0 0 0.0625 0.0625 0.3125 0.3125 0.3125 0.3125 0.3125 0.25 0.25 0.25 0.4375 0.4375 0.4375 0.4375 0.4375 0.0625 0.0625 0.125 0.125 0.125 0.0625 0.0625 0.5 0.5 0.5 3.1875 3.1875 8.375 8.375 8.375 8.75 8.75 9.125 9.125 9.125 9.875 9.875 7.4375 7.4375 7.4375 5.9375 5.9375 5.25 5.25 5.25 6.375 6.375 6.875 6.875 6.875 6.75 6.75 5.9375 5.9375 5.9375 7.1875 7.1875 8.1875 8.1875 8.1875 8.9375 8.9375 6.5 6.5 6.5 4.375 4.375 4 4 4 2.75 2.75 2 2 2 1.125 1.125 1.125 1.125 1.125 1.5625 1.5625 0.8125 0.8125
 0 0 0 0 0 0 0 0 0 0 0 0 0 0 0 0 0 0 0 0 0 0 0 0 0 0 0 0 0 0 0 0 0 0 0 0 0 0 0 0 0 0 0 0 0 0 0 0 0 0 0 0 0 0 0 0 0 0 0 0 0 0 0 0 0 0 0 0 0 0 0 0 0 0 0 0 0 0.0625 0.0625 0.0625 0 0 0 0 0 0 0 0 0 0 0 0 0 0 0 0 0 0.0625 0.0625 0.0625 0.125 0.125 0.125 0.125 0.125 0.125 0.125 0.25 0.25 0.25 1.625 1.625 6.3125 6.3125 6.3125 8.6875 8.6875 10.25 10.25 10.25 7.6875 7.6875 7.25 7.25 7.25 7.5625 7.5625 7.0625 7.0625 7.0625 8.5625 8.5625 6.9375 6.9375 6.9375 6.6875 6.6875 7.8125 7.8125 7.8125 9.75 9.75 10.6875 10.6875 10.6875 12.0625 12.0625 6.75 6.75 6.75 5.1875 5.1875 5.4375 5.4375 5.4375 3.625 3.625 2 2 2 1.25 1.25 1.3125 1.3125 1.3125 0.8125 0.8125 0.9375 0.9375
 0 0 0 0 0 0 0 0 0 0 0 0 0 0 0 0 0 0 0 0 0 0 0 0 0 0 0 0 0 0 0 0 0 0 0 0 0 0 0 0 0 0 0 0 0 0 0 0 0 0 0 0 0 0 0 0 0 0 0 0 0 0 0 0 0 0 0 0 0 0 0 0 0 0 0 0 0 0.0625 0.0625 0.0625 0 0 0 0 0 0 0 0 0 0 0 0 0 0 0 0 0 0.0625 0.0625 0.0625 0.125 0.125 0.125 0.125 0.125 0.125 0.125 0.25 0.25 0.25 1.625 1.625 6.3125 6.3125 6.3125 8.6875 8.6875 10.25 10.25 10.25 7.6875 7.6875 7.25 7.25 7.25 7.5625 7.5625 7.0625 7.0625 7.0625 8.5625 8.5625 6.9375 6.9375 6.9375 6.6875 6.6875 7.8125 7.8125 7.8125 9.75 9.75 10.6875 10.6875 10.6875 12.0625 12.0625 6.75 6.75 6.75 5.1875 5.1875 5.4375 5.4375 5.4375 3.625 3.625 2 2 2 1.25 1.25 1.3125 1.3125 1.3125 0.8125 0.8125 0.9375 0.9375
 0 0 0 0 0 0 0 0 0 0 0 0 0 0 0 0 0 0 0 0 0 0 0 0 0 0 0 0 0 0 0 0 0 0 0 0 0 0 0 0 0 0 0 0 0 0 0 0 0 0 0 0 0 0 0 0 0 0 0 0 0 0 0 0 0 0 0 0 0 0 0 0 0 0 0 0 0 0 0 0 0 0 0.0625 0.0625 0.0625 0.1875 0.1875 0.0625 0.0625 0.0625 0.0625 0.0625 0 0 0 0 0 0.0625 0.0625 0.0625 0.0625 0.0625 0.0625 0.0625 0.0625 0.0625 0.0625 0.0625 0.0625 0.0625 0.4375 0.4375 4.125 4.125 4.125 8.5625 8.5625 10 10 10 8 8 8.375 8.375 8.375 8.6875 8.6875 8.5 8.5 8.5 9.0625 9.0625 8.125 8.125 8.125 6.25 6.25 6.1875 6.1875 6.1875 7.4375 7.4375 12.625 12.625 12.625 14.625 14.625 7.625 7.625 7.625 6.125 6.125 6.75 6.75 6.75 4.5 4.5 3.1875 3.1875 3.1875 2.5 2.5 2.125 2.125 2.125 1.125 1.125 0.5625 0.5625
 0 0 0 0 0 0 0 0 0 0 0 0 0 0 0 0 0 0 0 0 0 0 0 0 0 0 0 0 0 0 0 0 0 0 0 0 0 0 0 0 0 0 0 0 0 0 0 0 0 0 0 0 0 0 0 0 0 0 0 0 0 0 0 0 0 0 0 0 0 0 0 0 0 0 0 0 0 0 0 0 0 0 0.0625 0.0625 0.0625 0.1875 0.1875 0.0625 0.0625 0.0625 0.0625 0.0625 0 0 0 0 0 0.0625 0.0625 0.0625 0.0625 0.0625 0.0625 0.0625 0.0625 0.0625 0.0625 0.0625 0.0625 0.0625 0.4375 0.4375 4.125 4.125 4.125 8.5625 8.5625 10 10 10 8 8 8.375 8.375 8.375 8.6875 8.6875 8.5 8.5 8.5 9.0625 9.0625 8.125 8.125 8.125 6.25 6.25 6.1875 6.1875 6.1875 7.4375 7.4375 12.625 12.625 12.625 14.625 14.625 7.625 7.625 7.625 6.125 6.125 6.75 6.75 6.75 4.5 4.5 3.1875 3.1875 3.1875 2.5 2.5 2.125 2.125 2.125 1.125 1.125 0.5625 0.5625
 0 0 0 0 0 0 0 0 0 0 0 0 0 0 0 0 0 0 0 0 0 0 0 0 0 0 0 0 0 0 0 0 0 0 0 0 0 0 0 0 0 0 0 0 0 0 0 0 0 0 0 0 0 0 0 0 0 0 0 0 0 0 0 0 0 0 0 0 0 0 0 0 0 0 0 0 0 0 0 0 0 0 0.0625 0.0625 0.0625 0.1875 0.1875 0.0625 0.0625 0.0625 0.0625 0.0625 0 0 0 0 0 0.0625 0.0625 0.0625 0.0625 0.0625 0.0625 0.0625 0.0625 0.0625 0.0625 0.0625 0.0625 0.0625 0.4375 0.4375 4.125 4.125 4.125 8.5625 8.5625 10 10 10 8 8 8.375 8.375 8.375 8.6875 8.6875 8.5 8.5 8.5 9.0625 9.0625 8.125 8.125 8.125 6.25 6.25 6.1875 6.1875 6.1875 7.4375 7.4375 12.625 12.625 12.625 14.625 14.625 7.625 7.625 7.625 6.125 6.125 6.75 6.75 6.75 4.5 4.5 3.1875 3.1875 3.1875 2.5 2.5 2.125 2.125 2.125 1.125 1.125 0.5625 0.5625
 0 0 0 0 0 0 0 0 0 0 0 0 0 0 0 0 0 0 0 0 0 0 0 0 0 0 0 0 0 0 0 0 0 0 0 0 0 0 0 0 0 0 0 0 0 0 0 0 0 0 0 0 0 0 0 0 0 0 0 0 0 0 0 0 0 0.0625 0.0625 0.0625 0.0625 0.0625 0 0 0 0 0 0 0 0 0 0 0 0 0.0625 0.0625 0.0625 0.125 0.125 0.0625 0.0625 0.0625 0.125 0.125 0.125 0.125 0.125 0.1875 0.1875 0.1875 0.1875 0.1875 0.0625 0.0625 0.0625 0.0625 0.0625 0.125 0.125 0.0625 0.0625 0.0625 0.25 0.25 4 4 4 9.8125 9.8125 11.5625 11.5625 11.5625 11.1875 11.1875 11.3125 11.3125 11.3125 10.1875 10.1875 9.5 9.5 9.5 11.3125 11.3125 9.4375 9.4375 9.4375 7.125 7.125 4.8125 4.8125 4.8125 6 6 12 12 12 14.25 14.25 9.1875 9.1875 9.1875 9 9 8.1875 8.1875 8.1875 6.375 6.375 4.625 4.625 4.625 3.8125 3.8125 2.625 2.625 2.625 1.5 1.5 0.4375 0.4375
 0 0 0 0 0 0 0 0 0 0 0 0 0 0 0 0 0 0 0 0 0 0 0 0 0 0 0 0 0 0 0 0 0 0 0 0 0 0 0 0 0 0 0 0 0 0 0 0 0 0 0 0 0 0 0 0 0 0 0 0 0 0 0 0 0 0.0625 0.0625 0.0625 0.0625 0.0625 0 0 0 0 0 0 0 0 0 0 0 0 0.0625 0.0625 0.0625 0.125 0.125 0.0625 0.0625 0.0625 0.125 0.125 0.125 0.125 0.125 0.1875 0.1875 0.1875 0.1875 0.1875 0.0625 0.0625 0.0625 0.0625 0.0625 0.125 0.125 0.0625 0.0625 0.0625 0.25 0.25 4 4 4 9.8125 9.8125 11.5625 11.5625 11.5625 11.1875 11.1875 11.3125 11.3125 11.3125 10.1875 10.1875 9.5 9.5 9.5 11.3125 11.3125 9.4375 9.4375 9.4375 7.125 7.125 4.8125 4.8125 4.8125 6 6 12 12 12 14.25 14.25 9.1875 9.1875 9.1875 9 9 8.1875 8.1875 8.1875 6.375 6.375 4.625 4.625 4.625 3.8125 3.8125 2.625 2.625 2.625 1.5 1.5 0.4375 0.4375
 0 0 0 0 0 0 0 0 0 0 0 0 0 0 0 0 0 0 0 0 0 0 0 0 0 0 0 0 0 0 0 0 0 0 0 0 0 0 0 0 0 0 0 0 0 0 0 0 0 0 0 0 0 0 0 0 0 0 0 0 0 0 0.0625 0.0625 0.0625 0 0 0 0 0 0 0 0 0 0 0 0 0.0625 0.0625 0.0625 0.125 0.125 0.1875 0.1875 0.1875 0.0625 0.0625 0 0 0 0 0 0 0 0 0.0625 0.0625 0.125 0.125 0.125 0.0625 0.0625 0.1875 0.1875 0.1875 0.1875 0.1875 0.125 0.125 0.125 0.25 0.25 3.375 3.375 3.375 9.9375 9.9375 11.375 11.375 11.375 9.9375 9.9375 10.375 10.375 10.375 9.1875 9.1875 8.125 8.125 8.125 10.0625 10.0625 8.5625 8.5625 8.5625 9 9 8.125 8.125 8.125 12.4375 12.4375 14.4375 14.4375 14.4375 14.0625 14.0625 11.4375 11.4375 11.4375 13.25 13.25 11.8125 11.8125 11.8125 8.75 8.75 5.4375 5.4375 5.4375 4.0625 4.0625 2.8125 2.8125 2.8125 1.375 1.375 0.25 0.25
 0 0 0 0 0 0 0 0 0 0 0 0 0 0 0 0 0 0 0 0 0 0 0 0 0 0 0 0 0 0 0 0 0 0 0 0 0 0 0 0 0 0 0 0 0 0 0 0 0 0 0 0 0 0 0 0 0 0 0 0 0 0 0.0625 0.0625 0.0625 0 0 0 0 0 0 0 0 0 0 0 0 0.0625 0.0625 0.0625 0.125 0.125 0.1875 0.1875 0.1875 0.0625 0.0625 0 0 0 0 0 0 0 0 0.0625 0.0625 0.125 0.125 0.125 0.0625 0.0625 0.1875 0.1875 0.1875 0.1875 0.1875 0.125 0.125 0.125 0.25 0.25 3.375 3.375 3.375 9.9375 9.9375 11.375 11.375 11.375 9.9375 9.9375 10.375 10.375 10.375 9.1875 9.1875 8.125 8.125 8.125 10.0625 10.0625 8.5625 8.5625 8.5625 9 9 8.125 8.125 8.125 12.4375 12.4375 14.4375 14.4375 14.4375 14.0625 14.0625 11.4375 11.4375 11.4375 13.25 13.25 11.8125 11.8125 11.8125 8.75 8.75 5.4375 5.4375 5.4375 4.0625 4.0625 2.8125 2.8125 2.8125 1.375 1.375 0.25 0.25
 0 0 0 0 0 0 0 0 0 0 0 0 0 0 0 0 0 0 0 0 0 0 0 0 0 0 0 0 0 0 0 0 0 0 0 0 0 0 0 0 0 0 0 0 0 0 0 0 0 0 0 0 0 0 0 0 0 0 0 0 0 0 0.0625 0.0625 0.0625 0 0 0 0 0 0 0 0 0 0 0 0 0.0625 0.0625 0.0625 0.125 0.125 0.1875 0.1875 0.1875 0.0625 0.0625 0 0 0 0 0 0 0 0 0.0625 0.0625 0.125 0.125 0.125 0.0625 0.0625 0.1875 0.1875 0.1875 0.1875 0.1875 0.125 0.125 0.125 0.25 0.25 3.375 3.375 3.375 9.9375 9.9375 11.375 11.375 11.375 9.9375 9.9375 10.375 10.375 10.375 9.1875 9.1875 8.125 8.125 8.125 10.0625 10.0625 8.5625 8.5625 8.5625 9 9 8.125 8.125 8.125 12.4375 12.4375 14.4375 14.4375 14.4375 14.0625 14.0625 11.4375 11.4375 11.4375 13.25 13.25 11.8125 11.8125 11.8125 8.75 8.75 5.4375 5.4375 5.4375 4.0625 4.0625 2.8125 2.8125 2.8125 1.375 1.375 0.25 0.25
 0 0 0 0 0 0 0 0 0 0 0 0 0 0 0 0 0 0 0 0 0 0 0 0 0 0 0 0 0 0 0 0 0 0 0 0 0 0 0 0 0 0 0 0 0 0 0 0 0 0 0 0 0 0 0 0.0625 0.0625 0.125 0.125 0.125 0.0625 0.0625 0 0 0 0 0 0 0 0 0 0 0 0 0 0 0 0.125 0.125 0.125 0.1875 0.1875 0.1875 0.1875 0.1875 0.0625 0.0625 0 0 0 0 0 0 0 0 0 0 0.0625 0.0625 0.0625 0.125 0.125 0.0625 0.0625 0.0625 0.125 0.125 0.125 0.125 0.125 0.0625 0.0625 2 2 2 9.125 9.125 10.75 10.75 10.75 8.625 8.625 10.5 10.5 10.5 9.5 9.5 7.375 7.375 7.375 7.625 7.625 5.6875 5.6875 5.6875 8.1875 8.1875 15.875 15.875 15.875 20.5 20.5 17.875 17.875 17.875 15.5625 15.5625 14.125 14.125 14.125 15.1875 15.1875 14.25 14.25 14.25 11.125 11.125 6.375 6.375 6.375 4.25 4.25 2.875 2.875 2.875 1.1875 1.1875 0.5 0.5
 0 0 0 0 0 0 0 0 0 0 0 0 0 0 0 0 0 0 0 0 0 0 0 0 0 0 0 0 0 0 0 0 0 0 0 0 0 0 0 0 0 0 0 0 0 0 0 0 0 0 0 0 0 0 0 0.0625 0.0625 0.125 0.125 0.125 0.0625 0.0625 0 0 0 0 0 0 0 0 0 0 0 0 0 0 0 0.125 0.125 0.125 0.1875 0.1875 0.1875 0.1875 0.1875 0.0625 0.0625 0 0 0 0 0 0 0 0 0 0 0.0625 0.0625 0.0625 0.125 0.125 0.0625 0.0625 0.0625 0.125 0.125 0.125 0.125 0.125 0.0625 0.0625 2 2 2 9.125 9.125 10.75 10.75 10.75 8.625 8.625 10.5 10.5 10.5 9.5 9.5 7.375 7.375 7.375 7.625 7.625 5.6875 5.6875 5.6875 8.1875 8.1875 15.875 15.875 15.875 20.5 20.5 17.875 17.875 17.875 15.5625 15.5625 14.125 14.125 14.125 15.1875 15.1875 14.25 14.25 14.25 11.125 11.125 6.375 6.375 6.375 4.25 4.25 2.875 2.875 2.875 1.1875 1.1875 0.5 0.5
 0 0 0 0 0 0 0 0 0 0 0 0 0 0 0 0 0 0 0 0 0 0 0 0 0 0 0 0 0 0 0 0 0 0 0 0 0 0 0 0 0 0 0 0 0 0 0 0 0 0 0.0625 0.0625 0.0625 0.0625 0.0625 0.1875 0.1875 0.125 0.125 0.125 0.0625 0.0625 0 0 0 0 0 0 0 0 0 0 0 0 0 0 0 0.0625 0.0625 0.0625 0.1875 0.1875 0.0625 0.0625 0.0625 0 0 0 0 0 0 0 0 0 0 0 0 0 0 0 0.0625 0.0625 0.0625 0.0625 0.0625 0.125 0.125 0.125 0.125 0.125 0.1875 0.1875 1.6875 1.6875 1.6875 9.3125 9.3125 11 11 11 9.375 9.375 11.375 11.375 11.375 9.625 9.625 7.8125 7.8125 7.8125 7.75 7.75 4.875 4.875 4.875 4.1875 4.1875 11.75 11.75 11.75 17.125 17.125 19.125 19.125 19.125 17.5 17.5 17.5 17.5 17.5 18.375 18.375 15.375 15.375 15.375 12.3125 12.3125 8.5625 8.5625 8.5625 5.1875 5.1875 4.1875 4.1875 4.1875 1.625 1.625 1.3125 1.3125
 0 0 0 0 0 0 0 0 0 0 0 0 0 0 0 0 0 0 0 0 0 0 0 0 0 0 0 0 0 0 0 0 0 0 0 0 0 0 0 0 0 0 0 0 0 0 0 0 0 0 0.0625 0.0625 0.0625 0.0625 0.0625 0.1875 0.1875 0.125 0.125 0.125 0.0625 0.0625 0 0 0 0 0 0 0 0 0 0 0 0 0 0 0 0.0625 0.0625 0.0625 0.1875 0.1875 0.0625 0.0625 0.0625 0 0 0 0 0 0 0 0 0 0 0 0 0 0 0 0.0625 0.0625 0.0625 0.0625 0.0625 0.125 0.125 0.125 0.125 0.125 0.1875 0.1875 1.6875 1.6875 1.6875 9.3125 9.3125 11 11 11 9.375 9.375 11.375 11.375 11.375 9.625 9.625 7.8125 7.8125 7.8125 7.75 7.75 4.875 4.875 4.875 4.1875 4.1875 11.75 11.75 11.75 17.125 17.125 19.125 19.125 19.125 17.5 17.5 17.5 17.5 17.5 18.375 18.375 15.375 15.375 15.375 12.3125 12.3125 8.5625 8.5625 8.5625 5.1875 5.1875 4.1875 4.1875 4.1875 1.625 1.625 1.3125 1.3125
 0 0 0 0 0 0 0 0 0 0 0 0 0 0 0 0 0 0 0 0 0 0 0 0 0 0 0 0 0 0 0 0 0 0 0 0 0 0 0 0 0 0 0 0 0 0 0 0 0 0 0.0625 0.0625 0.0625 0.0625 0.0625 0.1875 0.1875 0.125 0.125 0.125 0.0625 0.0625 0 0 0 0 0 0 0 0 0 0 0 0 0 0 0 0.0625 0.0625 0.0625 0.1875 0.1875 0.0625 0.0625 0.0625 0 0 0 0 0 0 0 0 0 0 0 0 0 0 0 0.0625 0.0625 0.0625 0.0625 0.0625 0.125 0.125 0.125 0.125 0.125 0.1875 0.1875 1.6875 1.6875 1.6875 9.3125 9.3125 11 11 11 9.375 9.375 11.375 11.375 11.375 9.625 9.625 7.8125 7.8125 7.8125 7.75 7.75 4.875 4.875 4.875 4.1875 4.1875 11.75 11.75 11.75 17.125 17.125 19.125 19.125 19.125 17.5 17.5 17.5 17.5 17.5 18.375 18.375 15.375 15.375 15.375 12.3125 12.3125 8.5625 8.5625 8.5625 5.1875 5.1875 4.1875 4.1875 4.1875 1.625 1.625 1.3125 1.3125
 0 0 0 0 0 0 0 0 0 0 0 0 0 0 0 0 0 0 0 0 0 0 0 0 0 0 0 0 0 0 0 0 0 0 0 0 0 0 0 0 0 0 0 0 0 0 0 0.0625 0.0625 0.0625 0.1875 0.1875 0.25 0.25 0.25 0.25 0.25 0.125 0.125 0.125 0.0625 0.0625 0 0 0 0 0 0 0 0 0 0 0 0 0 0.0625 0.0625 0.125 0.125 0.125 0.125 0.125 0 0 0 0 0 0 0 0 0 0 0 0 0 0 0 0 0 0 0 0 0 0 0 0.0625 0.0625 0.25 0.25 0.25 0.4375 0.4375 1.875 1.875 1.875 7.6875 7.6875 11 11 11 9.625 9.625 9.25 9.25 9.25 6.875 6.875 6.0625 6.0625 6.0625 6.5 6.5 4.75 4.75 4.75 3.125 3.125 6.4375 6.4375 6.4375 12.0625 12.0625 20.75 20.75 20.75 21.75 21.75 21.5 21.5 21.5 21.4375 21.4375 17.6875 17.6875 17.6875 13.125 13.125 10.5625 10.5625 10.5625 8.5 8.5 7.1875 7.1875 7.1875 3.75 3.75 2.9375 2.9375
 0 0 0 0 0 0 0 0 0 0 0 0 0 0 0 0 0 0 0 0 0 0 0 0 0 0 0 0 0 0 0 0 0 0 0 0 0 0 0 0 0 0 0 0 0 0 0 0.0625 0.0625 0.0625 0.1875 0.1875 0.25 0.25 0.25 0.25 0.25 0.125 0.125 0.125 0.0625 0.0625 0 0 0 0 0 0 0 0 0 0 0 0 0 0.0625 0.0625 0.125 0.125 0.125 0.125 0.125 0 0 0 0 0 0 0 0 0 0 0 0 0 0 0 0 0 0 0 0 0 0 0 0.0625 0.0625 0.25 0.25 0.25 0.4375 0.4375 1.875 1.875 1.875 7.6875 7.6875 11 11 11 9.625 9.625 9.25 9.25 9.25 6.875 6.875 6.0625 6.0625 6.0625 6.5 6.5 4.75 4.75 4.75 3.125 3.125 6.4375 6.4375 6.4375 12.0625 12.0625 20.75 20.75 20.75 21.75 21.75 21.5 21.5 21.5 21.4375 21.4375 17.6875 17.6875 17.6875 13.125 13.125 10.5625 10.5625 10.5625 8.5 8.5 7.1875 7.1875 7.1875 3.75 3.75 2.9375 2.9375
 0 0 0 0 0 0 0 0 0 0 0 0 0 0 0 0 0 0 0 0 0 0 0 0 0 0 0 0 0 0 0 0 0 0 0 0 0 0 0 0 0.0625 0.0625 0 0 0 0 0 0.125 0.125 0.125 0.3125 0.3125 0.3125 0.3125 0.3125 0.1875 0.1875 0.0625 0.0625 0.0625 0 0 0 0 0 0 0 0 0 0 0 0 0.0625 0.0625 0.0625 0.1875 0.1875 0.25 0.25 0.25 0 0 0 0 0 0 0 0 0 0 0 0 0 0 0 0 0 0 0 0 0 0 0 0 0 0.0625 0.0625 0.25 0.25 0.25 0.4375 0.4375 2.1875 2.1875 2.1875 6 6 9.5625 9.5625 9.5625 8.5 8.5 7.6875 7.6875 7.6875 5.0625 5.0625 3.625 3.625 3.625 3.6875 3.6875 3.375 3.375 3.375 2.8125 2.8125 4.0625 4.0625 4.0625 7.5 7.5 17.875 17.875 17.875 21.5 21.5 20.1875 20.1875 20.1875 19.0625 19.0625 19.75 19.75 19.75 16.625 16.625 14.0625 14.0625 14.0625 13.125 13.125 11.125 11.125 11.125 7.5625 7.5625 5.5 5.5
 0 0 0 0 0 0 0 0 0 0 0 0 0 0 0 0 0 0 0 0 0 0 0 0 0 0 0 0 0 0 0 0 0 0 0 0 0 0 0 0 0.0625 0.0625 0 0 0 0 0 0.125 0.125 0.125 0.3125 0.3125 0.3125 0.3125 0.3125 0.1875 0.1875 0.0625 0.0625 0.0625 0 0 0 0 0 0 0 0 0 0 0 0 0.0625 0.0625 0.0625 0.1875 0.1875 0.25 0.25 0.25 0 0 0 0 0 0 0 0 0 0 0 0 0 0 0 0 0 0 0 0 0 0 0 0 0 0.0625 0.0625 0.25 0.25 0.25 0.4375 0.4375 2.1875 2.1875 2.1875 6 6 9.5625 9.5625 9.5625 8.5 8.5 7.6875 7.6875 7.6875 5.0625 5.0625 3.625 3.625 3.625 3.6875 3.6875 3.375 3.375 3.375 2.8125 2.8125 4.0625 4.0625 4.0625 7.5 7.5 17.875 17.875 17.875 21.5 21.5 20.1875 20.1875 20.1875 19.0625 19.0625 19.75 19.75 19.75 16.625 16.625 14.0625 14.0625 14.0625 13.125 13.125 11.125 11.125 11.125 7.5625 7.5625 5.5 5.5
 0 0 0 0 0 0 0 0 0 0 0 0 0 0 0 0 0 0 0 0 0 0 0 0 0 0 0 0 0 0 0 0 0 0 0 0 0 0 0 0 0.0625 0.0625 0 0 0 0 0 0.125 0.125 0.125 0.3125 0.3125 0.3125 0.3125 0.3125 0.1875 0.1875 0.0625 0.0625 0.0625 0 0 0 0 0 0 0 0 0 0 0 0 0.0625 0.0625 0.0625 0.1875 0.1875 0.25 0.25 0.25 0 0 0 0 0 0 0 0 0 0 0 0 0 0 0 0 0 0 0 0 0 0 0 0 0 0.0625 0.0625 0.25 0.25 0.25 0.4375 0.4375 2.1875 2.1875 2.1875 6 6 9.5625 9.5625 9.5625 8.5 8.5 7.6875 7.6875 7.6875 5.0625 5.0625 3.625 3.625 3.625 3.6875 3.6875 3.375 3.375 3.375 2.8125 2.8125 4.0625 4.0625 4.0625 7.5 7.5 17.875 17.875 17.875 21.5 21.5 20.1875 20.1875 20.1875 19.0625 19.0625 19.75 19.75 19.75 16.625 16.625 14.0625 14.0625 14.0625 13.125 13.125 11.125 11.125 11.125 7.5625 7.5625 5.5 5.5
 0 0 0 0 0 0 0 0 0 0 0 0 0 0 0 0 0 0 0 0 0 0 0 0 0 0 0 0 0 0 0 0 0 0 0 0 0 0 0 0 0.0625 0.0625 0 0 0 0 0 0.0625 0.0625 0.0625 0.25 0.25 0.3125 0.3125 0.3125 0.0625 0.0625 0.125 0.125 0.125 0.0625 0.0625 0.0625 0.0625 0.0625 0.125 0.125 0.0625 0.0625 0.0625 0 0 0 0 0 0.0625 0.0625 0.0625 0.0625 0.0625 0 0 0 0 0 0 0 0 0 0 0 0 0 0 0 0 0 0 0 0 0 0 0 0 0 0 0 0.125 0.125 0.125 0.1875 0.1875 1.125 1.125 1.125 4.0625 4.0625 5.75 5.75 5.75 5.625 5.625 5.5625 5.5625 5.5625 4.9375 4.9375 3.5 3.5 3.5 2.4375 2.4375 2.375 2.375 2.375 1.875 1.875 2.5625 2.5625 2.5625 6.4375 6.4375 14.0625 14.0625 14.0625 17.1875 17.1875 16.4375 16.4375 16.4375 15.4375 15.4375 18.75 18.75 18.75 18.5 18.5 18.875 18.875 18.875 17.25 17.25 14.3125 14.3125 14.3125 10.25 10.25 7.1875 7.1875
 0 0 0 0 0 0 0 0 0 0 0 0 0 0 0 0 0 0 0 0 0 0 0 0 0 0 0 0 0 0 0 0 0 0 0 0 0 0 0 0 0.0625 0.0625 0 0 0 0 0 0.0625 0.0625 0.0625 0.25 0.25 0.3125 0.3125 0.3125 0.0625 0.0625 0.125 0.125 0.125 0.0625 0.0625 0.0625 0.0625 0.0625 0.125 0.125 0.0625 0.0625 0.0625 0 0 0 0 0 0.0625 0.0625 0.0625 0.0625 0.0625 0 0 0 0 0 0 0 0 0 0 0 0 0 0 0 0 0 0 0 0 0 0 0 0 0 0 0 0.125 0.125 0.125 0.1875 0.1875 1.125 1.125 1.125 4.0625 4.0625 5.75 5.75 5.75 5.625 5.625 5.5625 5.5625 5.5625 4.9375 4.9375 3.5 3.5 3.5 2.4375 2.4375 2.375 2.375 2.375 1.875 1.875 2.5625 2.5625 2.5625 6.4375 6.4375 14.0625 14.0625 14.0625 17.1875 17.1875 16.4375 16.4375 16.4375 15.4375 15.4375 18.75 18.75 18.75 18.5 18.5 18.875 18.875 18.875 17.25 17.25 14.3125 14.3125 14.3125 10.25 10.25 7.1875 7.1875
 0 0 0 0 0 0 0 0 0 0 0 0 0 0 0 0 0 0 0 0 0 0 0 0 0 0 0 0 0 0 0 0 0 0 0 0 0 0 0 0 0 0 0 0 0 0.0625 0.0625 0.0625 0.0625 0.0625 0.25 0.25 0.3125 0.3125 0.3125 0.1875 0.1875 0.0625 0.0625 0.0625 0.0625 0.0625 0.125 0.125 0.125 0.0625 0.0625 0.0625 0.0625 0.0625 0.0625 0.0625 0.0625 0.0625 0.0625 0.0625 0.0625 0 0 0 0 0 0 0 0 0 0 0 0 0 0 0 0 0 0 0 0 0 0 0 0 0 0 0 0 0 0 0 0 0 0.0625 0.0625 0.4375 0.4375 0.4375 2.6875 2.6875 3.9375 3.9375 3.9375 4.5625 4.5625 5.25 5.25 5.25 5 5 4.375 4.375 4.375 2.8125 2.8125 2.625 2.625 2.625 1.75 1.75 2.125 2.125 2.125 6.5 6.5 11.5625 11.5625 11.5625 13.75 13.75 11.875 11.875 11.875 11.1875 11.1875 10.375 10.375 10.375 10.125 10.125 12.8125 12.8125 12.8125 13.6875 13.6875 11.5625 11.5625 11.5625 10 10 6.75 6.75
 0 0 0 0 0 0 0 0 0 0 0 0 0 0 0 0 0 0 0 0 0 0 0 0 0 0 0 0 0 0 0 0 0 0 0 0 0 0 0 0 0 0 0 0 0 0.0625 0.0625 0.0625 0.0625 0.0625 0.25 0.25 0.3125 0.3125 0.3125 0.1875 0.1875 0.0625 0.0625 0.0625 0.0625 0.0625 0.125 0.125 0.125 0.0625 0.0625 0.0625 0.0625 0.0625 0.0625 0.0625 0.0625 0.0625 0.0625 0.0625 0.0625 0 0 0 0 0 0 0 0 0 0 0 0 0 0 0 0 0 0 0 0 0 0 0 0 0 0 0 0 0 0 0 0 0 0.0625 0.0625 0.4375 0.4375 0.4375 2.6875 2.6875 3.9375 3.9375 3.9375 4.5625 4.5625 5.25 5.25 5.25 5 5 4.375 4.375 4.375 2.8125 2.8125 2.625 2.625 2.625 1.75 1.75 2.125 2.125 2.125 6.5 6.5 11.5625 11.5625 11.5625 13.75 13.75 11.875 11.875 11.875 11.1875 11.1875 10.375 10.375 10.375 10.125 10.125 12.8125 12.8125 12.8125 13.6875 13.6875 11.5625 11.5625 11.5625 10 10 6.75 6.75
 0 0 0 0 0 0 0 0 0 0 0 0 0 0 0 0 0 0 0 0 0 0 0 0 0 0 0 0 0 0 0 0 0 0 0 0 0 0 0 0 0 0 0 0 0 0.0625 0.0625 0.0625 0.0625 0.0625 0.25 0.25 0.3125 0.3125 0.3125 0.1875 0.1875 0.0625 0.0625 0.0625 0.0625 0.0625 0.125 0.125 0.125 0.0625 0.0625 0.0625 0.0625 0.0625 0.0625 0.0625 0.0625 0.0625 0.0625 0.0625 0.0625 0 0 0 0 0 0 0 0 0 0 0 0 0 0 0 0 0 0 0 0 0 0 0 0 0 0 0 0 0 0 0 0 0 0.0625 0.0625 0.4375 0.4375 0.4375 2.6875 2.6875 3.9375 3.9375 3.9375 4.5625 4.5625 5.25 5.25 5.25 5 5 4.375 4.375 4.375 2.8125 2.8125 2.625 2.625 2.625 1.75 1.75 2.125 2.125 2.125 6.5 6.5 11.5625 11.5625 11.5625 13.75 13.75 11.875 11.875 11.875 11.1875 11.1875 10.375 10.375 10.375 10.125 10.125 12.8125 12.8125 12.8125 13.6875 13.6875 11.5625 11.5625 11.5625 10 10 6.75 6.75
 0 0 0 0 0 0 0 0 0 0 0 0 0 0 0 0 0 0 0 0 0 0 0 0 0 0 0 0 0 0 0 0 0 0 0 0 0 0 0 0 0 0 0 0 0 0.0625 0.0625 0.0625 0.0625 0.0625 0.0625 0.0625 0.125 0.125 0.125 0.125 0.125 0.125 0.125 0.125 0.1875 0.1875 0.1875 0.1875 0.1875 0.0625 0.0625 0.0625 0.0625 0.0625 0.0625 0.0625 0 0 0 0 0 0 0 0 0 0 0 0 0 0 0 0 0 0 0 0 0 0 0 0 0 0 0 0 0 0 0 0 0 0 0 0 0 0 0 0 0.125 0.125 0.125 1 1 2.875 2.875 2.875 4.25 4.25 4.6875 4.6875 4.6875 4.9375 4.9375 4.6875 4.6875 4.6875 2.9375 2.9375 2.9375 2.9375 2.9375 2.1875 2.1875 2.8125 2.8125 2.8125 6.5 6.5 10.5 10.5 10.5 12.4375 12.4375 8.125 8.125 8.125 7.9375 7.9375 8.125 8.125 8.125 4.75 4.75 3.375 3.375 3.375 3.625 3.625 4.125 4.125 4.125 6.6875 6.6875 7.3125 7.3125
 0 0 0 0 0 0 0 0 0 0 0 0 0 0 0 0 0 0 0 0 0 0 0 0 0 0 0 0 0 0 0 0 0 0 0 0 0 0 0 0 0 0 0 0 0 0.0625 0.0625 0.0625 0.0625 0.0625 0.0625 0.0625 0.125 0.125 0.125 0.125 0.125 0.125 0.125 0.125 0.1875 0.1875 0.1875 0.1875 0.1875 0.0625 0.0625 0.0625 0.0625 0.0625 0.0625 0.0625 0 0 0 0 0 0 0 0 0 0 0 0 0 0 0 0 0 0 0 0 0 0 0 0 0 0 0 0 0 0 0 0 0 0 0 0 0 0 0 0 0.125 0.125 0.125 1 1 2.875 2.875 2.875 4.25 4.25 4.6875 4.6875 4.6875 4.9375 4.9375 4.6875 4.6875 4.6875 2.9375 2.9375 2.9375 2.9375 2.9375 2.1875 2.1875 2.8125 2.8125 2.8125 6.5 6.5 10.5 10.5 10.5 12.4375 12.4375 8.125 8.125 8.125 7.9375 7.9375 8.125 8.125 8.125 4.75 4.75 3.375 3.375 3.375 3.625 3.625 4.125 4.125 4.125 6.6875 6.6875 7.3125 7.3125
 0 0 0 0 0 0 0 0 0 0 0 0 0 0 0 0 0 0 0 0 0 0 0 0 0 0 0 0 0 0 0 0 0 0 0 0 0 0 0 0 0 0 0 0 0 0 0 0 0 0 0 0 0.0625 0.0625 0.0625 0.1875 0.1875 0.4375 0.4375 0.4375 0.5625 0.5625 0.125 0.125 0.125 0.0625 0.0625 0.0625 0.0625 0.0625 0 0 0 0 0 0 0 0 0 0 0 0 0 0 0 0 0 0 0 0 0 0 0 0 0 0 0 0 0 0 0 0 0 0 0 0 0 0 0 0 0 0 0 0 0 0.1875 0.1875 2.1875 2.1875 2.1875 3.75 3.75 3.625 3.625 3.625 5.1875 5.1875 4.125 4.125 4.125 2.75 2.75 3.375 3.375 3.375 2.875 2.875 3.875 3.875 3.875 6.125 6.125 10.3125 10.3125 10.3125 10.8125 10.8125 5.6875 5.6875 5.6875 5.625 5.625 5.9375 5.9375 5.9375 3.4375 3.4375 1.25 1.25 1.25 1.125 1.125 2.125 2.125 2.125 4 4 8 8
 0 0 0 0 0 0 0 0 0 0 0 0 0 0 0 0 0 0 0 0 0 0 0 0 0 0 0 0 0 0 0 0 0 0 0 0 0 0 0 0 0 0 0 0 0 0 0 0 0 0 0 0 0.0625 0.0625 0.0625 0.1875 0.1875 0.4375 0.4375 0.4375 0.5625 0.5625 0.125 0.125 0.125 0.0625 0.0625 0.0625 0.0625 0.0625 0 0 0 0 0 0 0 0 0 0 0 0 0 0 0 0 0 0 0 0 0 0 0 0 0 0 0 0 0 0 0 0 0 0 0 0 0 0 0 0 0 0 0 0 0 0.1875 0.1875 2.1875 2.1875 2.1875 3.75 3.75 3.625 3.625 3.625 5.1875 5.1875 4.125 4.125 4.125 2.75 2.75 3.375 3.375 3.375 2.875 2.875 3.875 3.875 3.875 6.125 6.125 10.3125 10.3125 10.3125 10.8125 10.8125 5.6875 5.6875 5.6875 5.625 5.625 5.9375 5.9375 5.9375 3.4375 3.4375 1.25 1.25 1.25 1.125 1.125 2.125 2.125 2.125 4 4 8 8
 0 0 0 0 0 0 0 0 0 0 0 0 0 0 0 0 0 0 0 0 0 0 0 0 0 0 0 0 0 0 0 0 0 0 0 0 0 0 0 0 0 0 0 0 0 0 0 0 0 0 0 0 0.0625 0.0625 0.0625 0.1875 0.1875 0.4375 0.4375 0.4375 0.5625 0.5625 0.125 0.125 0.125 0.0625 0.0625 0.0625 0.0625 0.0625 0 0 0 0 0 0 0 0 0 0 0 0 0 0 0 0 0 0 0 0 0 0 0 0 0 0 0 0 0 0 0 0 0 0 0 0 0 0 0 0 0 0 0 0 0 0.1875 0.1875 2.1875 2.1875 2.1875 3.75 3.75 3.625 3.625 3.625 5.1875 5.1875 4.125 4.125 4.125 2.75 2.75 3.375 3.375 3.375 2.875 2.875 3.875 3.875 3.875 6.125 6.125 10.3125 10.3125 10.3125 10.8125 10.8125 5.6875 5.6875 5.6875 5.625 5.625 5.9375 5.9375 5.9375 3.4375 3.4375 1.25 1.25 1.25 1.125 1.125 2.125 2.125 2.125 4 4 8 8
 0 0 0 0 0 0 0 0 0 0 0 0 0 0 0 0 0 0 0 0 0 0 0 0 0 0 0 0 0 0 0 0 0 0 0 0 0 0 0 0 0 0 0 0 0 0 0 0 0 0 0 0 0.0625 0.0625 0.0625 0.25 0.25 0.4375 0.4375 0.4375 0.3125 0.3125 0.0625 0.0625 0.0625 0.0625 0.0625 0.0625 0.0625 0.0625 0 0 0 0 0 0 0 0 0 0 0 0 0 0 0 0 0 0 0 0 0 0 0 0 0 0 0 0 0 0 0 0 0 0 0 0 0 0 0 0 0 0 0 0 0 0.125 0.125 1.9375 1.9375 1.9375 2.8125 2.8125 3 3 3 5.1875 5.1875 3.375 3.375 3.375 2.875 2.875 3.5625 3.5625 3.5625 3.5 3.5 4 4 4 5.625 5.625 9.625 9.625 9.625 7.375 7.375 3.625 3.625 3.625 2.4375 2.4375 1.75 1.75 1.75 1.5625 1.5625 0.5 0.5 0.5 0.875 0.875 2.1875 2.1875 2.1875 2.5625 2.5625 3.375 3.375
 0 0 0 0 0 0 0 0 0 0 0 0 0 0 0 0 0 0 0 0 0 0 0 0 0 0 0 0 0 0 0 0 0 0 0 0 0 0 0 0 0 0 0 0 0 0 0 0 0 0 0 0 0.0625 0.0625 0.0625 0.25 0.25 0.4375 0.4375 0.4375 0.3125 0.3125 0.0625 0.0625 0.0625 0.0625 0.0625 0.0625 0.0625 0.0625 0 0 0 0 0 0 0 0 0 0 0 0 0 0 0 0 0 0 0 0 0 0 0 0 0 0 0 0 0 0 0 0 0 0 0 0 0 0 0 0 0 0 0 0 0 0.125 0.125 1.9375 1.9375 1.9375 2.8125 2.8125 3 3 3 5.1875 5.1875 3.375 3.375 3.375 2.875 2.875 3.5625 3.5625 3.5625 3.5 3.5 4 4 4 5.625 5.625 9.625 9.625 9.625 7.375 7.375 3.625 3.625 3.625 2.4375 2.4375 1.75 1.75 1.75 1.5625 1.5625 0.5 0.5 0.5 0.875 0.875 2.1875 2.1875 2.1875 2.5625 2.5625 3.375 3.375
 0 0 0 0 0 0 0 0 0 0 0 0 0 0 0 0 0 0 0 0 0 0 0 0 0 0 0 0 0 0 0 0 0 0 0 0 0 0 0 0 0 0 0 0 0 0 0 0 0 0 0 0 0.0625 0.0625 0.0625 0.125 0.125 0.1875 0.1875 0.1875 0.0625 0.0625 0.0625 0.0625 0.0625 0.0625 0.0625 0.0625 0.0625 0.0625 0 0 0 0 0 0 0 0 0 0 0 0 0 0 0 0 0 0 0 0 0 0 0 0 0 0 0 0 0 0 0 0 0 0 0 0 0 0 0 0 0 0 0 0 0 0.25 0.25 1.5 1.5 1.5 1.6875 1.6875 2.9375 2.9375 2.9375 4.4375 4.4375 2.6875 2.6875 2.6875 3.375 3.375 4.0625 4.0625 4.0625 4.0625 4.0625 4.125 4.125 4.125 5.4375 5.4375 7 7 7 4.625 4.625 2 2 2 0.75 0.75 0.875 0.875 0.875 1.6875 1.6875 1.4375 1.4375 1.4375 0.5625 0.5625 1.0625 1.0625 1.0625 2.375 2.375 4.3125 4.3125
 0 0 0 0 0 0 0 0 0 0 0 0 0 0 0 0 0 0 0 0 0 0 0 0 0 0 0 0 0 0 0 0 0 0 0 0 0 0 0 0 0 0 0 0 0 0 0 0 0 0 0 0 0.0625 0.0625 0.0625 0.125 0.125 0.1875 0.1875 0.1875 0.0625 0.0625 0.0625 0.0625 0.0625 0.0625 0.0625 0.0625 0.0625 0.0625 0 0 0 0 0 0 0 0 0 0 0 0 0 0 0 0 0 0 0 0 0 0 0 0 0 0 0 0 0 0 0 0 0 0 0 0 0 0 0 0 0 0 0 0 0 0.25 0.25 1.5 1.5 1.5 1.6875 1.6875 2.9375 2.9375 2.9375 4.4375 4.4375 2.6875 2.6875 2.6875 3.375 3.375 4.0625 4.0625 4.0625 4.0625 4.0625 4.125 4.125 4.125 5.4375 5.4375 7 7 7 4.625 4.625 2 2 2 0.75 0.75 0.875 0.875 0.875 1.6875 1.6875 1.4375 1.4375 1.4375 0.5625 0.5625 1.0625 1.0625 1.0625 2.375 2.375 4.3125 4.3125
 0 0 0 0 0 0 0 0 0 0 0 0 0 0 0 0 0 0 0 0 0 0 0 0 0 0 0 0 0 0 0 0 0 0 0 0 0 0 0 0 0 0 0 0 0 0 0 0 0 0 0 0 0.0625 0.0625 0.0625 0.125 0.125 0.1875 0.1875 0.1875 0.0625 0.0625 0.0625 0.0625 0.0625 0.0625 0.0625 0.0625 0.0625 0.0625 0 0 0 0 0 0 0 0 0 0 0 0 0 0 0 0 0 0 0 0 0 0 0 0 0 0 0 0 0 0 0 0 0 0 0 0 0 0 0 0 0 0 0 0 0 0.25 0.25 1.5 1.5 1.5 1.6875 1.6875 2.9375 2.9375 2.9375 4.4375 4.4375 2.6875 2.6875 2.6875 3.375 3.375 4.0625 4.0625 4.0625 4.0625 4.0625 4.125 4.125 4.125 5.4375 5.4375 7 7 7 4.625 4.625 2 2 2 0.75 0.75 0.875 0.875 0.875 1.6875 1.6875 1.4375 1.4375 1.4375 0.5625 0.5625 1.0625 1.0625 1.0625 2.375 2.375 4.3125 4.3125
 0 0 0 0 0 0 0 0 0 0 0 0 0 0 0 0 0 0 0 0 0 0 0 0 0 0 0 0 0 0 0 0 0 0 0 0 0 0 0 0 0 0 0 0 0 0 0 0 0 0 0 0 0 0 0 0.0625 0.0625 0.125 0.125 0.125 0.125 0.125 0.125 0.125 0.125 0.0625 0.0625 0 0 0 0 0 0 0 0 0 0 0 0 0 0 0 0 0 0 0 0 0 0 0 0 0 0 0 0 0 0 0 0 0 0 0 0 0 0 0 0 0 0 0 0 0 0 0 0 0.6875 0.6875 1.125 1.125 1.125 1.9375 1.9375 4.125 4.125 4.125 4.125 4.125 2.1875 2.1875 2.1875 3.8125 3.8125 5 5 5 4.9375 4.9375 5.0625 5.0625 5.0625 4.6875 4.6875 3.75 3.75 3.75 2.625 2.625 1.3125 1.3125 1.3125 0.75 0.75 1.125 1.125 1.125 1.9375 1.9375 2.375 2.375 2.375 1.5 1.5 0.875 0.875 0.875 2.5625 2.5625 5.25 5.25
 0 0 0 0 0 0 0 0 0 0 0 0 0 0 0 0 0 0 0 0 0 0 0 0 0 0 0 0 0 0 0 0 0 0 0 0 0 0 0 0 0 0 0 0 0 0 0 0 0 0 0 0 0 0 0 0.0625 0.0625 0.125 0.125 0.125 0.125 0.125 0.125 0.125 0.125 0.0625 0.0625 0 0 0 0 0 0 0 0 0 0 0 0 0 0 0 0 0 0 0 0 0 0 0 0 0 0 0 0 0 0 0 0 0 0 0 0 0 0 0 0 0 0 0 0 0 0 0 0 0.6875 0.6875 1.125 1.125 1.125 1.9375 1.9375 4.125 4.125 4.125 4.125 4.125 2.1875 2.1875 2.1875 3.8125 3.8125 5 5 5 4.9375 4.9375 5.0625 5.0625 5.0625 4.6875 4.6875 3.75 3.75 3.75 2.625 2.625 1.3125 1.3125 1.3125 0.75 0.75 1.125 1.125 1.125 1.9375 1.9375 2.375 2.375 2.375 1.5 1.5 0.875 0.875 0.875 2.5625 2.5625 5.25 5.25
 0 0 0 0 0 0 0 0 0 0 0 0 0 0 0 0 0 0 0 0 0 0 0 0 0 0 0 0 0 0 0 0 0 0 0 0 0 0 0 0 0 0 0 0 0 0 0 0 0 0 0 0 0.0625 0.0625 0.0625 0.0625 0.0625 0.125 0.125 0.125 0.25 0.25 0.3125 0.3125 0.3125 0.1875 0.1875 0 0 0 0 0 0 0 0 0 0 0 0 0 0 0 0 0 0 0 0 0 0 0 0 0 0 0 0 0 0 0 0 0 0 0 0 0 0 0 0 0 0 0 0 0 0.25 0.25 0.25 1.0625 1.0625 0.5 0.5 0.5 2.375 2.375 4.3125 4.3125 4.3125 4.3125 4.3125 3.6875 3.6875 3.6875 4.5 4.5 5.375 5.375 5.375 4.9375 4.9375 5.25 5.25 5.25 3.5 3.5 2 2 2 1.8125 1.8125 1.0625 1.0625 1.0625 0.8125 0.8125 1.625 1.625 1.625 2.0625 2.0625 2.5 2.5 2.5 2.6875 2.6875 2.1875 2.1875 2.1875 1.3125 1.3125 1.8125 1.8125
 0 0 0 0 0 0 0 0 0 0 0 0 0 0 0 0 0 0 0 0 0 0 0 0 0 0 0 0 0 0 0 0 0 0 0 0 0 0 0 0 0 0 0 0 0 0 0 0 0 0 0 0 0.0625 0.0625 0.0625 0.0625 0.0625 0.125 0.125 0.125 0.25 0.25 0.3125 0.3125 0.3125 0.1875 0.1875 0 0 0 0 0 0 0 0 0 0 0 0 0 0 0 0 0 0 0 0 0 0 0 0 0 0 0 0 0 0 0 0 0 0 0 0 0 0 0 0 0 0 0 0 0 0.25 0.25 0.25 1.0625 1.0625 0.5 0.5 0.5 2.375 2.375 4.3125 4.3125 4.3125 4.3125 4.3125 3.6875 3.6875 3.6875 4.5 4.5 5.375 5.375 5.375 4.9375 4.9375 5.25 5.25 5.25 3.5 3.5 2 2 2 1.8125 1.8125 1.0625 1.0625 1.0625 0.8125 0.8125 1.625 1.625 1.625 2.0625 2.0625 2.5 2.5 2.5 2.6875 2.6875 2.1875 2.1875 2.1875 1.3125 1.3125 1.8125 1.8125
 0 0 0 0 0 0 0 0 0 0 0 0 0 0 0 0 0 0 0 0 0 0 0 0 0 0 0 0 0 0 0 0 0 0 0 0 0 0 0 0 0 0 0 0 0 0 0 0 0 0 0 0 0.0625 0.0625 0.0625 0.0625 0.0625 0.125 0.125 0.125 0.25 0.25 0.3125 0.3125 0.3125 0.1875 0.1875 0 0 0 0 0 0 0 0 0 0 0 0 0 0 0 0 0 0 0 0 0 0 0 0 0 0 0 0 0 0 0 0 0 0 0 0 0 0 0 0 0 0 0 0 0 0.25 0.25 0.25 1.0625 1.0625 0.5 0.5 0.5 2.375 2.375 4.3125 4.3125 4.3125 4.3125 4.3125 3.6875 3.6875 3.6875 4.5 4.5 5.375 5.375 5.375 4.9375 4.9375 5.25 5.25 5.25 3.5 3.5 2 2 2 1.8125 1.8125 1.0625 1.0625 1.0625 0.8125 0.8125 1.625 1.625 1.625 2.0625 2.0625 2.5 2.5 2.5 2.6875 2.6875 2.1875 2.1875 2.1875 1.3125 1.3125 1.8125 1.8125
 0 0 0 0 0 0 0 0 0 0 0 0 0 0 0 0 0 0 0 0 0 0 0 0 0 0 0 0 0 0 0 0 0 0 0 0 0 0 0 0 0.0625 0.0625 0.0625 0.0625 0.0625 0 0 0 0 0 0 0 0.0625 0.0625 0.0625 0.125 0.125 0.0625 0.0625 0.0625 0.125 0.125 0.25 0.25 0.25 0.125 0.125 0 0 0 0 0 0 0 0 0 0 0 0 0 0 0 0 0 0 0 0 0 0 0 0 0 0 0 0 0 0 0 0 0 0 0 0 0 0 0 0 0 0 0 0 0 0.375 0.375 0.375 0.4375 0.4375 0.5625 0.5625 0.5625 2.25 2.25 2.8125 2.8125 2.8125 3.375 3.375 4.4375 4.4375 4.4375 5.0625 5.0625 5 5 5 4.5 4.5 4.5625 4.5625 4.5625 2.6875 2.6875 1.0625 1.0625 1.0625 1.25 1.25 0.9375 0.9375 0.9375 0.75 0.75 1.3125 1.3125 1.3125 2.125 2.125 2.375 2.375 2.375 2.6875 2.6875 3.25 3.25 3.25 2.3125 2.3125 0.875 0.875
 0 0 0 0 0 0 0 0 0 0 0 0 0 0 0 0 0 0 0 0 0 0 0 0 0 0 0 0 0 0 0 0 0 0 0 0 0 0 0 0 0.0625 0.0625 0.0625 0.0625 0.0625 0 0 0 0 0 0 0 0.0625 0.0625 0.0625 0.125 0.125 0.0625 0.0625 0.0625 0.125 0.125 0.25 0.25 0.25 0.125 0.125 0 0 0 0 0 0 0 0 0 0 0 0 0 0 0 0 0 0 0 0 0 0 0 0 0 0 0 0 0 0 0 0 0 0 0 0 0 0 0 0 0 0 0 0 0 0.375 0.375 0.375 0.4375 0.4375 0.5625 0.5625 0.5625 2.25 2.25 2.8125 2.8125 2.8125 3.375 3.375 4.4375 4.4375 4.4375 5.0625 5.0625 5 5 5 4.5 4.5 4.5625 4.5625 4.5625 2.6875 2.6875 1.0625 1.0625 1.0625 1.25 1.25 0.9375 0.9375 0.9375 0.75 0.75 1.3125 1.3125 1.3125 2.125 2.125 2.375 2.375 2.375 2.6875 2.6875 3.25 3.25 3.25 2.3125 2.3125 0.875 0.875
 0 0 0 0 0 0 0 0 0 0 0 0 0 0 0 0 0 0 0 0 0 0 0 0 0 0 0 0 0 0 0 0 0 0 0 0 0 0 0 0 0.0625 0.0625 0.0625 0.0625 0.0625 0 0 0 0 0 0 0 0.0625 0.0625 0.0625 0.0625 0.0625 0.0625 0.0625 0.0625 0.0625 0.0625 0.0625 0.0625 0.0625 0 0 0 0 0 0 0 0 0 0 0 0 0 0 0 0 0 0 0 0 0 0 0 0 0 0 0 0 0 0 0 0 0 0 0 0 0 0 0 0 0 0 0 0 0 0.0625 0.0625 0.125 0.125 0.125 0.0625 0.0625 0.75 0.75 0.75 1.6875 1.6875 2.375 2.375 2.375 3.75 3.75 4.1875 4.1875 4.1875 4.5625 4.5625 4.25 4.25 4.25 4 4 4.125 4.125 4.125 2.6875 2.6875 0.9375 0.9375 0.9375 0.875 0.875 1 1 1 0.75 0.75 1.0625 1.0625 1.0625 1.75 1.75 2 2 2 2.125 2.125 2.4375 2.4375 2.4375 2.8125 2.8125 2.625 2.625
 0 0 0 0 0 0 0 0 0 0 0 0 0 0 0 0 0 0 0 0 0 0 0 0 0 0 0 0 0 0 0 0 0 0 0 0 0 0 0 0 0.0625 0.0625 0.0625 0.0625 0.0625 0 0 0 0 0 0 0 0.0625 0.0625 0.0625 0.0625 0.0625 0.0625 0.0625 0.0625 0.0625 0.0625 0.0625 0.0625 0.0625 0 0 0 0 0 0 0 0 0 0 0 0 0 0 0 0 0 0 0 0 0 0 0 0 0 0 0 0 0 0 0 0 0 0 0 0 0 0 0 0 0 0 0 0 0 0.0625 0.0625 0.125 0.125 0.125 0.0625 0.0625 0.75 0.75 0.75 1.6875 1.6875 2.375 2.375 2.375 3.75 3.75 4.1875 4.1875 4.1875 4.5625 4.5625 4.25 4.25 4.25 4 4 4.125 4.125 4.125 2.6875 2.6875 0.9375 0.9375 0.9375 0.875 0.875 1 1 1 0.75 0.75 1.0625 1.0625 1.0625 1.75 1.75 2 2 2 2.125 2.125 2.4375 2.4375 2.4375 2.8125 2.8125 2.625 2.625
 0 0 0 0 0 0 0 0 0 0 0 0 0 0 0 0 0 0 0 0 0 0 0 0 0 0 0 0 0 0 0 0 0 0 0 0 0 0 0 0 0.0625 0.0625 0.0625 0.0625 0.0625 0 0 0 0 0 0 0 0.0625 0.0625 0.0625 0.0625 0.0625 0.0625 0.0625 0.0625 0.0625 0.0625 0.0625 0.0625 0.0625 0 0 0 0 0 0 0 0 0 0 0 0 0 0 0 0 0 0 0 0 0 0 0 0 0 0 0 0 0 0 0 0 0 0 0 0 0 0 0 0 0 0 0 0 0 0.0625 0.0625 0.125 0.125 0.125 0.0625 0.0625 0.75 0.75 0.75 1.6875 1.6875 2.375 2.375 2.375 3.75 3.75 4.1875 4.1875 4.1875 4.5625 4.5625 4.25 4.25 4.25 4 4 4.125 4.125 4.125 2.6875 2.6875 0.9375 0.9375 0.9375 0.875 0.875 1 1 1 0.75 0.75 1.0625 1.0625 1.0625 1.75 1.75 2 2 2 2.125 2.125 2.4375 2.4375 2.4375 2.8125 2.8125 2.625 2.625
 0 0 0 0 0 0 0 0 0 0 0 0 0 0 0 0 0 0 0 0 0 0 0 0 0 0 0 0 0 0 0 0 0 0 0 0 0 0 0 0 0 0 0.0625 0.0625 0.0625 0 0 0 0 0 0 0 0.0625 0.0625 0.0625 0.0625 0.0625 0.0625 0.0625 0.0625 0.0625 0.0625 0 0 0 0 0 0 0 0 0 0 0 0 0 0 0 0 0 0 0 0 0 0 0 0 0 0 0 0 0 0 0 0 0 0 0 0 0 0 0 0 0 0 0 0 0 0 0 0 0.0625 0.0625 0 0 0 0.0625 0.0625 0.9375 0.9375 0.9375 1.6875 1.6875 2.0625 2.0625 2.0625 3.75 3.75 4.625 4.625 4.625 4.75 4.75 4.0625 4.0625 4.0625 3.6875 3.6875 4 4 4 2.875 2.875 0.8125 0.8125 0.8125 0.75 0.75 1.0625 1.0625 1.0625 0.625 0.625 0.875 0.875 0.875 1.125 1.125 1.4375 1.4375 1.4375 1.75 1.75 2 2 2 2.4375 2.4375 2.375 2.375
 0 0 0 0 0 0 0 0 0 0 0 0 0 0 0 0 0 0 0 0 0 0 0 0 0 0 0 0 0 0 0 0 0 0 0 0 0 0 0 0 0 0 0.0625 0.0625 0.0625 0 0 0 0 0 0 0 0.0625 0.0625 0.0625 0.0625 0.0625 0.0625 0.0625 0.0625 0.0625 0.0625 0 0 0 0 0 0 0 0 0 0 0 0 0 0 0 0 0 0 0 0 0 0 0 0 0 0 0 0 0 0 0 0 0 0 0 0 0 0 0 0 0 0 0 0 0 0 0 0 0.0625 0.0625 0 0 0 0.0625 0.0625 0.9375 0.9375 0.9375 1.6875 1.6875 2.0625 2.0625 2.0625 3.75 3.75 4.625 4.625 4.625 4.75 4.75 4.0625 4.0625 4.0625 3.6875 3.6875 4 4 4 2.875 2.875 0.8125 0.8125 0.8125 0.75 0.75 1.0625 1.0625 1.0625 0.625 0.625 0.875 0.875 0.875 1.125 1.125 1.4375 1.4375 1.4375 1.75 1.75 2 2 2 2.4375 2.4375 2.375 2.375
 0 0 0 0 0 0 0 0 0 0 0 0 0 0 0 0 0 0 0 0 0 0 0 0 0 0 0 0 0 0 0 0 0 0 0 0 0 0 0 0 0 0 0 0 0 0 0 0 0 0 0.0625 0.0625 0.125 0.125 0.125 0.0625 0.0625 0.0625 0.0625 0.0625 0.0625 0.0625 0 0 0 0 0 0 0 0 0 0 0 0 0 0 0 0 0 0 0 0 0 0 0 0 0 0 0 0 0 0 0 0 0 0 0 0 0 0 0 0 0 0 0 0 0 0 0 0 0 0 0 0 0 0.1875 0.1875 0.9375 0.9375 0.9375 1.5 1.5 2.0625 2.0625 2.0625 3.625 3.625 4.6875 4.6875 4.6875 4.25 4.25 3.8125 3.8125 3.8125 3.875 3.875 4.5625 4.5625 4.5625 2.5625 2.5625 0.75 0.75 0.75 0.6875 0.6875 0.8125 0.8125 0.8125 0.5625 0.5625 0.4375 0.4375 0.4375 0.5 0.5 1.25 1.25 1.25 1.75 1.75 1.75 1.75 1.75 1.75 1.75 1.9375 1.9375
 0 0 0 0 0 0 0 0 0 0 0 0 0 0 0 0 0 0 0 0 0 0 0 0 0 0 0 0 0 0 0 0 0 0 0 0 0 0 0 0 0 0 0 0 0 0 0 0 0 0 0.0625 0.0625 0.125 0.125 0.125 0.0625 0.0625 0.0625 0.0625 0.0625 0.0625 0.0625 0 0 0 0 0 0 0 0 0 0 0 0 0 0 0 0 0 0 0 0 0 0 0 0 0 0 0 0 0 0 0 0 0 0 0 0 0 0 0 0 0 0 0 0 0 0 0 0 0 0 0 0 0 0.1875 0.1875 0.9375 0.9375 0.9375 1.5 1.5 2.0625 2.0625 2.0625 3.625 3.625 4.6875 4.6875 4.6875 4.25 4.25 3.8125 3.8125 3.8125 3.875 3.875 4.5625 4.5625 4.5625 2.5625 2.5625 0.75 0.75 0.75 0.6875 0.6875 0.8125 0.8125 0.8125 0.5625 0.5625 0.4375 0.4375 0.4375 0.5 0.5 1.25 1.25 1.25 1.75 1.75 1.75 1.75 1.75 1.75 1.75 1.9375 1.9375
 0 0 0 0 0 0 0 0 0 0 0 0 0 0 0 0 0 0 0 0 0 0 0 0 0 0 0 0 0 0 0 0 0 0 0 0 0 0 0 0 0 0 0 0 0 0 0 0 0 0 0.0625 0.0625 0.125 0.125 0.125 0.0625 0.0625 0.0625 0.0625 0.0625 0.0625 0.0625 0 0 0 0 0 0 0 0 0 0 0 0 0 0 0 0 0 0 0 0 0 0 0 0 0 0 0 0 0 0 0 0 0 0 0 0 0 0 0 0 0 0 0 0 0 0 0 0 0 0 0 0 0 0.1875 0.1875 0.9375 0.9375 0.9375 1.5 1.5 2.0625 2.0625 2.0625 3.625 3.625 4.6875 4.6875 4.6875 4.25 4.25 3.8125 3.8125 3.8125 3.875 3.875 4.5625 4.5625 4.5625 2.5625 2.5625 0.75 0.75 0.75 0.6875 0.6875 0.8125 0.8125 0.8125 0.5625 0.5625 0.4375 0.4375 0.4375 0.5 0.5 1.25 1.25 1.25 1.75 1.75 1.75 1.75 1.75 1.75 1.75 1.9375 1.9375
 0 0 0 0 0 0 0 0 0 0 0 0 0 0 0 0 0 0 0 0 0 0 0 0 0 0 0 0 0 0 0 0 0 0 0 0 0 0 0 0 0 0 0 0 0 0 0 0 0 0 0.125 0.125 0.25 0.25 0.25 0.125 0.125 0.0625 0.0625 0.0625 0 0 0 0 0 0 0 0 0 0 0 0 0 0 0 0 0 0 0 0 0 0 0 0 0 0 0 0 0 0 0 0 0 0 0 0 0 0 0 0 0 0 0 0 0 0 0 0 0 0 0 0 0.0625 0.0625 0.0625 0.4375 0.4375 1.125 1.125 1.125 1.5 1.5 3.125 3.125 3.125 4.0625 4.0625 4.125 4.125 4.125 3.875 3.875 3.5625 3.5625 3.5625 4.75 4.75 5 5 5 1.5625 1.5625 0.5625 0.5625 0.5625 0.6875 0.6875 0.8125 0.8125 0.8125 0.625 0.625 0.375 0.375 0.375 0.5625 0.5625 1.375 1.375 1.375 1.625 1.625 1.75 1.75 1.75 1.5 1.5 1.6875 1.6875
 0 0 0 0 0 0 0 0 0 0 0 0 0 0 0 0 0 0 0 0 0 0 0 0 0 0 0 0 0 0 0 0 0 0 0 0 0 0 0 0 0 0 0 0 0 0 0 0 0 0 0.125 0.125 0.25 0.25 0.25 0.125 0.125 0.0625 0.0625 0.0625 0 0 0 0 0 0 0 0 0 0 0 0 0 0 0 0 0 0 0 0 0 0 0 0 0 0 0 0 0 0 0 0 0 0 0 0 0 0 0 0 0 0 0 0 0 0 0 0 0 0 0 0 0.0625 0.0625 0.0625 0.4375 0.4375 1.125 1.125 1.125 1.5 1.5 3.125 3.125 3.125 4.0625 4.0625 4.125 4.125 4.125 3.875 3.875 3.5625 3.5625 3.5625 4.75 4.75 5 5 5 1.5625 1.5625 0.5625 0.5625 0.5625 0.6875 0.6875 0.8125 0.8125 0.8125 0.625 0.625 0.375 0.375 0.375 0.5625 0.5625 1.375 1.375 1.375 1.625 1.625 1.75 1.75 1.75 1.5 1.5 1.6875 1.6875
 0 0 0 0 0 0 0 0 0 0 0 0 0 0 0 0 0 0 0 0 0 0 0 0 0 0 0 0 0 0 0 0 0 0 0 0 0 0 0 0 0 0 0 0 0 0 0 0 0 0 0.25 0.25 0.25 0.25 0.25 0.125 0.125 0.125 0.125 0.125 0 0 0 0 0 0 0 0 0 0 0 0 0 0 0 0 0 0 0 0 0 0 0 0 0 0 0 0 0 0 0 0 0 0 0 0 0 0 0 0 0 0 0 0 0 0 0 0 0 0 0 0 0.1875 0.1875 0.1875 0.9375 0.9375 1.1875 1.1875 1.1875 2.125 2.125 3.5625 3.5625 3.5625 3.5625 3.5625 3.625 3.625 3.625 3.5 3.5 3.625 3.625 3.625 5.625 5.625 3.8125 3.8125 3.8125 0.625 0.625 0.3125 0.3125 0.3125 0.5 0.5 0.6875 0.6875 0.6875 0.5 0.5 0.25 0.25 0.25 0.8125 0.8125 1.25 1.25 1.25 1.6875 1.6875 1.8125 1.8125 1.8125 1.5 1.5 1.5625 1.5625
 0 0 0 0 0 0 0 0 0 0 0 0 0 0 0 0 0 0 0 0 0 0 0 0 0 0 0 0 0 0 0 0 0 0 0 0 0 0 0 0 0 0 0 0 0 0 0 0 0 0 0.25 0.25 0.25 0.25 0.25 0.125 0.125 0.125 0.125 0.125 0 0 0 0 0 0 0 0 0 0 0 0 0 0 0 0 0 0 0 0 0 0 0 0 0 0 0 0 0 0 0 0 0 0 0 0 0 0 0 0 0 0 0 0 0 0 0 0 0 0 0 0 0.1875 0.1875 0.1875 0.9375 0.9375 1.1875 1.1875 1.1875 2.125 2.125 3.5625 3.5625 3.5625 3.5625 3.5625 3.625 3.625 3.625 3.5 3.5 3.625 3.625 3.625 5.625 5.625 3.8125 3.8125 3.8125 0.625 0.625 0.3125 0.3125 0.3125 0.5 0.5 0.6875 0.6875 0.6875 0.5 0.5 0.25 0.25 0.25 0.8125 0.8125 1.25 1.25 1.25 1.6875 1.6875 1.8125 1.8125 1.8125 1.5 1.5 1.5625 1.5625
 0 0 0 0 0 0 0 0 0 0 0 0 0 0 0 0 0 0 0 0 0 0 0 0 0 0 0 0 0 0 0 0 0 0 0 0 0 0 0 0 0 0 0 0 0 0 0 0 0 0 0.25 0.25 0.25 0.25 0.25 0.125 0.125 0.125 0.125 0.125 0 0 0 0 0 0 0 0 0 0 0 0 0 0 0 0 0 0 0 0 0 0 0 0 0 0 0 0 0 0 0 0 0 0 0 0 0 0 0 0 0 0 0 0 0 0 0 0 0 0 0 0 0.1875 0.1875 0.1875 0.9375 0.9375 1.1875 1.1875 1.1875 2.125 2.125 3.5625 3.5625 3.5625 3.5625 3.5625 3.625 3.625 3.625 3.5 3.5 3.625 3.625 3.625 5.625 5.625 3.8125 3.8125 3.8125 0.625 0.625 0.3125 0.3125 0.3125 0.5 0.5 0.6875 0.6875 0.6875 0.5 0.5 0.25 0.25 0.25 0.8125 0.8125 1.25 1.25 1.25 1.6875 1.6875 1.8125 1.8125 1.8125 1.5 1.5 1.5625 1.5625
 0 0 0 0 0 0 0 0 0 0 0 0 0 0 0 0 0 0 0 0 0 0 0 0 0 0 0 0 0 0 0 0 0 0 0 0 0 0 0 0 0 0 0 0 0 0 0 0 0 0 0.0625 0.0625 0.125 0.125 0.125 0.125 0.125 0.0625 0.0625 0.0625 0 0 0 0 0 0 0 0 0 0 0 0 0 0 0 0 0 0 0 0 0 0 0 0 0 0 0 0 0 0 0 0 0 0 0 0 0 0 0 0 0 0 0 0 0 0 0 0 0 0 0.0625 0.0625 0.5625 0.5625 0.5625 1.4375 1.4375 1.4375 1.4375 1.4375 2.5 2.5 3.125 3.125 3.125 3.5625 3.5625 3.9375 3.9375 3.9375 3.4375 3.4375 5.125 5.125 5.125 6.1875 6.1875 1.8125 1.8125 1.8125 0.125 0.125 0.125 0.125 0.125 0.25 0.25 0.25 0.25 0.25 0.1875 0.1875 0.375 0.375 0.375 0.875 0.875 1.625 1.625 1.625 2.25 2.25 2.4375 2.4375 2.4375 2.0625 2.0625 1.6875 1.6875
 0 0 0 0 0 0 0 0 0 0 0 0 0 0 0 0 0 0 0 0 0 0 0 0 0 0 0 0 0 0 0 0 0 0 0 0 0 0 0 0 0 0 0 0 0 0 0 0 0 0 0.0625 0.0625 0.125 0.125 0.125 0.125 0.125 0.0625 0.0625 0.0625 0 0 0 0 0 0 0 0 0 0 0 0 0 0 0 0 0 0 0 0 0 0 0 0 0 0 0 0 0 0 0 0 0 0 0 0 0 0 0 0 0 0 0 0 0 0 0 0 0 0 0.0625 0.0625 0.5625 0.5625 0.5625 1.4375 1.4375 1.4375 1.4375 1.4375 2.5 2.5 3.125 3.125 3.125 3.5625 3.5625 3.9375 3.9375 3.9375 3.4375 3.4375 5.125 5.125 5.125 6.1875 6.1875 1.8125 1.8125 1.8125 0.125 0.125 0.125 0.125 0.125 0.25 0.25 0.25 0.25 0.25 0.1875 0.1875 0.375 0.375 0.375 0.875 0.875 1.625 1.625 1.625 2.25 2.25 2.4375 2.4375 2.4375 2.0625 2.0625 1.6875 1.6875
 0 0 0 0 0 0 0 0 0 0 0 0 0 0 0 0 0 0 0 0 0 0 0 0 0 0 0 0 0 0 0 0 0 0 0 0 0 0 0 0 0 0 0 0 0 0 0 0 0 0 0 0 0.0625 0.0625 0.0625 0.0625 0.0625 0 0 0 0 0 0 0 0 0 0 0 0 0 0 0 0 0 0 0 0 0 0 0 0 0 0 0 0 0 0 0 0 0 0 0 0 0 0 0 0 0 0 0 0 0 0 0 0 0 0 0 0 0 0.1875 0.1875 0.875 0.875 0.875 1.3125 1.3125 1.5 1.5 1.5 2.0625 2.0625 2.75 2.75 2.75 4.25 4.25 4.0625 4.0625 4.0625 4.3125 4.3125 8.25 8.25 8.25 5.25 5.25 0.625 0.625 0.625 0 0 0 0 0 0 0 0 0 0 0.125 0.125 0.375 0.375 0.375 1 1 2.25 2.25 2.25 3 3 3.0625 3.0625 3.0625 2.1875 2.1875 1.5 1.5
 0 0 0 0 0 0 0 0 0 0 0 0 0 0 0 0 0 0 0 0 0 0 0 0 0 0 0 0 0 0 0 0 0 0 0 0 0 0 0 0 0 0 0 0 0 0 0 0 0 0 0 0 0.0625 0.0625 0.0625 0.0625 0.0625 0 0 0 0 0 0 0 0 0 0 0 0 0 0 0 0 0 0 0 0 0 0 0 0 0 0 0 0 0 0 0 0 0 0 0 0 0 0 0 0 0 0 0 0 0 0 0 0 0 0 0 0 0 0.1875 0.1875 0.875 0.875 0.875 1.3125 1.3125 1.5 1.5 1.5 2.0625 2.0625 2.75 2.75 2.75 4.25 4.25 4.0625 4.0625 4.0625 4.3125 4.3125 8.25 8.25 8.25 5.25 5.25 0.625 0.625 0.625 0 0 0 0 0 0 0 0 0 0 0.125 0.125 0.375 0.375 0.375 1 1 2.25 2.25 2.25 3 3 3.0625 3.0625 3.0625 2.1875 2.1875 1.5 1.5
 0 0 0 0 0 0 0 0 0 0 0 0 0 0 0 0 0 0 0 0 0 0 0 0 0 0 0 0 0 0 0 0 0 0 0 0 0 0 0 0 0 0 0 0 0 0 0 0 0 0 0 0 0.0625 0.0625 0.0625 0.0625 0.0625 0 0 0 0 0 0 0 0 0 0 0 0 0 0 0 0 0 0 0 0 0 0 0 0 0 0 0 0 0 0 0 0 0 0 0 0 0 0 0 0 0 0 0 0 0 0 0 0 0 0 0 0 0 0.1875 0.1875 0.875 0.875 0.875 1.3125 1.3125 1.5 1.5 1.5 2.0625 2.0625 2.75 2.75 2.75 4.25 4.25 4.0625 4.0625 4.0625 4.3125 4.3125 8.25 8.25 8.25 5.25 5.25 0.625 0.625 0.625 0 0 0 0 0 0 0 0 0 0 0.125 0.125 0.375 0.375 0.375 1 1 2.25 2.25 2.25 3 3 3.0625 3.0625 3.0625 2.1875 2.1875 1.5 1.5
 0 0 0 0 0 0 0 0 0 0 0 0 0 0 0 0 0 0 0 0 0 0 0 0 0 0 0 0 0 0 0 0 0 0 0 0 0 0 0 0 0 0 0 0 0 0 0 0 0 0 0 0 0 0 0 0 0 0 0 0 0 0 0 0 0 0 0 0 0 0 0 0 0 0 0 0 0 0 0 0 0 0 0 0 0 0 0 0 0 0 0 0 0 0 0 0 0 0 0 0 0 0 0 0 0 0 0 0.0625 0.0625 0.0625 0.4375 0.4375 0.875 0.875 0.875 1.1875 1.1875 1.8125 1.8125 1.8125 2.6875 2.6875 4.125 4.125 4.125 4.5625 4.5625 4 4 4 6.6875 6.6875 8.25 8.25 8.25 2.625 2.625 0.125 0.125 0.125 0 0 0 0 0 0 0 0.0625 0.0625 0.0625 0.125 0.125 0.5625 0.5625 0.5625 1.8125 1.8125 3.0625 3.0625 3.0625 3.75 3.75 3.5625 3.5625 3.5625 2.3125 2.3125 1.75 1.75
 0 0 0 0 0 0 0 0 0 0 0 0 0 0 0 0 0 0 0 0 0 0 0 0 0 0 0 0 0 0 0 0 0 0 0 0 0 0 0 0 0 0 0 0 0 0 0 0 0 0 0 0 0 0 0 0 0 0 0 0 0 0 0 0 0 0 0 0 0 0 0 0 0 0 0 0 0 0 0 0 0 0 0 0 0 0 0 0 0 0 0 0 0 0 0 0 0 0 0 0 0 0 0 0 0 0 0 0.0625 0.0625 0.0625 0.4375 0.4375 0.875 0.875 0.875 1.1875 1.1875 1.8125 1.8125 1.8125 2.6875 2.6875 4.125 4.125 4.125 4.5625 4.5625 4 4 4 6.6875 6.6875 8.25 8.25 8.25 2.625 2.625 0.125 0.125 0.125 0 0 0 0 0 0 0 0.0625 0.0625 0.0625 0.125 0.125 0.5625 0.5625 0.5625 1.8125 1.8125 3.0625 3.0625 3.0625 3.75 3.75 3.5625 3.5625 3.5625 2.3125 2.3125 1.75 1.75
 0 0 0 0 0 0 0 0 0 0 0 0 0 0 0 0 0 0 0 0 0 0 0 0 0 0 0 0 0 0 0 0 0 0 0 0 0 0 0 0 0 0 0 0 0 0 0 0 0 0 0 0 0 0 0 0 0 0 0 0 0 0 0 0 0 0 0 0 0 0 0 0 0 0 0 0 0 0 0 0 0 0 0 0 0 0 0 0 0 0 0 0 0 0 0 0 0 0 0 0 0 0 0 0 0 0 0 0.125 0.125 0.125 0.4375 0.4375 0.5625 0.5625 0.5625 0.875 0.875 1.875 1.875 1.875 3.5 3.5 4.5625 4.5625 4.5625 4.0625 4.0625 4.875 4.875 4.875 7 7 4.3125 4.3125 4.3125 0.75 0.75 0.0625 0.0625 0.0625 0 0 0 0 0 0.0625 0.0625 0.125 0.125 0.125 0.4375 0.4375 1.125 1.125 1.125 1.6875 1.6875 2.875 2.875 2.875 3.625 3.625 3.5 3.5 3.5 2.375 2.375 2.0625 2.0625
 0 0 0 0 0 0 0 0 0 0 0 0 0 0 0 0 0 0 0 0 0 0 0 0 0 0 0 0 0 0 0 0 0 0 0 0 0 0 0 0 0 0 0 0 0 0 0 0 0 0 0 0 0 0 0 0 0 0 0 0 0 0 0 0 0 0 0 0 0 0 0 0 0 0 0 0 0 0 0 0 0 0 0 0 0 0 0 0 0 0 0 0 0 0 0 0 0 0 0 0 0 0 0 0 0 0 0 0.125 0.125 0.125 0.4375 0.4375 0.5625 0.5625 0.5625 0.875 0.875 1.875 1.875 1.875 3.5 3.5 4.5625 4.5625 4.5625 4.0625 4.0625 4.875 4.875 4.875 7 7 4.3125 4.3125 4.3125 0.75 0.75 0.0625 0.0625 0.0625 0 0 0 0 0 0.0625 0.0625 0.125 0.125 0.125 0.4375 0.4375 1.125 1.125 1.125 1.6875 1.6875 2.875 2.875 2.875 3.625 3.625 3.5 3.5 3.5 2.375 2.375 2.0625 2.0625
 0 0 0 0 0 0 0 0 0 0 0 0 0 0 0 0 0 0 0 0 0 0 0 0 0 0 0 0 0 0 0 0 0 0 0 0 0 0 0 0 0 0 0 0 0 0 0 0 0 0 0 0 0 0 0 0 0 0 0 0 0 0 0 0 0 0 0 0 0 0 0 0 0 0 0 0 0 0 0 0 0 0 0 0 0 0 0 0 0 0 0 0 0 0 0 0 0 0 0 0 0 0 0 0 0 0 0 0.125 0.125 0.125 0.4375 0.4375 0.5625 0.5625 0.5625 0.875 0.875 1.875 1.875 1.875 3.5 3.5 4.5625 4.5625 4.5625 4.0625 4.0625 4.875 4.875 4.875 7 7 4.3125 4.3125 4.3125 0.75 0.75 0.0625 0.0625 0.0625 0 0 0 0 0 0.0625 0.0625 0.125 0.125 0.125 0.4375 0.4375 1.125 1.125 1.125 1.6875 1.6875 2.875 2.875 2.875 3.625 3.625 3.5 3.5 3.5 2.375 2.375 2.0625 2.0625
 0 0 0 0 0 0 0 0 0 0 0 0 0 0 0 0 0 0 0 0 0 0 0 0 0 0 0 0 0 0 0 0 0 0 0 0 0 0 0 0 0 0 0 0 0 0 0 0 0 0 0 0 0 0 0 0 0 0 0 0 0 0 0 0 0 0 0 0 0 0 0 0 0 0 0 0 0 0 0 0 0 0 0 0 0 0 0 0 0 0 0 0 0 0 0 0 0 0 0 0 0 0 0 0 0 0.0625 0.0625 0.4375 0.4375 0.4375 0.6875 0.6875 0.4375 0.4375 0.4375 1.6875 1.6875 3.75 3.75 3.75 4.6875 4.6875 4.6875 4.6875 4.6875 4.5625 4.5625 5.25 5.25 5.25 4.0625 4.0625 1.5 1.5 1.5 0.375 0.375 0.1875 0.1875 0.1875 0 0 0 0 0 0.125 0.125 0.375 0.375 0.375 0.6875 0.6875 0.875 0.875 0.875 1.4375 1.4375 2.625 2.625 2.625 3.4375 3.4375 3.375 3.375 3.375 2.25 2.25 1.8125 1.8125
 0 0 0 0 0 0 0 0 0 0 0 0 0 0 0 0 0 0 0 0 0 0 0 0 0 0 0 0 0 0 0 0 0 0 0 0 0 0 0 0 0 0 0 0 0 0 0 0 0 0 0 0 0 0 0 0 0 0 0 0 0 0 0 0 0 0 0 0 0 0 0 0 0 0 0 0 0 0 0 0 0 0 0 0 0 0 0 0 0 0 0 0 0 0 0 0 0 0 0 0 0 0 0 0 0 0.0625 0.0625 0.4375 0.4375 0.4375 0.6875 0.6875 0.4375 0.4375 0.4375 1.6875 1.6875 3.75 3.75 3.75 4.6875 4.6875 4.6875 4.6875 4.6875 4.5625 4.5625 5.25 5.25 5.25 4.0625 4.0625 1.5 1.5 1.5 0.375 0.375 0.1875 0.1875 0.1875 0 0 0 0 0 0.125 0.125 0.375 0.375 0.375 0.6875 0.6875 0.875 0.875 0.875 1.4375 1.4375 2.625 2.625 2.625 3.4375 3.4375 3.375 3.375 3.375 2.25 2.25 1.8125 1.8125
 0 0 0 0 0 0 0 0 0 0 0 0 0 0 0 0 0 0 0 0 0 0 0 0 0 0 0 0 0 0 0 0 0 0 0 0 0 0 0 0 0 0 0 0 0 0 0 0 0 0 0 0 0 0 0 0 0 0 0 0 0 0 0 0 0 0 0 0 0 0 0 0 0 0 0 0 0 0 0 0 0 0 0 0 0 0 0 0 0 0 0 0 0 0 0 0 0 0 0 0 0 0 0.0625 0.0625 0.0625 0.1875 0.1875 0.375 0.375 0.375 0.375 0.375 1 1 1 3 3 3.75 3.75 3.75 3.9375 3.9375 4.6875 4.6875 4.6875 4.625 4.625 3.875 3.875 3.875 1.6875 1.6875 0.625 0.625 0.625 0.375 0.375 0.1875 0.1875 0.1875 0.0625 0.0625 0.0625 0.0625 0.0625 0.25 0.25 0.375 0.375 0.375 0.625 0.625 0.8125 0.8125 0.8125 1.5625 1.5625 2.6875 2.6875 2.6875 3.0625 3.0625 2.625 2.625 2.625 1.75 1.75 1.1875 1.1875
 0 0 0 0 0 0 0 0 0 0 0 0 0 0 0 0 0 0 0 0 0 0 0 0 0 0 0 0 0 0 0 0 0 0 0 0 0 0 0 0 0 0 0 0 0 0 0 0 0 0 0 0 0 0 0 0 0 0 0 0 0 0 0 0 0 0 0 0 0 0 0 0 0 0 0 0 0 0 0 0 0 0 0 0 0 0 0 0 0 0 0 0 0 0 0 0 0 0 0 0 0 0 0.0625 0.0625 0.0625 0.1875 0.1875 0.375 0.375 0.375 0.375 0.375 1 1 1 3 3 3.75 3.75 3.75 3.9375 3.9375 4.6875 4.6875 4.6875 4.625 4.625 3.875 3.875 3.875 1.6875 1.6875 0.625 0.625 0.625 0.375 0.375 0.1875 0.1875 0.1875 0.0625 0.0625 0.0625 0.0625 0.0625 0.25 0.25 0.375 0.375 0.375 0.625 0.625 0.8125 0.8125 0.8125 1.5625 1.5625 2.6875 2.6875 2.6875 3.0625 3.0625 2.625 2.625 2.625 1.75 1.75 1.1875 1.1875
 0 0 0 0 0 0 0 0 0 0 0 0 0 0 0 0 0 0 0 0 0 0 0 0 0 0 0 0 0 0 0 0 0 0 0 0 0 0 0 0 0 0 0 0 0 0 0 0 0 0 0 0 0 0 0 0 0 0 0 0 0 0 0 0 0 0 0 0 0 0 0 0 0 0 0 0 0 0 0 0 0 0 0 0 0 0 0 0 0 0 0 0 0 0 0 0 0 0 0 0 0 0 0.0625 0.0625 0.0625 0.1875 0.1875 0.375 0.375 0.375 0.375 0.375 1 1 1 3 3 3.75 3.75 3.75 3.9375 3.9375 4.6875 4.6875 4.6875 4.625 4.625 3.875 3.875 3.875 1.6875 1.6875 0.625 0.625 0.625 0.375 0.375 0.1875 0.1875 0.1875 0.0625 0.0625 0.0625 0.0625 0.0625 0.25 0.25 0.375 0.375 0.375 0.625 0.625 0.8125 0.8125 0.8125 1.5625 1.5625 2.6875 2.6875 2.6875 3.0625 3.0625 2.625 2.625 2.625 1.75 1.75 1.1875 1.1875
 0 0 0 0 0 0 0 0 0 0 0 0 0 0 0 0 0 0 0 0 0 0 0 0 0 0 0 0 0 0 0 0 0 0 0 0 0 0 0 0 0 0 0 0 0 0 0 0 0 0 0 0 0 0 0 0 0 0 0 0 0 0 0 0 0 0 0 0 0 0 0 0 0 0 0 0 0 0 0 0 0 0 0 0 0 0 0 0 0 0 0 0 0 0 0 0 0 0 0 0 0 0 0.125 0.125 0.125 0.25 0.25 0.1875 0.1875 0.1875 0.5 0.5 2 2 2 2.875 2.875 2.8125 2.8125 2.8125 4.3125 4.3125 4.5 4.5 4.5 3.875 3.875 2.0625 2.0625 2.0625 0.875 0.875 0.8125 0.8125 0.8125 0.8125 0.8125 0.1875 0.1875 0.1875 0 0 0.0625 0.0625 0.0625 0.25 0.25 0.4375 0.4375 0.4375 0.625 0.625 1 1 1 1.8125 1.8125 2.375 2.375 2.375 2 2 1.0625 1.0625 1.0625 1 1 1 1
 0 0 0 0 0 0 0 0 0 0 0 0 0 0 0 0 0 0 0 0 0 0 0 0 0 0 0 0 0 0 0 0 0 0 0 0 0 0 0 0 0 0 0 0 0 0 0 0 0 0 0 0 0 0 0 0 0 0 0 0 0 0 0 0 0 0 0 0 0 0 0 0 0 0 0 0 0 0 0 0 0 0 0 0 0 0 0 0 0 0 0 0 0 0 0 0 0 0 0 0 0 0 0.125 0.125 0.125 0.25 0.25 0.1875 0.1875 0.1875 0.5 0.5 2 2 2 2.875 2.875 2.8125 2.8125 2.8125 4.3125 4.3125 4.5 4.5 4.5 3.875 3.875 2.0625 2.0625 2.0625 0.875 0.875 0.8125 0.8125 0.8125 0.8125 0.8125 0.1875 0.1875 0.1875 0 0 0.0625 0.0625 0.0625 0.25 0.25 0.4375 0.4375 0.4375 0.625 0.625 1 1 1 1.8125 1.8125 2.375 2.375 2.375 2 2 1.0625 1.0625 1.0625 1 1 1 1
 0 0 0 0 0 0 0 0 0 0 0 0 0 0 0 0 0 0 0 0 0 0 0 0 0 0 0 0 0 0 0 0 0 0 0 0 0 0 0 0 0 0 0 0 0 0 0 0 0 0 0 0 0 0 0 0 0 0 0 0 0 0 0 0 0 0 0 0 0 0 0 0 0 0 0 0 0 0 0 0 0 0 0 0 0 0 0 0 0 0 0 0 0 0 0 0 0 0 0 0 0 0 0.0625 0.0625 0.0625 0.0625 0.0625 0.125 0.125 0.125 1.0625 1.0625 2.125 2.125 2.125 2.0625 2.0625 3.5 3.5 3.5 4.375 4.375 3.625 3.625 3.625 2.3125 2.3125 1.4375 1.4375 1.4375 1.1875 1.1875 1.8125 1.8125 1.8125 1.0625 1.0625 0.1875 0.1875 0.1875 0.0625 0.0625 0.125 0.125 0.125 0.25 0.25 0.5625 0.5625 0.5625 0.5 0.5 1.0625 1.0625 1.0625 1.5625 1.5625 1.6875 1.6875 1.6875 1.0625 1.0625 0.5625 0.5625 0.5625 0.5 0.5 0.9375 0.9375
 0 0 0 0 0 0 0 0 0 0 0 0 0 0 0 0 0 0 0 0 0 0 0 0 0 0 0 0 0 0 0 0 0 0 0 0 0 0 0 0 0 0 0 0 0 0 0 0 0 0 0 0 0 0 0 0 0 0 0 0 0 0 0 0 0 0 0 0 0 0 0 0 0 0 0 0 0 0 0 0 0 0 0 0 0 0 0 0 0 0 0 0 0 0 0 0 0 0 0 0 0 0 0.0625 0.0625 0.0625 0.0625 0.0625 0.125 0.125 0.125 1.0625 1.0625 2.125 2.125 2.125 2.0625 2.0625 3.5 3.5 3.5 4.375 4.375 3.625 3.625 3.625 2.3125 2.3125 1.4375 1.4375 1.4375 1.1875 1.1875 1.8125 1.8125 1.8125 1.0625 1.0625 0.1875 0.1875 0.1875 0.0625 0.0625 0.125 0.125 0.125 0.25 0.25 0.5625 0.5625 0.5625 0.5 0.5 1.0625 1.0625 1.0625 1.5625 1.5625 1.6875 1.6875 1.6875 1.0625 1.0625 0.5625 0.5625 0.5625 0.5 0.5 0.9375 0.9375
 0 0 0 0 0 0 0 0 0 0 0 0 0 0 0 0 0 0 0 0 0 0 0 0 0 0 0 0 0 0 0 0 0 0 0 0 0 0 0 0 0 0 0 0 0 0 0 0 0 0 0 0 0 0 0 0 0 0 0 0 0 0 0 0 0 0 0 0 0 0 0 0 0 0 0 0 0 0 0 0 0 0 0 0 0 0 0 0 0 0 0 0 0 0 0 0 0 0 0 0 0 0 0.0625 0.0625 0.0625 0.0625 0.0625 0.125 0.125 0.125 1.0625 1.0625 2.125 2.125 2.125 2.0625 2.0625 3.5 3.5 3.5 4.375 4.375 3.625 3.625 3.625 2.3125 2.3125 1.4375 1.4375 1.4375 1.1875 1.1875 1.8125 1.8125 1.8125 1.0625 1.0625 0.1875 0.1875 0.1875 0.0625 0.0625 0.125 0.125 0.125 0.25 0.25 0.5625 0.5625 0.5625 0.5 0.5 1.0625 1.0625 1.0625 1.5625 1.5625 1.6875 1.6875 1.6875 1.0625 1.0625 0.5625 0.5625 0.5625 0.5 0.5 0.9375 0.9375
 0 0 0 0 0 0 0 0 0 0 0 0 0 0 0 0 0 0 0 0 0 0 0 0 0 0 0 0 0 0 0 0 0 0 0 0 0 0 0 0 0 0 0 0 0 0 0 0 0 0 0 0 0 0 0 0 0 0 0 0 0 0 0 0 0 0 0 0 0 0 0 0 0 0 0 0 0 0 0 0 0 0 0 0 0 0 0 0 0 0 0 0 0 0 0 0 0 0 0 0 0 0 0 0 0 0.0625 0.0625 0.375 0.375 0.375 1.3125 1.3125 1.75 1.75 1.75 2.6875 2.6875 3.8125 3.8125 3.8125 3.4375 3.4375 2.4375 2.4375 2.4375 1.625 1.625 1.3125 1.3125 1.3125 2.1875 2.1875 1.8125 1.8125 1.8125 0.3125 0.3125 0.125 0.125 0.125 0.0625 0.0625 0.1875 0.1875 0.1875 0.4375 0.4375 0.375 0.375 0.375 0.5625 0.5625 1.375 1.375 1.375 1.5 1.5 1.625 1.625 1.625 1.125 1.125 0.5 0.5 0.5 0.5625 0.5625 1 1
 0 0 0 0 0 0 0 0 0 0 0 0 0 0 0 0 0 0 0 0 0 0 0 0 0 0 0 0 0 0 0 0 0 0 0 0 0 0 0 0 0 0 0 0 0 0 0 0 0 0 0 0 0 0 0 0 0 0 0 0 0 0 0 0 0 0 0 0 0 0 0 0 0 0 0 0 0 0 0 0 0 0 0 0 0 0 0 0 0 0 0 0 0 0 0 0 0 0 0 0 0 0 0 0 0 0.0625 0.0625 0.375 0.375 0.375 1.3125 1.3125 1.75 1.75 1.75 2.6875 2.6875 3.8125 3.8125 3.8125 3.4375 3.4375 2.4375 2.4375 2.4375 1.625 1.625 1.3125 1.3125 1.3125 2.1875 2.1875 1.8125 1.8125 1.8125 0.3125 0.3125 0.125 0.125 0.125 0.0625 0.0625 0.1875 0.1875 0.1875 0.4375 0.4375 0.375 0.375 0.375 0.5625 0.5625 1.375 1.375 1.375 1.5 1.5 1.625 1.625 1.625 1.125 1.125 0.5 0.5 0.5 0.5625 0.5625 1 1
 0 0 0 0 0 0 0 0 0 0 0 0 0 0 0 0 0 0 0 0 0 0 0 0 0 0 0 0 0 0 0 0 0 0 0 0 0 0 0 0 0 0 0 0 0 0 0 0 0 0 0 0 0 0 0 0 0 0 0 0 0 0 0 0 0 0 0 0 0 0 0 0 0 0 0 0 0 0 0 0 0 0 0 0 0 0 0 0 0 0 0 0 0 0 0 0.0625 0.0625 0.0625 0.0625 0.0625 0.0625 0.0625 0.0625 0.0625 0.0625 0.125 0.125 0.625 0.625 0.625 1.25 1.25 2.25 2.25 2.25 3.4375 3.4375 3.4375 3.4375 3.4375 2.9375 2.9375 1.9375 1.9375 1.9375 1.75 1.75 2.5 2.5 2.5 2.8125 2.8125 0.6875 0.6875 0.6875 0.125 0.125 0.0625 0.0625 0.0625 0.0625 0.0625 0.1875 0.1875 0.1875 0.4375 0.4375 0.1875 0.1875 0.1875 0.5 0.5 0.875 0.875 0.875 0.9375 0.9375 1.125 1.125 1.125 1.1875 1.1875 0.5625 0.5625 0.5625 0.8125 0.8125 0.9375 0.9375
 0 0 0 0 0 0 0 0 0 0 0 0 0 0 0 0 0 0 0 0 0 0 0 0 0 0 0 0 0 0 0 0 0 0 0 0 0 0 0 0 0 0 0 0 0 0 0 0 0 0 0 0 0 0 0 0 0 0 0 0 0 0 0 0 0 0 0 0 0 0 0 0 0 0 0 0 0 0 0 0 0 0 0 0 0 0 0 0 0 0 0 0 0 0 0 0.0625 0.0625 0.0625 0.0625 0.0625 0.0625 0.0625 0.0625 0.0625 0.0625 0.125 0.125 0.625 0.625 0.625 1.25 1.25 2.25 2.25 2.25 3.4375 3.4375 3.4375 3.4375 3.4375 2.9375 2.9375 1.9375 1.9375 1.9375 1.75 1.75 2.5 2.5 2.5 2.8125 2.8125 0.6875 0.6875 0.6875 0.125 0.125 0.0625 0.0625 0.0625 0.0625 0.0625 0.1875 0.1875 0.1875 0.4375 0.4375 0.1875 0.1875 0.1875 0.5 0.5 0.875 0.875 0.875 0.9375 0.9375 1.125 1.125 1.125 1.1875 1.1875 0.5625 0.5625 0.5625 0.8125 0.8125 0.9375 0.9375
 0 0 0 0 0 0 0 0 0 0 0 0 0 0 0 0 0 0 0 0 0 0 0 0 0 0 0 0 0 0 0 0 0 0 0 0 0 0 0 0 0 0 0 0 0 0 0 0 0 0 0 0 0 0 0 0 0 0 0 0 0 0 0 0 0 0 0 0 0 0 0 0 0 0 0 0 0 0 0 0 0 0 0 0 0 0 0 0 0 0 0 0 0 0 0 0.0625 0.0625 0.0625 0.0625 0.0625 0.0625 0.0625 0.0625 0.0625 0.0625 0.125 0.125 0.625 0.625 0.625 1.25 1.25 2.25 2.25 2.25 3.4375 3.4375 3.4375 3.4375 3.4375 2.9375 2.9375 1.9375 1.9375 1.9375 1.75 1.75 2.5 2.5 2.5 2.8125 2.8125 0.6875 0.6875 0.6875 0.125 0.125 0.0625 0.0625 0.0625 0.0625 0.0625 0.1875 0.1875 0.1875 0.4375 0.4375 0.1875 0.1875 0.1875 0.5 0.5 0.875 0.875 0.875 0.9375 0.9375 1.125 1.125 1.125 1.1875 1.1875 0.5625 0.5625 0.5625 0.8125 0.8125 0.9375 0.9375
 0 0 0 0 0 0 0 0 0 0 0 0 0 0 0 0 0 0 0 0 0 0 0 0 0 0 0 0 0 0 0 0 0 0 0 0 0 0 0 0 0 0 0 0 0 0 0 0 0 0 0 0 0 0 0 0 0 0 0 0 0 0 0 0 0 0 0 0 0 0 0 0 0 0 0 0 0 0 0 0 0 0 0 0 0 0 0 0 0 0 0 0 0 0 0 0.0625 0.0625 0.0625 0.0625 0.0625 0.0625 0.0625 0.0625 0.0625 0.0625 0.25 0.25 0.8125 0.8125 0.8125 1.8125 1.8125 3.125 3.125 3.125 2.9375 2.9375 2.9375 2.9375 2.9375 2.1875 2.1875 2.1875 2.1875 2.1875 3.0625 3.0625 4.5625 4.5625 4.5625 1.4375 1.4375 0.1875 0.1875 0.1875 0.0625 0.0625 0 0 0 0.1875 0.1875 0.5625 0.5625 0.5625 0.5 0.5 0.125 0.125 0.125 0.6875 0.6875 1.375 1.375 1.375 1.875 1.875 2 2 2 1.25 1.25 0.625 0.625 0.625 0.875 0.875 0.75 0.75
 0 0 0 0 0 0 0 0 0 0 0 0 0 0 0 0 0 0 0 0 0 0 0 0 0 0 0 0 0 0 0 0 0 0 0 0 0 0 0 0 0 0 0 0 0 0 0 0 0 0 0 0 0 0 0 0 0 0 0 0 0 0 0 0 0 0 0 0 0 0 0 0 0 0 0 0 0 0 0 0 0 0 0 0 0 0 0 0 0 0 0 0 0 0 0 0.0625 0.0625 0.0625 0.0625 0.0625 0.0625 0.0625 0.0625 0.0625 0.0625 0.25 0.25 0.8125 0.8125 0.8125 1.8125 1.8125 3.125 3.125 3.125 2.9375 2.9375 2.9375 2.9375 2.9375 2.1875 2.1875 2.1875 2.1875 2.1875 3.0625 3.0625 4.5625 4.5625 4.5625 1.4375 1.4375 0.1875 0.1875 0.1875 0.0625 0.0625 0 0 0 0.1875 0.1875 0.5625 0.5625 0.5625 0.5 0.5 0.125 0.125 0.125 0.6875 0.6875 1.375 1.375 1.375 1.875 1.875 2 2 2 1.25 1.25 0.625 0.625 0.625 0.875 0.875 0.75 0.75
 0 0 0 0 0 0 0 0 0 0 0 0 0 0 0 0 0 0 0 0 0 0 0 0 0 0 0 0 0 0 0 0 0 0 0 0 0 0 0 0 0 0 0 0 0 0 0 0 0 0 0 0 0 0 0 0 0 0 0 0 0 0 0 0 0 0 0 0 0 0 0 0 0 0 0 0 0 0 0 0 0 0 0 0 0 0 0 0 0 0 0 0 0 0 0 0 0 0.0625 0.0625 0.0625 0 0 0.125 0.125 0.125 0.5 0.5 1.5625 1.5625 1.5625 2.75 2.75 2.6875 2.6875 2.6875 2.5625 2.5625 1.75 1.75 1.75 1.9375 1.9375 2.9375 2.9375 2.9375 5.25 5.25 2.6875 2.6875 2.6875 0.25 0.25 0.0625 0.0625 0.0625 0 0 0 0 0 0.25 0.25 0.4375 0.4375 0.4375 0.1875 0.1875 0.625 0.625 0.625 1.625 1.625 2.3125 2.3125 2.3125 2.5625 2.5625 1.0625 1.0625 1.0625 0.6875 0.6875 0.375 0.375 0.375 0.625 0.625 0.5625 0.5625
 0 0 0 0 0 0 0 0 0 0 0 0 0 0 0 0 0 0 0 0 0 0 0 0 0 0 0 0 0 0 0 0 0 0 0 0 0 0 0 0 0 0 0 0 0 0 0 0 0 0 0 0 0 0 0 0 0 0 0 0 0 0 0 0 0 0 0 0 0 0 0 0 0 0 0 0 0 0 0 0 0 0 0 0 0 0 0 0 0 0 0 0 0 0 0 0 0 0.0625 0.0625 0.0625 0 0 0.125 0.125 0.125 0.5 0.5 1.5625 1.5625 1.5625 2.75 2.75 2.6875 2.6875 2.6875 2.5625 2.5625 1.75 1.75 1.75 1.9375 1.9375 2.9375 2.9375 2.9375 5.25 5.25 2.6875 2.6875 2.6875 0.25 0.25 0.0625 0.0625 0.0625 0 0 0 0 0 0.25 0.25 0.4375 0.4375 0.4375 0.1875 0.1875 0.625 0.625 0.625 1.625 1.625 2.3125 2.3125 2.3125 2.5625 2.5625 1.0625 1.0625 1.0625 0.6875 0.6875 0.375 0.375 0.375 0.625 0.625 0.5625 0.5625
 0 0 0 0 0 0 0 0 0 0 0 0 0 0 0 0 0 0 0 0 0 0 0 0 0 0 0 0 0 0 0 0 0 0 0 0 0 0 0 0 0 0 0 0 0 0 0 0 0 0 0 0 0 0 0 0 0 0 0 0 0 0 0 0 0 0 0 0 0 0 0 0 0 0 0 0 0 0 0 0 0 0 0 0 0 0 0 0 0 0 0 0 0 0 0 0 0 0.0625 0.0625 0.0625 0 0 0.125 0.125 0.125 0.5 0.5 1.5625 1.5625 1.5625 2.75 2.75 2.6875 2.6875 2.6875 2.5625 2.5625 1.75 1.75 1.75 1.9375 1.9375 2.9375 2.9375 2.9375 5.25 5.25 2.6875 2.6875 2.6875 0.25 0.25 0.0625 0.0625 0.0625 0 0 0 0 0 0.25 0.25 0.4375 0.4375 0.4375 0.1875 0.1875 0.625 0.625 0.625 1.625 1.625 2.3125 2.3125 2.3125 2.5625 2.5625 1.0625 1.0625 1.0625 0.6875 0.6875 0.375 0.375 0.375 0.625 0.625 0.5625 0.5625
 0 0 0 0 0 0 0 0 0 0 0 0 0 0 0 0 0 0 0 0 0 0 0 0 0 0 0 0 0 0 0 0 0 0 0 0 0 0 0 0 0 0 0 0 0 0 0 0 0 0 0 0 0 0 0 0 0 0 0 0 0 0 0 0 0 0 0 0 0 0 0 0 0 0 0 0 0 0 0 0 0 0 0 0 0 0 0 0 0 0 0 0 0 0 0 0 0 0 0 0 0 0 0.1875 0.1875 0.1875 1 1 2 2 2 2.1875 2.1875 2.125 2.125 2.125 1.375 1.375 0.9375 0.9375 0.9375 2.1875 2.1875 4.625 4.625 4.625 4.3125 4.3125 0.625 0.625 0.625 0 0 0 0 0 0 0 0.1875 0.1875 0.1875 0.1875 0.1875 0.0625 0.0625 0.0625 0.125 0.125 0.75 0.75 0.75 1.5625 1.5625 1.375 1.375 1.375 0.625 0.625 0.125 0.125 0.125 0.125 0.125 0.375 0.375 0.375 0.6875 0.6875 0.6875 0.6875
 0 0 0 0 0 0 0 0 0 0 0 0 0 0 0 0 0 0 0 0 0 0 0 0 0 0 0 0 0 0 0 0 0 0 0 0 0 0 0 0 0 0 0 0 0 0 0 0 0 0 0 0 0 0 0 0 0 0 0 0 0 0 0 0 0 0 0 0 0 0 0 0 0 0 0 0 0 0 0 0 0 0 0 0 0 0 0 0 0 0 0 0 0 0 0 0 0 0 0 0 0 0 0.1875 0.1875 0.1875 1 1 2 2 2 2.1875 2.1875 2.125 2.125 2.125 1.375 1.375 0.9375 0.9375 0.9375 2.1875 2.1875 4.625 4.625 4.625 4.3125 4.3125 0.625 0.625 0.625 0 0 0 0 0 0 0 0.1875 0.1875 0.1875 0.1875 0.1875 0.0625 0.0625 0.0625 0.125 0.125 0.75 0.75 0.75 1.5625 1.5625 1.375 1.375 1.375 0.625 0.625 0.125 0.125 0.125 0.125 0.125 0.375 0.375 0.375 0.6875 0.6875 0.6875 0.6875
 0 0 0 0 0 0 0 0 0 0 0 0 0 0 0 0 0 0 0 0 0 0 0 0 0 0 0 0 0 0 0 0 0 0 0 0 0 0 0 0 0 0 0 0 0 0 0 0 0 0 0 0 0 0 0 0 0 0 0 0 0 0 0 0 0 0 0 0 0 0 0 0 0 0 0 0 0 0 0 0 0 0 0 0 0 0 0 0 0 0 0 0 0 0 0 0 0 0 0 0 0 0 0.4375 0.4375 0.4375 1.3125 1.3125 1.8125 1.8125 1.8125 1.9375 1.9375 1.3125 1.3125 1.3125 0.6875 0.6875 1.125 1.125 1.125 3.1875 3.1875 4 4 4 1.8125 1.8125 0.3125 0.3125 0.3125 0 0 0 0 0 0 0 0.0625 0.0625 0.0625 0 0 0 0 0 0 0 0.25 0.25 0.25 0.625 0.625 0.125 0.125 0.125 0 0 0 0 0 0.125 0.125 0.375 0.375 0.375 0.375 0.375 0.1875 0.1875
 0 0 0 0 0 0 0 0 0 0 0 0 0 0 0 0 0 0 0 0 0 0 0 0 0 0 0 0 0 0 0 0 0 0 0 0 0 0 0 0 0 0 0 0 0 0 0 0 0 0 0 0 0 0 0 0 0 0 0 0 0 0 0 0 0 0 0 0 0 0 0 0 0 0 0 0 0 0 0 0 0 0 0 0 0 0 0 0 0 0 0 0 0 0 0 0 0 0 0 0 0 0 0.4375 0.4375 0.4375 1.3125 1.3125 1.8125 1.8125 1.8125 1.9375 1.9375 1.3125 1.3125 1.3125 0.6875 0.6875 1.125 1.125 1.125 3.1875 3.1875 4 4 4 1.8125 1.8125 0.3125 0.3125 0.3125 0 0 0 0 0 0 0 0.0625 0.0625 0.0625 0 0 0 0 0 0 0 0.25 0.25 0.25 0.625 0.625 0.125 0.125 0.125 0 0 0 0 0 0.125 0.125 0.375 0.375 0.375 0.375 0.375 0.1875 0.1875
 0 0 0 0 0 0 0 0 0 0 0 0 0 0 0 0 0 0 0 0 0 0 0 0 0 0 0 0 0 0 0 0 0 0 0 0 0 0 0 0 0 0 0 0 0 0 0 0 0 0 0 0 0 0 0 0 0 0 0 0 0 0 0 0 0 0 0 0 0 0 0 0 0 0 0 0 0 0 0 0 0 0 0 0 0 0 0 0 0 0 0 0 0 0 0 0 0 0 0 0 0 0 0.4375 0.4375 0.4375 1.3125 1.3125 1.8125 1.8125 1.8125 1.9375 1.9375 1.3125 1.3125 1.3125 0.6875 0.6875 1.125 1.125 1.125 3.1875 3.1875 4 4 4 1.8125 1.8125 0.3125 0.3125 0.3125 0 0 0 0 0 0 0 0.0625 0.0625 0.0625 0 0 0 0 0 0 0 0.25 0.25 0.25 0.625 0.625 0.125 0.125 0.125 0 0 0 0 0 0.125 0.125 0.375 0.375 0.375 0.375 0.375 0.1875 0.1875
 0 0 0 0 0 0 0 0 0 0 0 0 0 0 0 0 0 0 0 0 0 0 0 0 0 0 0 0 0 0 0 0 0 0 0 0 0 0 0 0 0 0 0 0 0 0 0 0 0 0 0 0 0 0 0 0 0 0 0 0 0 0 0 0 0 0 0 0 0 0 0 0 0 0 0 0 0 0 0 0 0 0 0 0 0 0 0 0 0 0 0 0 0 0 0 0 0 0 0 0 0.125 0.125 0.875 0.875 0.875 1.3125 1.3125 1.5 1.5 1.5 1.25 1.25 0.875 0.875 0.875 0.625 0.625 1.9375 1.9375 1.9375 3.0625 3.0625 1.9375 1.9375 1.9375 0.875 0.875 0.0625 0.0625 0.0625 0 0 0 0 0 0 0 0 0 0 0 0 0 0 0 0 0 0 0 0 0.0625 0.0625 0 0 0 0 0 0.0625 0.0625 0.0625 0.1875 0.1875 0.0625 0.0625 0.0625 0 0 0.125 0.125
 0 0 0 0 0 0 0 0 0 0 0 0 0 0 0 0 0 0 0 0 0 0 0 0 0 0 0 0 0 0 0 0 0 0 0 0 0 0 0 0 0 0 0 0 0 0 0 0 0 0 0 0 0 0 0 0 0 0 0 0 0 0 0 0 0 0 0 0 0 0 0 0 0 0 0 0 0 0 0 0 0 0 0 0 0 0 0 0 0 0 0 0 0 0 0 0 0 0 0 0 0.125 0.125 0.875 0.875 0.875 1.3125 1.3125 1.5 1.5 1.5 1.25 1.25 0.875 0.875 0.875 0.625 0.625 1.9375 1.9375 1.9375 3.0625 3.0625 1.9375 1.9375 1.9375 0.875 0.875 0.0625 0.0625 0.0625 0 0 0 0 0 0 0 0 0 0 0 0 0 0 0 0 0 0 0 0 0.0625 0.0625 0 0 0 0 0 0.0625 0.0625 0.0625 0.1875 0.1875 0.0625 0.0625 0.0625 0 0 0.125 0.125
 0 0 0 0 0 0 0 0 0 0 0 0 0 0 0 0 0 0 0 0 0 0 0 0 0 0 0 0 0 0 0 0 0 0 0 0 0 0 0 0 0 0 0 0 0 0 0 0 0 0 0 0 0 0 0 0 0 0 0 0 0 0 0 0 0 0 0 0 0 0 0 0 0 0 0 0 0 0 0 0 0 0 0 0 0 0 0 0 0 0 0 0 0 0 0 0 0 0 0 0 0.375 0.375 0.875 0.875 0.875 1.0625 1.0625 0.875 0.875 0.875 0.625 0.625 0.5625 0.5625 0.5625 0.9375 0.9375 1.875 1.875 1.875 1.75 1.75 1 1 1 0.125 0.125 0 0 0 0 0 0 0 0 0 0 0 0 0 0 0 0 0 0 0 0 0 0 0 0 0 0 0 0 0.125 0.125 0.0625 0.0625 0.0625 0.0625 0.0625 0 0 0 0.0625 0.0625 0.125 0.125
 0 0 0 0 0 0 0 0 0 0 0 0 0 0 0 0 0 0 0 0 0 0 0 0 0 0 0 0 0 0 0 0 0 0 0 0 0 0 0 0 0 0 0 0 0 0 0 0 0 0 0 0 0 0 0 0 0 0 0 0 0 0 0 0 0 0 0 0 0 0 0 0 0 0 0 0 0 0 0 0 0 0 0 0 0 0 0 0 0 0 0 0 0 0 0 0 0 0 0 0 0.375 0.375 0.875 0.875 0.875 1.0625 1.0625 0.875 0.875 0.875 0.625 0.625 0.5625 0.5625 0.5625 0.9375 0.9375 1.875 1.875 1.875 1.75 1.75 1 1 1 0.125 0.125 0 0 0 0 0 0 0 0 0 0 0 0 0 0 0 0 0 0 0 0 0 0 0 0 0 0 0 0 0.125 0.125 0.0625 0.0625 0.0625 0.0625 0.0625 0 0 0 0.0625 0.0625 0.125 0.125
 0 0 0 0 0 0 0 0 0 0 0 0 0 0 0 0 0 0 0 0 0 0 0 0 0 0 0 0 0 0 0 0 0 0 0 0 0 0 0 0 0 0 0 0 0 0 0 0 0 0 0 0 0 0 0 0 0 0 0 0 0 0 0 0 0 0 0 0 0 0 0 0 0 0 0 0 0 0 0 0 0 0 0 0 0 0 0 0 0 0 0 0 0 0 0 0 0 0 0 0 0.375 0.375 0.875 0.875 0.875 1.0625 1.0625 0.875 0.875 0.875 0.625 0.625 0.5625 0.5625 0.5625 0.9375 0.9375 1.875 1.875 1.875 1.75 1.75 1 1 1 0.125 0.125 0 0 0 0 0 0 0 0 0 0 0 0 0 0 0 0 0 0 0 0 0 0 0 0 0 0 0 0 0.125 0.125 0.0625 0.0625 0.0625 0.0625 0.0625 0 0 0 0.0625 0.0625 0.125 0.125
 0 0 0 0 0 0 0 0 0 0 0 0 0 0 0 0 0 0 0 0 0 0 0 0 0 0 0 0 0 0 0 0 0 0 0 0 0 0 0 0 0 0 0 0 0 0 0 0 0 0 0 0 0 0 0 0 0 0 0 0 0 0 0 0 0 0 0 0 0 0 0 0 0 0 0 0 0 0 0 0 0 0 0 0 0 0 0 0 0 0 0 0 0 0 0 0 0 0.0625 0.0625 0.0625 0.3125 0.3125 0.625 0.625 0.625 0.5 0.5 0.3125 0.3125 0.3125 0.3125 0.3125 0.375 0.375 0.375 1.0625 1.0625 1.4375 1.4375 1.4375 0.875 0.875 0.125 0.125 0.125 0 0 0 0 0 0 0 0 0 0 0 0 0 0 0 0 0 0 0 0 0 0 0 0 0 0 0 0 0 0 0 0 0 0 0 0 0 0 0 0 0 0 0 0
 0 0 0 0 0 0 0 0 0 0 0 0 0 0 0 0 0 0 0 0 0 0 0 0 0 0 0 0 0 0 0 0 0 0 0 0 0 0 0 0 0 0 0 0 0 0 0 0 0 0 0 0 0 0 0 0 0 0 0 0 0 0 0 0 0 0 0 0 0 0 0 0 0 0 0 0 0 0 0 0 0 0 0 0 0 0 0 0 0 0 0 0 0 0 0 0 0 0.0625 0.0625 0.0625 0.3125 0.3125 0.625 0.625 0.625 0.5 0.5 0.3125 0.3125 0.3125 0.3125 0.3125 0.375 0.375 0.375 1.0625 1.0625 1.4375 1.4375 1.4375 0.875 0.875 0.125 0.125 0.125 0 0 0 0 0 0 0 0 0 0 0 0 0 0 0 0 0 0 0 0 0 0 0 0 0 0 0 0 0 0 0 0 0 0 0 0 0 0 0 0 0 0 0 0
 0 0 0 0 0 0 0 0 0 0 0 0 0 0 0 0 0 0 0 0 0 0 0 0 0 0 0 0 0 0 0 0 0 0 0 0 0 0 0 0 0 0 0 0 0 0 0 0 0 0 0 0 0 0 0 0 0 0 0 0 0 0 0 0 0 0 0 0 0 0 0 0 0 0 0 0 0 0 0 0 0 0 0 0 0 0 0 0 0 0 0 0 0 0 0 0 0 0.0625 0.0625 0.0625 0.125 0.125 0.25 0.25 0.25 0.125 0.125 0.0625 0.0625 0.0625 0.125 0.125 0.75 0.75 0.75 1.5625 1.5625 0.8125 0.8125 0.8125 0.125 0.125 0 0 0 0 0 0 0 0 0 0 0 0 0 0 0 0 0 0 0 0 0 0 0 0 0 0 0 0 0 0 0 0 0 0 0 0 0 0 0 0 0 0 0 0 0 0 0
 0 0 0 0 0 0 0 0 0 0 0 0 0 0 0 0 0 0 0 0 0 0 0 0 0 0 0 0 0 0 0 0 0 0 0 0 0 0 0 0 0 0 0 0 0 0 0 0 0 0 0 0 0 0 0 0 0 0 0 0 0 0 0 0 0 0 0 0 0 0 0 0 0 0 0 0 0 0 0 0 0 0 0 0 0 0 0 0 0 0 0 0 0 0 0 0 0 0.0625 0.0625 0.0625 0.125 0.125 0.25 0.25 0.25 0.125 0.125 0.0625 0.0625 0.0625 0.125 0.125 0.75 0.75 0.75 1.5625 1.5625 0.8125 0.8125 0.8125 0.125 0.125 0 0 0 0 0 0 0 0 0 0 0 0 0 0 0 0 0 0 0 0 0 0 0 0 0 0 0 0 0 0 0 0 0 0 0 0 0 0 0 0 0 0 0 0 0 0 0
 0 0 0 0 0 0 0 0 0 0 0 0 0 0 0 0 0 0 0 0 0 0 0 0 0 0 0 0 0 0 0 0 0 0 0 0 0 0 0 0 0 0 0 0 0 0 0 0 0 0 0 0 0 0 0 0 0 0 0 0 0 0 0 0 0 0 0 0 0 0 0 0 0 0 0 0 0 0 0 0 0 0 0 0 0 0 0 0 0 0 0 0 0 0 0 0 0 0.0625 0.0625 0.0625 0.125 0.125 0.25 0.25 0.25 0.125 0.125 0.0625 0.0625 0.0625 0.125 0.125 0.75 0.75 0.75 1.5625 1.5625 0.8125 0.8125 0.8125 0.125 0.125 0 0 0 0 0 0 0 0 0 0 0 0 0 0 0 0 0 0 0 0 0 0 0 0 0 0 0 0 0 0 0 0 0 0 0 0 0 0 0 0 0 0 0 0 0 0 0
 0 0 0 0 0 0 0 0 0 0 0 0 0 0 0 0 0 0 0 0 0 0 0 0 0 0 0 0 0 0 0 0 0 0 0 0 0 0 0 0 0 0 0 0 0 0 0 0 0 0 0 0 0 0 0 0 0 0 0 0 0 0 0 0 0 0 0 0 0 0 0 0 0 0 0 0 0 0 0 0 0 0 0 0 0 0 0 0 0 0 0 0 0 0 0 0 0 0 0 0 0 0 0.125 0.125 0.125 0.0625 0.0625 0 0 0 0.375 0.375 1.25 1.25 1.25 0.875 0.875 0.375 0.375 0.375 0.0625 0.0625 0 0 0 0 0 0 0 0 0 0 0 0 0 0 0 0 0 0 0 0 0 0 0 0 0 0 0 0 0 0 0 0 0 0 0 0 0 0 0 0 0 0 0 0 0 0 0
 0 0 0 0 0 0 0 0 0 0 0 0 0 0 0 0 0 0 0 0 0 0 0 0 0 0 0 0 0 0 0 0 0 0 0 0 0 0 0 0 0 0 0 0 0 0 0 0 0 0 0 0 0 0 0 0 0 0 0 0 0 0 0 0 0 0 0 0 0 0 0 0 0 0 0 0 0 0 0 0 0 0 0 0 0 0 0 0 0 0 0 0 0 0 0 0 0 0 0 0 0 0 0.125 0.125 0.125 0.0625 0.0625 0 0 0 0.375 0.375 1.25 1.25 1.25 0.875 0.875 0.375 0.375 0.375 0.0625 0.0625 0 0 0 0 0 0 0 0 0 0 0 0 0 0 0 0 0 0 0 0 0 0 0 0 0 0 0 0 0 0 0 0 0 0 0 0 0 0 0 0 0 0 0 0 0 0 0
 0 0 0 0 0 0 0 0 0 0 0 0 0 0 0 0 0 0 0 0 0 0 0 0 0 0 0 0 0 0 0 0 0 0 0 0 0 0 0 0 0 0 0 0 0 0 0 0 0 0 0 0 0 0 0 0 0 0 0 0 0 0 0 0 0 0 0 0 0 0 0 0 0 0 0 0 0 0 0 0 0 0 0 0 0 0 0 0 0 0 0 0 0 0 0 0 0 0 0 0 0 0 0 0 0 0 0 0.1875 0.1875 0.1875 0.875 0.875 1.0625 1.0625 1.0625 0.625 0.625 0.1875 0.1875 0.1875 0 0 0 0 0 0 0 0 0 0 0 0 0 0 0 0 0 0 0 0 0 0 0 0 0 0 0 0 0 0 0 0 0 0 0 0 0 0 0 0 0 0 0 0 0 0 0 0 0
 0 0 0 0 0 0 0 0 0 0 0 0 0 0 0 0 0 0 0 0 0 0 0 0 0 0 0 0 0 0 0 0 0 0 0 0 0 0 0 0 0 0 0 0 0 0 0 0 0 0 0 0 0 0 0 0 0 0 0 0 0 0 0 0 0 0 0 0 0 0 0 0 0 0 0 0 0 0 0 0 0 0 0 0 0 0 0 0 0 0 0 0 0 0 0 0 0 0 0 0 0 0 0 0 0 0 0 0.1875 0.1875 0.1875 0.875 0.875 1.0625 1.0625 1.0625 0.625 0.625 0.1875 0.1875 0.1875 0 0 0 0 0 0 0 0 0 0 0 0 0 0 0 0 0 0 0 0 0 0 0 0 0 0 0 0 0 0 0 0 0 0 0 0 0 0 0 0 0 0 0 0 0 0 0 0 0
 0 0 0 0 0 0 0 0 0 0 0 0 0 0 0 0 0 0 0 0 0 0 0 0 0 0 0 0 0 0 0 0 0 0 0 0 0 0 0 0 0 0 0 0 0 0 0 0 0 0 0 0 0 0 0 0 0 0 0 0 0 0 0 0 0 0 0 0 0 0 0 0 0 0 0 0 0 0 0 0 0 0 0 0 0 0 0 0 0 0 0 0 0 0 0 0 0 0 0 0 0 0 0 0 0 0 0 0.1875 0.1875 0.1875 0.875 0.875 1.0625 1.0625 1.0625 0.625 0.625 0.1875 0.1875 0.1875 0 0 0 0 0 0 0 0 0 0 0 0 0 0 0 0 0 0 0 0 0 0 0 0 0 0 0 0 0 0 0 0 0 0 0 0 0 0 0 0 0 0 0 0 0 0 0 0 0
 0 0 0 0 0 0 0 0 0 0 0 0 0 0 0 0 0 0 0 0 0 0 0 0 0 0 0 0 0 0 0 0 0 0 0 0 0 0 0 0 0 0 0 0 0 0 0 0 0 0 0 0 0 0 0 0 0 0 0 0 0 0 0 0 0 0 0 0 0 0 0 0 0 0 0 0 0 0 0 0 0 0 0 0 0 0 0 0 0 0 0 0 0 0 0 0.0625 0.0625 0.0625 0.0625 0.0625 0 0 0 0 0 0 0 0.3125 0.3125 0.3125 1.125 1.125 0.875 0.875 0.875 0.375 0.375 0.0625 0.0625 0.0625 0 0 0 0 0 0 0 0 0 0 0 0 0 0 0 0 0 0 0 0 0 0 0 0 0 0 0 0 0 0 0 0 0 0 0 0 0 0 0 0 0 0 0 0 0 0 0 0 0
 0 0 0 0 0 0 0 0 0 0 0 0 0 0 0 0 0 0 0 0 0 0 0 0 0 0 0 0 0 0 0 0 0 0 0 0 0 0 0 0 0 0 0 0 0 0 0 0 0 0 0 0 0 0 0 0 0 0 0 0 0 0 0 0 0 0 0 0 0 0 0 0 0 0 0 0 0 0 0 0 0 0 0 0 0 0 0 0 0 0 0 0 0 0 0 0.0625 0.0625 0.0625 0.0625 0.0625 0 0 0 0 0 0 0 0.3125 0.3125 0.3125 1.125 1.125 0.875 0.875 0.875 0.375 0.375 0.0625 0.0625 0.0625 0 0 0 0 0 0 0 0 0 0 0 0 0 0 0 0 0 0 0 0 0 0 0 0 0 0 0 0 0 0 0 0 0 0 0 0 0 0 0 0 0 0 0 0 0 0 0 0 0
 0 0 0 0 0 0 0 0 0 0 0 0 0 0 0 0 0 0 0 0 0 0 0 0 0 0 0 0 0 0 0 0 0 0 0 0 0 0 0 0 0 0 0 0 0 0 0 0 0 0 0 0 0 0 0 0 0 0 0 0 0 0 0 0 0 0 0 0 0 0 0 0 0 0 0 0 0 0 0 0 0 0 0 0 0 0 0 0 0 0 0 0 0.0625 0.0625 0.0625 0.0625 0.0625 0 0 0 0 0 0 0 0 0.0625 0.0625 0.625 0.625 0.625 0.875 0.875 0.5625 0.5625 0.5625 0.125 0.125 0 0 0 0 0 0 0 0 0 0 0 0 0 0 0 0 0 0 0 0 0 0 0 0 0 0.0625 0.0625 0.0625 0.0625 0.0625 0 0 0 0 0 0 0 0 0 0 0 0 0 0 0 0 0 0 0 0 0 0
 0 0 0 0 0 0 0 0 0 0 0 0 0 0 0 0 0 0 0 0 0 0 0 0 0 0 0 0 0 0 0 0 0 0 0 0 0 0 0 0 0 0 0 0 0 0 0 0 0 0 0 0 0 0 0 0 0 0 0 0 0 0 0 0 0 0 0 0 0 0 0 0 0 0 0 0 0 0 0 0 0 0 0 0 0 0 0 0 0 0 0 0 0.0625 0.0625 0.0625 0.0625 0.0625 0 0 0 0 0 0 0 0 0.0625 0.0625 0.625 0.625 0.625 0.875 0.875 0.5625 0.5625 0.5625 0.125 0.125 0 0 0 0 0 0 0 0 0 0 0 0 0 0 0 0 0 0 0 0 0 0 0 0 0 0.0625 0.0625 0.0625 0.0625 0.0625 0 0 0 0 0 0 0 0 0 0 0 0 0 0 0 0 0 0 0 0 0 0
