ncols        169
nrows        134
xllcorner    60.900000000000
yllcorner    23.700000000000
cellsize     0.100000000000
NODATA_value  -9999
 3.375 3.375 3.3125 3.3125 3.3125 3.4375 3.4375 3.8125 3.8125 3.8125 3.875 3.875 2.5 2.5 2.5 1.0625 1.0625 0.6875 0.6875 0.6875 0.9375 0.9375 1.375 1.375 1.375 1.25 1.25 1.25 1.25 1.25 2.0625 2.0625 2.625 2.625 2.625 1.5625 1.5625 0.375 0.375 0.375 0.0625 0.0625 0.125 0.125 0.125 0.125 0.125 0.0625 0.0625 0.0625 0.0625 0.0625 0 0 0 0 0 0 0 0 0 0 0 0 0 0 0 0 0 0 0 0 0 0 0 0 0 0 0 0 0 0 0 0 0 0 0 0 0 0 0 0 0 0 0 0.0625 0.0625 0 0 0 0 0 0.0625 0.0625 0.0625 0.125 0.125 0.5 0.5 0.5 0.625 0.625 0.3125 0.3125 0.3125 0.375 0.375 0.3125 0.3125 0.3125 0.5625 0.5625 1 1 1 0.75 0.75 0.375 0.375 0.375 0.1875 0.1875 0.3125 0.3125 0.3125 0.625 0.625 0.625 0.625 0.625 0.625 0.625 0.25 0.25 0.25 0 0 0 0 0 0 0 0 0 0 0 0 0 0 0 0 0 0 0 0 0 0 0 0
 3.375 3.375 3.3125 3.3125 3.3125 3.4375 3.4375 3.8125 3.8125 3.8125 3.875 3.875 2.5 2.5 2.5 1.0625 1.0625 0.6875 0.6875 0.6875 0.9375 0.9375 1.375 1.375 1.375 1.25 1.25 1.25 1.25 1.25 2.0625 2.0625 2.625 2.625 2.625 1.5625 1.5625 0.375 0.375 0.375 0.0625 0.0625 0.125 0.125 0.125 0.125 0.125 0.0625 0.0625 0.0625 0.0625 0.0625 0 0 0 0 0 0 0 0 0 0 0 0 0 0 0 0 0 0 0 0 0 0 0 0 0 0 0 0 0 0 0 0 0 0 0 0 0 0 0 0 0 0 0 0.0625 0.0625 0 0 0 0 0 0.0625 0.0625 0.0625 0.125 0.125 0.5 0.5 0.5 0.625 0.625 0.3125 0.3125 0.3125 0.375 0.375 0.3125 0.3125 0.3125 0.5625 0.5625 1 1 1 0.75 0.75 0.375 0.375 0.375 0.1875 0.1875 0.3125 0.3125 0.3125 0.625 0.625 0.625 0.625 0.625 0.625 0.625 0.25 0.25 0.25 0 0 0 0 0 0 0 0 0 0 0 0 0 0 0 0 0 0 0 0 0 0 0 0
 5.75 5.75 6.6875 6.6875 6.6875 6.375 6.375 5.9375 5.9375 5.9375 5.3125 5.3125 3.9375 3.9375 3.9375 2.25 2.25 1.9375 1.9375 1.9375 2.125 2.125 2.0625 2.0625 2.0625 1.75 1.75 1.25 1.25 1.25 1.8125 1.8125 3.125 3.125 3.125 1.8125 1.8125 0.4375 0.4375 0.4375 0.25 0.25 0.5 0.5 0.5 0.375 0.375 0.25 0.25 0.25 0.125 0.125 0.0625 0.0625 0.0625 0.125 0.125 0.125 0.125 0.125 0.0625 0.0625 0.0625 0.0625 0.0625 0.0625 0.0625 0 0 0 0 0 0 0 0 0 0 0 0 0 0 0 0 0 0 0 0 0 0 0 0 0 0 0 0 0 0 0 0 0 0 0 0 0 0 0 0 0.0625 0.0625 0.0625 0.375 0.375 1.125 1.125 1.125 1.4375 1.4375 1.3125 1.3125 1.3125 1.0625 1.0625 1.125 1.125 1.125 1.125 1.125 1.5 1.5 1.5 1.5 1.5 0.875 0.875 0.875 1.0625 1.0625 1.9375 1.9375 1.9375 1.6875 1.6875 1.3125 1.3125 1.3125 0.5 0.5 0.0625 0.0625 0.0625 0 0 0 0 0 0 0 0 0 0 0 0 0 0 0 0 0 0 0
 5.75 5.75 6.6875 6.6875 6.6875 6.375 6.375 5.9375 5.9375 5.9375 5.3125 5.3125 3.9375 3.9375 3.9375 2.25 2.25 1.9375 1.9375 1.9375 2.125 2.125 2.0625 2.0625 2.0625 1.75 1.75 1.25 1.25 1.25 1.8125 1.8125 3.125 3.125 3.125 1.8125 1.8125 0.4375 0.4375 0.4375 0.25 0.25 0.5 0.5 0.5 0.375 0.375 0.25 0.25 0.25 0.125 0.125 0.0625 0.0625 0.0625 0.125 0.125 0.125 0.125 0.125 0.0625 0.0625 0.0625 0.0625 0.0625 0.0625 0.0625 0 0 0 0 0 0 0 0 0 0 0 0 0 0 0 0 0 0 0 0 0 0 0 0 0 0 0 0 0 0 0 0 0 0 0 0 0 0 0 0 0.0625 0.0625 0.0625 0.375 0.375 1.125 1.125 1.125 1.4375 1.4375 1.3125 1.3125 1.3125 1.0625 1.0625 1.125 1.125 1.125 1.125 1.125 1.5 1.5 1.5 1.5 1.5 0.875 0.875 0.875 1.0625 1.0625 1.9375 1.9375 1.9375 1.6875 1.6875 1.3125 1.3125 1.3125 0.5 0.5 0.0625 0.0625 0.0625 0 0 0 0 0 0 0 0 0 0 0 0 0 0 0 0 0 0 0
 5.75 5.75 6.6875 6.6875 6.6875 6.375 6.375 5.9375 5.9375 5.9375 5.3125 5.3125 3.9375 3.9375 3.9375 2.25 2.25 1.9375 1.9375 1.9375 2.125 2.125 2.0625 2.0625 2.0625 1.75 1.75 1.25 1.25 1.25 1.8125 1.8125 3.125 3.125 3.125 1.8125 1.8125 0.4375 0.4375 0.4375 0.25 0.25 0.5 0.5 0.5 0.375 0.375 0.25 0.25 0.25 0.125 0.125 0.0625 0.0625 0.0625 0.125 0.125 0.125 0.125 0.125 0.0625 0.0625 0.0625 0.0625 0.0625 0.0625 0.0625 0 0 0 0 0 0 0 0 0 0 0 0 0 0 0 0 0 0 0 0 0 0 0 0 0 0 0 0 0 0 0 0 0 0 0 0 0 0 0 0 0.0625 0.0625 0.0625 0.375 0.375 1.125 1.125 1.125 1.4375 1.4375 1.3125 1.3125 1.3125 1.0625 1.0625 1.125 1.125 1.125 1.125 1.125 1.5 1.5 1.5 1.5 1.5 0.875 0.875 0.875 1.0625 1.0625 1.9375 1.9375 1.9375 1.6875 1.6875 1.3125 1.3125 1.3125 0.5 0.5 0.0625 0.0625 0.0625 0 0 0 0 0 0 0 0 0 0 0 0 0 0 0 0 0 0 0
 7.5 7.5 9.625 9.625 9.625 9.375 9.375 7.4375 7.4375 7.4375 6.25 6.25 5.9375 5.9375 5.9375 4.5625 4.5625 4 4 4 3.625 3.625 2.8125 2.8125 2.8125 2.3125 2.3125 2.0625 2.0625 2.0625 2.9375 2.9375 3.1875 3.1875 3.1875 1.6875 1.6875 0.8125 0.8125 0.8125 0.9375 0.9375 1.4375 1.4375 1.4375 0.9375 0.9375 0.5625 0.5625 0.5625 0.3125 0.3125 0.1875 0.1875 0.1875 0.25 0.25 0.25 0.25 0.25 0.125 0.125 0.1875 0.1875 0.1875 0.0625 0.0625 0 0 0 0 0 0 0 0 0 0 0 0 0 0 0 0 0 0 0.0625 0.0625 0.125 0.125 0.125 0.1875 0.1875 0.1875 0.1875 0.1875 0.1875 0.1875 0.0625 0.0625 0.0625 0 0 0 0 0 0.0625 0.0625 0.125 0.125 0.125 1.5 1.5 2.6875 2.6875 2.6875 2.5 2.5 2 2 2 1.6875 1.6875 1.8125 1.8125 1.8125 1.75 1.75 1.875 1.875 1.875 1.8125 1.8125 1.5 1.5 1.5 1.0625 1.0625 1.8125 1.8125 1.8125 1.8125 1.8125 1.9375 1.9375 1.9375 1.5625 1.5625 0.4375 0.4375 0.4375 0 0 0 0 0 0 0 0 0 0 0 0 0 0 0 0 0 0 0
 7.5 7.5 9.625 9.625 9.625 9.375 9.375 7.4375 7.4375 7.4375 6.25 6.25 5.9375 5.9375 5.9375 4.5625 4.5625 4 4 4 3.625 3.625 2.8125 2.8125 2.8125 2.3125 2.3125 2.0625 2.0625 2.0625 2.9375 2.9375 3.1875 3.1875 3.1875 1.6875 1.6875 0.8125 0.8125 0.8125 0.9375 0.9375 1.4375 1.4375 1.4375 0.9375 0.9375 0.5625 0.5625 0.5625 0.3125 0.3125 0.1875 0.1875 0.1875 0.25 0.25 0.25 0.25 0.25 0.125 0.125 0.1875 0.1875 0.1875 0.0625 0.0625 0 0 0 0 0 0 0 0 0 0 0 0 0 0 0 0 0 0 0.0625 0.0625 0.125 0.125 0.125 0.1875 0.1875 0.1875 0.1875 0.1875 0.1875 0.1875 0.0625 0.0625 0.0625 0 0 0 0 0 0.0625 0.0625 0.125 0.125 0.125 1.5 1.5 2.6875 2.6875 2.6875 2.5 2.5 2 2 2 1.6875 1.6875 1.8125 1.8125 1.8125 1.75 1.75 1.875 1.875 1.875 1.8125 1.8125 1.5 1.5 1.5 1.0625 1.0625 1.8125 1.8125 1.8125 1.8125 1.8125 1.9375 1.9375 1.9375 1.5625 1.5625 0.4375 0.4375 0.4375 0 0 0 0 0 0 0 0 0 0 0 0 0 0 0 0 0 0 0
 10.4375 10.4375 11.5625 11.5625 11.5625 11.0625 11.0625 8.5625 8.5625 8.5625 6.5625 6.5625 5.875 5.875 5.875 5.125 5.125 5.125 5.125 5.125 5.4375 5.4375 4.75 4.75 4.75 4.3125 4.3125 3.6875 3.6875 3.6875 3.0625 3.0625 2.375 2.375 2.375 2.125 2.125 1.5 1.5 1.5 1.5 1.5 1.6875 1.6875 1.6875 1.0625 1.0625 0.5 0.5 0.5 0.125 0.125 0.125 0.125 0.125 0.0625 0.0625 0.0625 0.0625 0.0625 0.0625 0.0625 0 0 0 0 0 0 0 0 0 0 0 0 0 0 0 0 0 0 0 0 0 0 0 0.125 0.125 0.3125 0.3125 0.3125 0.5625 0.5625 0.5625 0.5625 0.5625 1.125 1.125 0.375 0.375 0.375 0.3125 0.3125 0.6875 0.6875 0.6875 0.875 0.875 0.6875 0.6875 0.6875 1.25 1.25 1.5625 1.5625 1.5625 2.4375 2.4375 1.9375 1.9375 1.9375 2.0625 2.0625 1.8125 1.8125 1.8125 1.25 1.25 0.6875 0.6875 0.6875 1.1875 1.1875 1.4375 1.4375 1.4375 1.0625 1.0625 1.25 1.25 1.25 2.25 2.25 2 2 2 1.1875 1.1875 0.6875 0.6875 0.6875 0.4375 0.4375 0.0625 0.0625 0.0625 0 0 0 0 0 0 0 0 0 0 0 0 0 0
 10.4375 10.4375 11.5625 11.5625 11.5625 11.0625 11.0625 8.5625 8.5625 8.5625 6.5625 6.5625 5.875 5.875 5.875 5.125 5.125 5.125 5.125 5.125 5.4375 5.4375 4.75 4.75 4.75 4.3125 4.3125 3.6875 3.6875 3.6875 3.0625 3.0625 2.375 2.375 2.375 2.125 2.125 1.5 1.5 1.5 1.5 1.5 1.6875 1.6875 1.6875 1.0625 1.0625 0.5 0.5 0.5 0.125 0.125 0.125 0.125 0.125 0.0625 0.0625 0.0625 0.0625 0.0625 0.0625 0.0625 0 0 0 0 0 0 0 0 0 0 0 0 0 0 0 0 0 0 0 0 0 0 0 0.125 0.125 0.3125 0.3125 0.3125 0.5625 0.5625 0.5625 0.5625 0.5625 1.125 1.125 0.375 0.375 0.375 0.3125 0.3125 0.6875 0.6875 0.6875 0.875 0.875 0.6875 0.6875 0.6875 1.25 1.25 1.5625 1.5625 1.5625 2.4375 2.4375 1.9375 1.9375 1.9375 2.0625 2.0625 1.8125 1.8125 1.8125 1.25 1.25 0.6875 0.6875 0.6875 1.1875 1.1875 1.4375 1.4375 1.4375 1.0625 1.0625 1.25 1.25 1.25 2.25 2.25 2 2 2 1.1875 1.1875 0.6875 0.6875 0.6875 0.4375 0.4375 0.0625 0.0625 0.0625 0 0 0 0 0 0 0 0 0 0 0 0 0 0
 10.4375 10.4375 11.5625 11.5625 11.5625 11.0625 11.0625 8.5625 8.5625 8.5625 6.5625 6.5625 5.875 5.875 5.875 5.125 5.125 5.125 5.125 5.125 5.4375 5.4375 4.75 4.75 4.75 4.3125 4.3125 3.6875 3.6875 3.6875 3.0625 3.0625 2.375 2.375 2.375 2.125 2.125 1.5 1.5 1.5 1.5 1.5 1.6875 1.6875 1.6875 1.0625 1.0625 0.5 0.5 0.5 0.125 0.125 0.125 0.125 0.125 0.0625 0.0625 0.0625 0.0625 0.0625 0.0625 0.0625 0 0 0 0 0 0 0 0 0 0 0 0 0 0 0 0 0 0 0 0 0 0 0 0.125 0.125 0.3125 0.3125 0.3125 0.5625 0.5625 0.5625 0.5625 0.5625 1.125 1.125 0.375 0.375 0.375 0.3125 0.3125 0.6875 0.6875 0.6875 0.875 0.875 0.6875 0.6875 0.6875 1.25 1.25 1.5625 1.5625 1.5625 2.4375 2.4375 1.9375 1.9375 1.9375 2.0625 2.0625 1.8125 1.8125 1.8125 1.25 1.25 0.6875 0.6875 0.6875 1.1875 1.1875 1.4375 1.4375 1.4375 1.0625 1.0625 1.25 1.25 1.25 2.25 2.25 2 2 2 1.1875 1.1875 0.6875 0.6875 0.6875 0.4375 0.4375 0.0625 0.0625 0.0625 0 0 0 0 0 0 0 0 0 0 0 0 0 0
 14.5625 14.5625 13.0625 13.0625 13.0625 12.125 12.125 9.8125 9.8125 9.8125 6.9375 6.9375 5.0625 5.0625 5.0625 4.625 4.625 5.0625 5.0625 5.0625 6.1875 6.1875 7.1875 7.1875 7.1875 6.5 6.5 4.625 4.625 4.625 3.9375 3.9375 4.4375 4.4375 4.4375 4.0625 4.0625 2.125 2.125 2.125 0.8125 0.8125 1.0625 1.0625 1.0625 1.4375 1.4375 1.25 1.25 1.25 0.1875 0.1875 0 0 0 0 0 0 0 0 0 0 0 0 0 0 0 0 0 0 0 0 0 0 0 0 0 0 0 0 0 0 0.0625 0.0625 0.0625 0.1875 0.1875 0.5 0.5 0.5 0.875 0.875 1.1875 1.1875 1.1875 1.25 1.25 0.4375 0.4375 0.4375 0.6875 0.6875 1.875 1.875 1.875 1.4375 1.4375 0.6875 0.6875 0.6875 0.8125 0.8125 1.1875 1.1875 1.1875 1.4375 1.4375 1.375 1.375 1.375 1.25 1.25 1.125 1.125 1.125 1 1 0.9375 0.9375 0.9375 1.125 1.125 0.6875 0.6875 0.6875 0.375 0.375 0.625 0.625 0.625 2.75 2.75 3.5625 3.5625 3.5625 3.125 3.125 2.625 2.625 2.625 2.125 2.125 0.9375 0.9375 0.9375 0.3125 0.3125 0.375 0.375 0.375 0.3125 0.3125 0.0625 0.0625 0.0625 0 0 0 0
 14.5625 14.5625 13.0625 13.0625 13.0625 12.125 12.125 9.8125 9.8125 9.8125 6.9375 6.9375 5.0625 5.0625 5.0625 4.625 4.625 5.0625 5.0625 5.0625 6.1875 6.1875 7.1875 7.1875 7.1875 6.5 6.5 4.625 4.625 4.625 3.9375 3.9375 4.4375 4.4375 4.4375 4.0625 4.0625 2.125 2.125 2.125 0.8125 0.8125 1.0625 1.0625 1.0625 1.4375 1.4375 1.25 1.25 1.25 0.1875 0.1875 0 0 0 0 0 0 0 0 0 0 0 0 0 0 0 0 0 0 0 0 0 0 0 0 0 0 0 0 0 0 0.0625 0.0625 0.0625 0.1875 0.1875 0.5 0.5 0.5 0.875 0.875 1.1875 1.1875 1.1875 1.25 1.25 0.4375 0.4375 0.4375 0.6875 0.6875 1.875 1.875 1.875 1.4375 1.4375 0.6875 0.6875 0.6875 0.8125 0.8125 1.1875 1.1875 1.1875 1.4375 1.4375 1.375 1.375 1.375 1.25 1.25 1.125 1.125 1.125 1 1 0.9375 0.9375 0.9375 1.125 1.125 0.6875 0.6875 0.6875 0.375 0.375 0.625 0.625 0.625 2.75 2.75 3.5625 3.5625 3.5625 3.125 3.125 2.625 2.625 2.625 2.125 2.125 0.9375 0.9375 0.9375 0.3125 0.3125 0.375 0.375 0.375 0.3125 0.3125 0.0625 0.0625 0.0625 0 0 0 0
 13.5 13.5 13.5 13.5 13.5 12.6875 12.6875 11 11 11 9.25 9.25 8.25 8.25 8.25 7.1875 7.1875 6.125 6.125 6.125 6 6 6.3125 6.3125 6.3125 6.5625 6.5625 6.1875 6.1875 6.1875 6.6875 6.6875 5.8125 5.8125 5.8125 2.875 2.875 1 1 1 0.375 0.375 0.1875 0.1875 0.1875 0.4375 0.4375 0.8125 0.8125 0.8125 0.125 0.125 0 0 0 0 0 0 0 0 0 0 0 0 0 0 0 0 0 0 0 0 0 0 0 0 0 0 0 0 0.1875 0.1875 0.1875 0.1875 0.1875 0.375 0.375 1.625 1.625 1.625 1.9375 1.9375 1.5625 1.5625 1.5625 1.125 1.125 0.875 0.875 0.875 1.25 1.25 1.5625 1.5625 1.5625 1.5 1.5 0.75 0.75 0.75 1.25 1.25 2.125 2.125 2.125 3 3 3.0625 3.0625 3.0625 3.0625 3.0625 2.625 2.625 2.625 1.5625 1.5625 1.0625 1.0625 1.0625 1.3125 1.3125 1.875 1.875 1.875 1.375 1.375 0.4375 0.4375 0.4375 1.8125 1.8125 2.75 2.75 2.75 3.4375 3.4375 3.375 3.375 3.375 3.0625 3.0625 2.0625 2.0625 2.0625 1.4375 1.4375 1.3125 1.3125 1.3125 1.5625 1.5625 0.75 0.75 0.75 0.1875 0.1875 0.0625 0.0625
 13.5 13.5 13.5 13.5 13.5 12.6875 12.6875 11 11 11 9.25 9.25 8.25 8.25 8.25 7.1875 7.1875 6.125 6.125 6.125 6 6 6.3125 6.3125 6.3125 6.5625 6.5625 6.1875 6.1875 6.1875 6.6875 6.6875 5.8125 5.8125 5.8125 2.875 2.875 1 1 1 0.375 0.375 0.1875 0.1875 0.1875 0.4375 0.4375 0.8125 0.8125 0.8125 0.125 0.125 0 0 0 0 0 0 0 0 0 0 0 0 0 0 0 0 0 0 0 0 0 0 0 0 0 0 0 0 0.1875 0.1875 0.1875 0.1875 0.1875 0.375 0.375 1.625 1.625 1.625 1.9375 1.9375 1.5625 1.5625 1.5625 1.125 1.125 0.875 0.875 0.875 1.25 1.25 1.5625 1.5625 1.5625 1.5 1.5 0.75 0.75 0.75 1.25 1.25 2.125 2.125 2.125 3 3 3.0625 3.0625 3.0625 3.0625 3.0625 2.625 2.625 2.625 1.5625 1.5625 1.0625 1.0625 1.0625 1.3125 1.3125 1.875 1.875 1.875 1.375 1.375 0.4375 0.4375 0.4375 1.8125 1.8125 2.75 2.75 2.75 3.4375 3.4375 3.375 3.375 3.375 3.0625 3.0625 2.0625 2.0625 2.0625 1.4375 1.4375 1.3125 1.3125 1.3125 1.5625 1.5625 0.75 0.75 0.75 0.1875 0.1875 0.0625 0.0625
 13.5 13.5 13.5 13.5 13.5 12.6875 12.6875 11 11 11 9.25 9.25 8.25 8.25 8.25 7.1875 7.1875 6.125 6.125 6.125 6 6 6.3125 6.3125 6.3125 6.5625 6.5625 6.1875 6.1875 6.1875 6.6875 6.6875 5.8125 5.8125 5.8125 2.875 2.875 1 1 1 0.375 0.375 0.1875 0.1875 0.1875 0.4375 0.4375 0.8125 0.8125 0.8125 0.125 0.125 0 0 0 0 0 0 0 0 0 0 0 0 0 0 0 0 0 0 0 0 0 0 0 0 0 0 0 0 0.1875 0.1875 0.1875 0.1875 0.1875 0.375 0.375 1.625 1.625 1.625 1.9375 1.9375 1.5625 1.5625 1.5625 1.125 1.125 0.875 0.875 0.875 1.25 1.25 1.5625 1.5625 1.5625 1.5 1.5 0.75 0.75 0.75 1.25 1.25 2.125 2.125 2.125 3 3 3.0625 3.0625 3.0625 3.0625 3.0625 2.625 2.625 2.625 1.5625 1.5625 1.0625 1.0625 1.0625 1.3125 1.3125 1.875 1.875 1.875 1.375 1.375 0.4375 0.4375 0.4375 1.8125 1.8125 2.75 2.75 2.75 3.4375 3.4375 3.375 3.375 3.375 3.0625 3.0625 2.0625 2.0625 2.0625 1.4375 1.4375 1.3125 1.3125 1.3125 1.5625 1.5625 0.75 0.75 0.75 0.1875 0.1875 0.0625 0.0625
 16.1875 16.1875 15.75 15.75 15.75 15.875 15.875 15.6875 15.6875 15.6875 14.8125 14.8125 13.5625 13.5625 13.5625 11.0625 11.0625 8.875 8.875 8.875 9.125 9.125 9.125 9.125 9.125 7.3125 7.3125 6.9375 6.9375 6.9375 5.1875 5.1875 3.625 3.625 3.625 3.375 3.375 2.6875 2.6875 2.6875 1.6875 1.6875 0.6875 0.6875 0.6875 0.375 0.375 0.5625 0.5625 0.5625 0.5 0.5 0.375 0.375 0.375 0.0625 0.0625 0.0625 0.0625 0.0625 0.0625 0.0625 0.0625 0.0625 0.0625 0 0 0 0 0 0 0 0.0625 0.0625 0.0625 0.25 0.25 0.625 0.625 0.625 0.6875 0.6875 0.5625 0.5625 0.5625 1.25 1.25 2.0625 2.0625 2.0625 1.5625 1.5625 2.3125 2.3125 2.3125 2 2 2.5 2.5 2.5 2.5 2.5 1.1875 1.1875 1.1875 0.375 0.375 0.1875 0.1875 0.1875 0.6875 0.6875 1.6875 1.6875 1.6875 2.25 2.25 3.25 3.25 3.25 3.5625 3.5625 2.375 2.375 2.375 2 2 1.0625 1.0625 1.0625 0.1875 0.1875 0.375 0.375 0.375 1.125 1.125 1.375 1.375 1.375 1.1875 1.1875 1 1 1 0.8125 0.8125 1.1875 1.1875 1.1875 2.1875 2.1875 2.125 2.125 2.125 1.4375 1.4375 1.9375 1.9375 1.9375 2.3125 2.3125 1.9375 1.9375 1.9375 1.25 1.25 0.625 0.625
 16.1875 16.1875 15.75 15.75 15.75 15.875 15.875 15.6875 15.6875 15.6875 14.8125 14.8125 13.5625 13.5625 13.5625 11.0625 11.0625 8.875 8.875 8.875 9.125 9.125 9.125 9.125 9.125 7.3125 7.3125 6.9375 6.9375 6.9375 5.1875 5.1875 3.625 3.625 3.625 3.375 3.375 2.6875 2.6875 2.6875 1.6875 1.6875 0.6875 0.6875 0.6875 0.375 0.375 0.5625 0.5625 0.5625 0.5 0.5 0.375 0.375 0.375 0.0625 0.0625 0.0625 0.0625 0.0625 0.0625 0.0625 0.0625 0.0625 0.0625 0 0 0 0 0 0 0 0.0625 0.0625 0.0625 0.25 0.25 0.625 0.625 0.625 0.6875 0.6875 0.5625 0.5625 0.5625 1.25 1.25 2.0625 2.0625 2.0625 1.5625 1.5625 2.3125 2.3125 2.3125 2 2 2.5 2.5 2.5 2.5 2.5 1.1875 1.1875 1.1875 0.375 0.375 0.1875 0.1875 0.1875 0.6875 0.6875 1.6875 1.6875 1.6875 2.25 2.25 3.25 3.25 3.25 3.5625 3.5625 2.375 2.375 2.375 2 2 1.0625 1.0625 1.0625 0.1875 0.1875 0.375 0.375 0.375 1.125 1.125 1.375 1.375 1.375 1.1875 1.1875 1 1 1 0.8125 0.8125 1.1875 1.1875 1.1875 2.1875 2.1875 2.125 2.125 2.125 1.4375 1.4375 1.9375 1.9375 1.9375 2.3125 2.3125 1.9375 1.9375 1.9375 1.25 1.25 0.625 0.625
 15.5 15.5 23.0625 23.0625 23.0625 25.5625 25.5625 22.8125 22.8125 22.8125 21.5 21.5 20 20 20 16.125 16.125 12.6875 12.6875 12.6875 10.6875 10.6875 5.625 5.625 5.625 2.3125 2.3125 1.375 1.375 1.375 1.0625 1.0625 1.125 1.125 1.125 1.3125 1.3125 0.5625 0.5625 0.5625 0.5 0.5 0.8125 0.8125 0.8125 1.5625 1.5625 1.9375 1.9375 1.9375 1.625 1.625 1 1 1 0.3125 0.3125 0.5625 0.5625 0.5625 0.375 0.375 0.1875 0.1875 0.1875 0.0625 0.0625 0 0 0 0.0625 0.0625 0.3125 0.3125 0.3125 0.875 0.875 2.0625 2.0625 2.0625 1.9375 1.9375 1.1875 1.1875 1.1875 1.75 1.75 2.3125 2.3125 2.3125 3.125 3.125 2.5625 2.5625 2.5625 2.8125 2.8125 3 3 3 1.4375 1.4375 0.6875 0.6875 0.6875 0.1875 0.1875 0.1875 0.1875 0.1875 0.25 0.25 0.75 0.75 0.75 0.9375 0.9375 1.8125 1.8125 1.8125 2 2 2.875 2.875 2.875 4.5625 4.5625 2.6875 2.6875 2.6875 0.625 0.625 0.125 0.125 0.125 1.125 1.125 2.0625 2.0625 2.0625 0.5625 0.5625 0.6875 0.6875 0.6875 0.25 0.25 0.0625 0.0625 0.0625 0.3125 0.3125 0.5 0.5 0.5 0.375 0.375 1.375 1.375 1.375 2 2 2.0625 2.0625 2.0625 1.75 1.75 1.1875 1.1875
 15.5 15.5 23.0625 23.0625 23.0625 25.5625 25.5625 22.8125 22.8125 22.8125 21.5 21.5 20 20 20 16.125 16.125 12.6875 12.6875 12.6875 10.6875 10.6875 5.625 5.625 5.625 2.3125 2.3125 1.375 1.375 1.375 1.0625 1.0625 1.125 1.125 1.125 1.3125 1.3125 0.5625 0.5625 0.5625 0.5 0.5 0.8125 0.8125 0.8125 1.5625 1.5625 1.9375 1.9375 1.9375 1.625 1.625 1 1 1 0.3125 0.3125 0.5625 0.5625 0.5625 0.375 0.375 0.1875 0.1875 0.1875 0.0625 0.0625 0 0 0 0.0625 0.0625 0.3125 0.3125 0.3125 0.875 0.875 2.0625 2.0625 2.0625 1.9375 1.9375 1.1875 1.1875 1.1875 1.75 1.75 2.3125 2.3125 2.3125 3.125 3.125 2.5625 2.5625 2.5625 2.8125 2.8125 3 3 3 1.4375 1.4375 0.6875 0.6875 0.6875 0.1875 0.1875 0.1875 0.1875 0.1875 0.25 0.25 0.75 0.75 0.75 0.9375 0.9375 1.8125 1.8125 1.8125 2 2 2.875 2.875 2.875 4.5625 4.5625 2.6875 2.6875 2.6875 0.625 0.625 0.125 0.125 0.125 1.125 1.125 2.0625 2.0625 2.0625 0.5625 0.5625 0.6875 0.6875 0.6875 0.25 0.25 0.0625 0.0625 0.0625 0.3125 0.3125 0.5 0.5 0.5 0.375 0.375 1.375 1.375 1.375 2 2 2.0625 2.0625 2.0625 1.75 1.75 1.1875 1.1875
 15.5 15.5 23.0625 23.0625 23.0625 25.5625 25.5625 22.8125 22.8125 22.8125 21.5 21.5 20 20 20 16.125 16.125 12.6875 12.6875 12.6875 10.6875 10.6875 5.625 5.625 5.625 2.3125 2.3125 1.375 1.375 1.375 1.0625 1.0625 1.125 1.125 1.125 1.3125 1.3125 0.5625 0.5625 0.5625 0.5 0.5 0.8125 0.8125 0.8125 1.5625 1.5625 1.9375 1.9375 1.9375 1.625 1.625 1 1 1 0.3125 0.3125 0.5625 0.5625 0.5625 0.375 0.375 0.1875 0.1875 0.1875 0.0625 0.0625 0 0 0 0.0625 0.0625 0.3125 0.3125 0.3125 0.875 0.875 2.0625 2.0625 2.0625 1.9375 1.9375 1.1875 1.1875 1.1875 1.75 1.75 2.3125 2.3125 2.3125 3.125 3.125 2.5625 2.5625 2.5625 2.8125 2.8125 3 3 3 1.4375 1.4375 0.6875 0.6875 0.6875 0.1875 0.1875 0.1875 0.1875 0.1875 0.25 0.25 0.75 0.75 0.75 0.9375 0.9375 1.8125 1.8125 1.8125 2 2 2.875 2.875 2.875 4.5625 4.5625 2.6875 2.6875 2.6875 0.625 0.625 0.125 0.125 0.125 1.125 1.125 2.0625 2.0625 2.0625 0.5625 0.5625 0.6875 0.6875 0.6875 0.25 0.25 0.0625 0.0625 0.0625 0.3125 0.3125 0.5 0.5 0.5 0.375 0.375 1.375 1.375 1.375 2 2 2.0625 2.0625 2.0625 1.75 1.75 1.1875 1.1875
 23.75 23.75 27.875 27.875 27.875 31 31 32.4375 32.4375 32.4375 30.9375 30.9375 27.25 27.25 27.25 22 22 16.125 16.125 16.125 8.1875 8.1875 2.1875 2.1875 2.1875 1.125 1.125 0.4375 0.4375 0.4375 0.1875 0.1875 0.125 0.125 0.125 0.0625 0.0625 0.125 0.125 0.125 0.375 0.375 0.8125 0.8125 0.8125 0.8125 0.8125 0.875 0.875 0.875 1.1875 1.1875 1.0625 1.0625 1.0625 1.5625 1.5625 1.625 1.625 1.625 1.4375 1.4375 1.0625 1.0625 1.0625 0.5625 0.5625 0.6875 0.6875 0.6875 0.75 0.75 1.625 1.625 1.625 2.875 2.875 1.6875 1.6875 1.6875 0.8125 0.8125 0.4375 0.4375 0.4375 0.5625 0.5625 1.4375 1.4375 1.4375 1.8125 1.8125 0.625 0.625 0.625 0.5625 0.5625 0.5 0.5 0.5 0.1875 0.1875 0.25 0.25 0.25 0.4375 0.4375 0.3125 0.3125 0.3125 0.25 0.25 0.5 0.5 0.5 0.5625 0.5625 0.875 0.875 0.875 0.875 0.875 2.125 2.125 2.125 2.9375 2.9375 2.6875 2.6875 2.6875 1 1 0.375 0.375 0.375 0.5 0.5 0.6875 0.6875 0.6875 0.25 0.25 0.25 0.25 0.25 0.25 0.25 0.25 0.25 0.25 0.0625 0.0625 0 0 0 0 0 0.1875 0.1875 0.1875 0.5 0.5 0.625 0.625 0.625 0.625 0.625 0.625 0.625
 23.75 23.75 27.875 27.875 27.875 31 31 32.4375 32.4375 32.4375 30.9375 30.9375 27.25 27.25 27.25 22 22 16.125 16.125 16.125 8.1875 8.1875 2.1875 2.1875 2.1875 1.125 1.125 0.4375 0.4375 0.4375 0.1875 0.1875 0.125 0.125 0.125 0.0625 0.0625 0.125 0.125 0.125 0.375 0.375 0.8125 0.8125 0.8125 0.8125 0.8125 0.875 0.875 0.875 1.1875 1.1875 1.0625 1.0625 1.0625 1.5625 1.5625 1.625 1.625 1.625 1.4375 1.4375 1.0625 1.0625 1.0625 0.5625 0.5625 0.6875 0.6875 0.6875 0.75 0.75 1.625 1.625 1.625 2.875 2.875 1.6875 1.6875 1.6875 0.8125 0.8125 0.4375 0.4375 0.4375 0.5625 0.5625 1.4375 1.4375 1.4375 1.8125 1.8125 0.625 0.625 0.625 0.5625 0.5625 0.5 0.5 0.5 0.1875 0.1875 0.25 0.25 0.25 0.4375 0.4375 0.3125 0.3125 0.3125 0.25 0.25 0.5 0.5 0.5 0.5625 0.5625 0.875 0.875 0.875 0.875 0.875 2.125 2.125 2.125 2.9375 2.9375 2.6875 2.6875 2.6875 1 1 0.375 0.375 0.375 0.5 0.5 0.6875 0.6875 0.6875 0.25 0.25 0.25 0.25 0.25 0.25 0.25 0.25 0.25 0.25 0.0625 0.0625 0 0 0 0 0 0.1875 0.1875 0.1875 0.5 0.5 0.625 0.625 0.625 0.625 0.625 0.625 0.625
 30.375 30.375 26.3125 26.3125 26.3125 22.5625 22.5625 23.5 23.5 23.5 24.25 24.25 21.3125 21.3125 21.3125 15.625 15.625 10.0625 10.0625 10.0625 6.4375 6.4375 3.5625 3.5625 3.5625 2.1875 2.1875 1.5 1.5 1.5 1.625 1.625 1.1875 1.1875 1.1875 0.75 0.75 0.5625 0.5625 0.5625 0.5625 0.5625 0.5625 0.5625 0.5625 0.6875 0.6875 1.0625 1.0625 1.0625 1.375 1.375 1.625 1.625 1.625 2.25 2.25 2.3125 2.3125 2.3125 1.75 1.75 1.625 1.625 1.625 2.0625 2.0625 2.5 2.5 2.5 2.1875 2.1875 2.75 2.75 2.75 2.9375 2.9375 1.875 1.875 1.875 1.25 1.25 1.125 1.125 1.125 0.8125 0.8125 0.4375 0.4375 0.4375 0.1875 0.1875 0.125 0.125 0.125 0.375 0.375 0.4375 0.4375 0.4375 0.1875 0.1875 0.0625 0.0625 0.0625 0 0 0 0 0 0 0 0.0625 0.0625 0.0625 0.25 0.25 0.375 0.375 0.375 0.375 0.375 1 1 1 1.5625 1.5625 1.4375 1.4375 1.4375 0.875 0.875 0.4375 0.4375 0.4375 0.1875 0.1875 0.125 0.125 0.125 0.25 0.25 0.3125 0.3125 0.3125 0.25 0.25 0.3125 0.3125 0.3125 0.3125 0.3125 0 0 0 0 0 0 0 0 0 0 0 0 0 0 0 0.1875 0.1875
 30.375 30.375 26.3125 26.3125 26.3125 22.5625 22.5625 23.5 23.5 23.5 24.25 24.25 21.3125 21.3125 21.3125 15.625 15.625 10.0625 10.0625 10.0625 6.4375 6.4375 3.5625 3.5625 3.5625 2.1875 2.1875 1.5 1.5 1.5 1.625 1.625 1.1875 1.1875 1.1875 0.75 0.75 0.5625 0.5625 0.5625 0.5625 0.5625 0.5625 0.5625 0.5625 0.6875 0.6875 1.0625 1.0625 1.0625 1.375 1.375 1.625 1.625 1.625 2.25 2.25 2.3125 2.3125 2.3125 1.75 1.75 1.625 1.625 1.625 2.0625 2.0625 2.5 2.5 2.5 2.1875 2.1875 2.75 2.75 2.75 2.9375 2.9375 1.875 1.875 1.875 1.25 1.25 1.125 1.125 1.125 0.8125 0.8125 0.4375 0.4375 0.4375 0.1875 0.1875 0.125 0.125 0.125 0.375 0.375 0.4375 0.4375 0.4375 0.1875 0.1875 0.0625 0.0625 0.0625 0 0 0 0 0 0 0 0.0625 0.0625 0.0625 0.25 0.25 0.375 0.375 0.375 0.375 0.375 1 1 1 1.5625 1.5625 1.4375 1.4375 1.4375 0.875 0.875 0.4375 0.4375 0.4375 0.1875 0.1875 0.125 0.125 0.125 0.25 0.25 0.3125 0.3125 0.3125 0.25 0.25 0.3125 0.3125 0.3125 0.3125 0.3125 0 0 0 0 0 0 0 0 0 0 0 0 0 0 0 0.1875 0.1875
 30.375 30.375 26.3125 26.3125 26.3125 22.5625 22.5625 23.5 23.5 23.5 24.25 24.25 21.3125 21.3125 21.3125 15.625 15.625 10.0625 10.0625 10.0625 6.4375 6.4375 3.5625 3.5625 3.5625 2.1875 2.1875 1.5 1.5 1.5 1.625 1.625 1.1875 1.1875 1.1875 0.75 0.75 0.5625 0.5625 0.5625 0.5625 0.5625 0.5625 0.5625 0.5625 0.6875 0.6875 1.0625 1.0625 1.0625 1.375 1.375 1.625 1.625 1.625 2.25 2.25 2.3125 2.3125 2.3125 1.75 1.75 1.625 1.625 1.625 2.0625 2.0625 2.5 2.5 2.5 2.1875 2.1875 2.75 2.75 2.75 2.9375 2.9375 1.875 1.875 1.875 1.25 1.25 1.125 1.125 1.125 0.8125 0.8125 0.4375 0.4375 0.4375 0.1875 0.1875 0.125 0.125 0.125 0.375 0.375 0.4375 0.4375 0.4375 0.1875 0.1875 0.0625 0.0625 0.0625 0 0 0 0 0 0 0 0.0625 0.0625 0.0625 0.25 0.25 0.375 0.375 0.375 0.375 0.375 1 1 1 1.5625 1.5625 1.4375 1.4375 1.4375 0.875 0.875 0.4375 0.4375 0.4375 0.1875 0.1875 0.125 0.125 0.125 0.25 0.25 0.3125 0.3125 0.3125 0.25 0.25 0.3125 0.3125 0.3125 0.3125 0.3125 0 0 0 0 0 0 0 0 0 0 0 0 0 0 0 0.1875 0.1875
 34.1875 34.1875 26.375 26.375 26.375 17.375 17.375 14.0625 14.0625 14.0625 10.1875 10.1875 6.75 6.75 6.75 3.5 3.5 2.125 2.125 2.125 3.4375 3.4375 2.375 2.375 2.375 1.8125 1.8125 3.5625 3.5625 3.5625 3 3 1.625 1.625 1.625 0.875 0.875 0.3125 0.3125 0.3125 0.1875 0.1875 0.1875 0.1875 0.1875 0.375 0.375 0.5625 0.5625 0.5625 0.9375 0.9375 1.375 1.375 1.375 1.6875 1.6875 2.0625 2.0625 2.0625 2.3125 2.3125 3.25 3.25 3.25 3.9375 3.9375 3.875 3.875 3.875 3.625 3.625 3.4375 3.4375 3.4375 3.8125 3.8125 2.375 2.375 2.375 1.5 1.5 1.5625 1.5625 1.5625 1.1875 1.1875 0.5 0.5 0.5 0.125 0.125 0 0 0 0 0 0 0 0 0 0 0 0 0 0 0 0 0 0 0 0 0 0 0 0 0 0.0625 0.0625 0.0625 0.125 0.125 0.25 0.25 0.25 0.625 0.625 0.9375 0.9375 0.9375 0.8125 0.8125 0.4375 0.4375 0.4375 0.3125 0.3125 0.3125 0.3125 0.3125 0.3125 0.3125 0.3125 0.3125 0.3125 0.3125 0.3125 0.5 0.5 0.5 0.5625 0.5625 0.25 0.25 0.25 0 0 0 0 0 0.0625 0.0625 0 0 0 0 0 0 0
 34.1875 34.1875 26.375 26.375 26.375 17.375 17.375 14.0625 14.0625 14.0625 10.1875 10.1875 6.75 6.75 6.75 3.5 3.5 2.125 2.125 2.125 3.4375 3.4375 2.375 2.375 2.375 1.8125 1.8125 3.5625 3.5625 3.5625 3 3 1.625 1.625 1.625 0.875 0.875 0.3125 0.3125 0.3125 0.1875 0.1875 0.1875 0.1875 0.1875 0.375 0.375 0.5625 0.5625 0.5625 0.9375 0.9375 1.375 1.375 1.375 1.6875 1.6875 2.0625 2.0625 2.0625 2.3125 2.3125 3.25 3.25 3.25 3.9375 3.9375 3.875 3.875 3.875 3.625 3.625 3.4375 3.4375 3.4375 3.8125 3.8125 2.375 2.375 2.375 1.5 1.5 1.5625 1.5625 1.5625 1.1875 1.1875 0.5 0.5 0.5 0.125 0.125 0 0 0 0 0 0 0 0 0 0 0 0 0 0 0 0 0 0 0 0 0 0 0 0 0 0.0625 0.0625 0.0625 0.125 0.125 0.25 0.25 0.25 0.625 0.625 0.9375 0.9375 0.9375 0.8125 0.8125 0.4375 0.4375 0.4375 0.3125 0.3125 0.3125 0.3125 0.3125 0.3125 0.3125 0.3125 0.3125 0.3125 0.3125 0.3125 0.5 0.5 0.5 0.5625 0.5625 0.25 0.25 0.25 0 0 0 0 0 0.0625 0.0625 0 0 0 0 0 0 0
 30.5625 30.5625 22.4375 22.4375 22.4375 9.875 9.875 4.4375 4.4375 4.4375 1.6875 1.6875 1.125 1.125 1.125 0.875 0.875 0.6875 0.6875 0.6875 1.3125 1.3125 1.4375 1.4375 1.4375 1.75 1.75 1.4375 1.4375 1.4375 0.75 0.75 0.3125 0.3125 0.3125 0.25 0.25 0.375 0.375 0.375 0.3125 0.3125 0.5 0.5 0.5 1.1875 1.1875 2.125 2.125 2.125 2.9375 2.9375 3.125 3.125 3.125 2.5 2.5 2.1875 2.1875 2.1875 1.9375 1.9375 2.125 2.125 2.125 2.3125 2.3125 2.625 2.625 2.625 2.625 2.625 3.375 3.375 3.375 3.5 3.5 1.8125 1.8125 1.8125 1.375 1.375 1.6875 1.6875 1.6875 1.6875 1.6875 1.1875 1.1875 1.1875 0.875 0.875 0.375 0.375 0.375 0.0625 0.0625 0 0 0 0 0 0 0 0 0 0 0 0 0 0 0 0 0 0 0 0 0 0 0 0 0 0 0 0 0.125 0.125 0.75 0.75 0.75 1.375 1.375 1 1 1 0.5625 0.5625 0.3125 0.3125 0.3125 0.375 0.375 0.3125 0.3125 0.3125 0.25 0.25 0.625 0.625 0.625 0.5625 0.5625 0.8125 0.8125 0.8125 0.375 0.375 0.0625 0.0625 0.0625 0 0 0 0 0 0 0 0 0
 30.5625 30.5625 22.4375 22.4375 22.4375 9.875 9.875 4.4375 4.4375 4.4375 1.6875 1.6875 1.125 1.125 1.125 0.875 0.875 0.6875 0.6875 0.6875 1.3125 1.3125 1.4375 1.4375 1.4375 1.75 1.75 1.4375 1.4375 1.4375 0.75 0.75 0.3125 0.3125 0.3125 0.25 0.25 0.375 0.375 0.375 0.3125 0.3125 0.5 0.5 0.5 1.1875 1.1875 2.125 2.125 2.125 2.9375 2.9375 3.125 3.125 3.125 2.5 2.5 2.1875 2.1875 2.1875 1.9375 1.9375 2.125 2.125 2.125 2.3125 2.3125 2.625 2.625 2.625 2.625 2.625 3.375 3.375 3.375 3.5 3.5 1.8125 1.8125 1.8125 1.375 1.375 1.6875 1.6875 1.6875 1.6875 1.6875 1.1875 1.1875 1.1875 0.875 0.875 0.375 0.375 0.375 0.0625 0.0625 0 0 0 0 0 0 0 0 0 0 0 0 0 0 0 0 0 0 0 0 0 0 0 0 0 0 0 0 0.125 0.125 0.75 0.75 0.75 1.375 1.375 1 1 1 0.5625 0.5625 0.3125 0.3125 0.3125 0.375 0.375 0.3125 0.3125 0.3125 0.25 0.25 0.625 0.625 0.625 0.5625 0.5625 0.8125 0.8125 0.8125 0.375 0.375 0.0625 0.0625 0.0625 0 0 0 0 0 0 0 0 0
 30.5625 30.5625 22.4375 22.4375 22.4375 9.875 9.875 4.4375 4.4375 4.4375 1.6875 1.6875 1.125 1.125 1.125 0.875 0.875 0.6875 0.6875 0.6875 1.3125 1.3125 1.4375 1.4375 1.4375 1.75 1.75 1.4375 1.4375 1.4375 0.75 0.75 0.3125 0.3125 0.3125 0.25 0.25 0.375 0.375 0.375 0.3125 0.3125 0.5 0.5 0.5 1.1875 1.1875 2.125 2.125 2.125 2.9375 2.9375 3.125 3.125 3.125 2.5 2.5 2.1875 2.1875 2.1875 1.9375 1.9375 2.125 2.125 2.125 2.3125 2.3125 2.625 2.625 2.625 2.625 2.625 3.375 3.375 3.375 3.5 3.5 1.8125 1.8125 1.8125 1.375 1.375 1.6875 1.6875 1.6875 1.6875 1.6875 1.1875 1.1875 1.1875 0.875 0.875 0.375 0.375 0.375 0.0625 0.0625 0 0 0 0 0 0 0 0 0 0 0 0 0 0 0 0 0 0 0 0 0 0 0 0 0 0 0 0 0.125 0.125 0.75 0.75 0.75 1.375 1.375 1 1 1 0.5625 0.5625 0.3125 0.3125 0.3125 0.375 0.375 0.3125 0.3125 0.3125 0.25 0.25 0.625 0.625 0.625 0.5625 0.5625 0.8125 0.8125 0.8125 0.375 0.375 0.0625 0.0625 0.0625 0 0 0 0 0 0 0 0 0
 26.25 26.25 14.5 14.5 14.5 4.6875 4.6875 1.25 1.25 1.25 0.75 0.75 1.75 1.75 1.75 2.75 2.75 5.1875 5.1875 5.1875 5.8125 5.8125 4 4 4 3.4375 3.4375 3.25 3.25 3.25 2.5625 2.5625 1.1875 1.1875 1.1875 0.5625 0.5625 0.5 0.5 0.5 0.5 0.5 1.125 1.125 1.125 3.25 3.25 4.125 4.125 4.125 3.8125 3.8125 4.75 4.75 4.75 3.875 3.875 3.1875 3.1875 3.1875 2.5625 2.5625 1.6875 1.6875 1.6875 1.5 1.5 1.9375 1.9375 1.9375 1.75 1.75 2.375 2.375 2.375 3.125 3.125 2.6875 2.6875 2.6875 2.125 2.125 2.375 2.375 2.375 2.8125 2.8125 2.0625 2.0625 2.0625 1.6875 1.6875 1.75 1.75 1.75 1.125 1.125 0.4375 0.4375 0.4375 0.1875 0.1875 0 0 0 0 0 0 0 0 0 0 0 0 0 0 0 0 0 0 0 0 0 0 0 0 0 0.1875 0.1875 0.1875 1 1 1.3125 1.3125 1.3125 1 1 0.3125 0.3125 0.3125 0.1875 0.1875 0.1875 0.1875 0.1875 0.1875 0.1875 0.25 0.25 0.25 0.5625 0.5625 1 1 1 0.8125 0.8125 0.625 0.625 0.625 0.25 0.25 0 0 0 0 0 0 0
 26.25 26.25 14.5 14.5 14.5 4.6875 4.6875 1.25 1.25 1.25 0.75 0.75 1.75 1.75 1.75 2.75 2.75 5.1875 5.1875 5.1875 5.8125 5.8125 4 4 4 3.4375 3.4375 3.25 3.25 3.25 2.5625 2.5625 1.1875 1.1875 1.1875 0.5625 0.5625 0.5 0.5 0.5 0.5 0.5 1.125 1.125 1.125 3.25 3.25 4.125 4.125 4.125 3.8125 3.8125 4.75 4.75 4.75 3.875 3.875 3.1875 3.1875 3.1875 2.5625 2.5625 1.6875 1.6875 1.6875 1.5 1.5 1.9375 1.9375 1.9375 1.75 1.75 2.375 2.375 2.375 3.125 3.125 2.6875 2.6875 2.6875 2.125 2.125 2.375 2.375 2.375 2.8125 2.8125 2.0625 2.0625 2.0625 1.6875 1.6875 1.75 1.75 1.75 1.125 1.125 0.4375 0.4375 0.4375 0.1875 0.1875 0 0 0 0 0 0 0 0 0 0 0 0 0 0 0 0 0 0 0 0 0 0 0 0 0 0.1875 0.1875 0.1875 1 1 1.3125 1.3125 1.3125 1 1 0.3125 0.3125 0.3125 0.1875 0.1875 0.1875 0.1875 0.1875 0.1875 0.1875 0.25 0.25 0.25 0.5625 0.5625 1 1 1 0.8125 0.8125 0.625 0.625 0.625 0.25 0.25 0 0 0 0 0 0 0
 19.625 19.625 7 7 7 1.6875 1.6875 0.8125 0.8125 0.8125 1.5625 1.5625 2.4375 2.4375 2.4375 4.125 4.125 8 8 8 9.125 9.125 10 10 10 10.9375 10.9375 9.5 9.5 9.5 5.8125 5.8125 1.9375 1.9375 1.9375 1 1 1.1875 1.1875 1.1875 2 2 3.5 3.5 3.5 5.6875 5.6875 5.875 5.875 5.875 5.5625 5.5625 5.875 5.875 5.875 5.5625 5.5625 3.6875 3.6875 3.6875 2.3125 2.3125 2.3125 2.3125 2.3125 2.1875 2.1875 2.625 2.625 2.625 2.125 2.125 2.5 2.5 2.5 2.25 2.25 2.6875 2.6875 2.6875 2.1875 2.1875 1.5625 1.5625 1.5625 1.4375 1.4375 0.875 0.875 0.875 0.4375 0.4375 0.4375 0.4375 0.4375 0.9375 0.9375 0.6875 0.6875 0.6875 0.3125 0.3125 0 0 0 0 0 0 0 0 0 0 0 0 0 0 0 0 0 0 0 0 0 0 0 0 0 0 0 0 0.0625 0.0625 0.5 0.5 0.5 1.625 1.625 1.0625 1.0625 1.0625 0.5 0.5 0.1875 0.1875 0.1875 0.0625 0.0625 0.0625 0.0625 0.0625 0.625 0.625 1.75 1.75 1.75 1.25 1.25 1 1 1 0.4375 0.4375 0.0625 0.0625 0.0625 0 0 0 0
 19.625 19.625 7 7 7 1.6875 1.6875 0.8125 0.8125 0.8125 1.5625 1.5625 2.4375 2.4375 2.4375 4.125 4.125 8 8 8 9.125 9.125 10 10 10 10.9375 10.9375 9.5 9.5 9.5 5.8125 5.8125 1.9375 1.9375 1.9375 1 1 1.1875 1.1875 1.1875 2 2 3.5 3.5 3.5 5.6875 5.6875 5.875 5.875 5.875 5.5625 5.5625 5.875 5.875 5.875 5.5625 5.5625 3.6875 3.6875 3.6875 2.3125 2.3125 2.3125 2.3125 2.3125 2.1875 2.1875 2.625 2.625 2.625 2.125 2.125 2.5 2.5 2.5 2.25 2.25 2.6875 2.6875 2.6875 2.1875 2.1875 1.5625 1.5625 1.5625 1.4375 1.4375 0.875 0.875 0.875 0.4375 0.4375 0.4375 0.4375 0.4375 0.9375 0.9375 0.6875 0.6875 0.6875 0.3125 0.3125 0 0 0 0 0 0 0 0 0 0 0 0 0 0 0 0 0 0 0 0 0 0 0 0 0 0 0 0 0.0625 0.0625 0.5 0.5 0.5 1.625 1.625 1.0625 1.0625 1.0625 0.5 0.5 0.1875 0.1875 0.1875 0.0625 0.0625 0.0625 0.0625 0.0625 0.625 0.625 1.75 1.75 1.75 1.25 1.25 1 1 1 0.4375 0.4375 0.0625 0.0625 0.0625 0 0 0 0
 19.625 19.625 7 7 7 1.6875 1.6875 0.8125 0.8125 0.8125 1.5625 1.5625 2.4375 2.4375 2.4375 4.125 4.125 8 8 8 9.125 9.125 10 10 10 10.9375 10.9375 9.5 9.5 9.5 5.8125 5.8125 1.9375 1.9375 1.9375 1 1 1.1875 1.1875 1.1875 2 2 3.5 3.5 3.5 5.6875 5.6875 5.875 5.875 5.875 5.5625 5.5625 5.875 5.875 5.875 5.5625 5.5625 3.6875 3.6875 3.6875 2.3125 2.3125 2.3125 2.3125 2.3125 2.1875 2.1875 2.625 2.625 2.625 2.125 2.125 2.5 2.5 2.5 2.25 2.25 2.6875 2.6875 2.6875 2.1875 2.1875 1.5625 1.5625 1.5625 1.4375 1.4375 0.875 0.875 0.875 0.4375 0.4375 0.4375 0.4375 0.4375 0.9375 0.9375 0.6875 0.6875 0.6875 0.3125 0.3125 0 0 0 0 0 0 0 0 0 0 0 0 0 0 0 0 0 0 0 0 0 0 0 0 0 0 0 0 0.0625 0.0625 0.5 0.5 0.5 1.625 1.625 1.0625 1.0625 1.0625 0.5 0.5 0.1875 0.1875 0.1875 0.0625 0.0625 0.0625 0.0625 0.0625 0.625 0.625 1.75 1.75 1.75 1.25 1.25 1 1 1 0.4375 0.4375 0.0625 0.0625 0.0625 0 0 0 0
 12.0625 12.0625 3.25 3.25 3.25 0.75 0.75 1.375 1.375 1.375 2.125 2.125 2.8125 2.8125 2.8125 4.4375 4.4375 6.375 6.375 6.375 10.0625 10.0625 14.25 14.25 14.25 13.375 13.375 10.5625 10.5625 10.5625 5.5 5.5 1.8125 1.8125 1.8125 1.6875 1.6875 2.875 2.875 2.875 4.625 4.625 5.1875 5.1875 5.1875 5.875 5.875 6.5 6.5 6.5 6.9375 6.9375 5.5 5.5 5.5 3.5625 3.5625 2.6875 2.6875 2.6875 3.4375 3.4375 3.25 3.25 3.25 3.125 3.125 3.1875 3.1875 3.1875 2.8125 2.8125 2.5625 2.5625 2.5625 1.75 1.75 1.375 1.375 1.375 1.0625 1.0625 0.875 0.875 0.875 0.4375 0.4375 0.1875 0.1875 0.1875 0.0625 0.0625 0.0625 0.0625 0.0625 0.1875 0.1875 0.1875 0.1875 0.1875 0.0625 0.0625 0 0 0 0 0 0 0 0 0 0 0 0 0 0 0 0 0 0 0 0 0 0 0 0 0 0 0 0 0 0 0.0625 0.0625 0.0625 0.75 0.75 1.125 1.125 1.125 0.6875 0.6875 0.375 0.375 0.375 0.1875 0.1875 0.0625 0.0625 0.0625 0.25 0.25 1.8125 1.8125 1.8125 1.75 1.75 0.875 0.875 0.875 0.4375 0.4375 0.1875 0.1875 0.1875 0 0 0 0
 12.0625 12.0625 3.25 3.25 3.25 0.75 0.75 1.375 1.375 1.375 2.125 2.125 2.8125 2.8125 2.8125 4.4375 4.4375 6.375 6.375 6.375 10.0625 10.0625 14.25 14.25 14.25 13.375 13.375 10.5625 10.5625 10.5625 5.5 5.5 1.8125 1.8125 1.8125 1.6875 1.6875 2.875 2.875 2.875 4.625 4.625 5.1875 5.1875 5.1875 5.875 5.875 6.5 6.5 6.5 6.9375 6.9375 5.5 5.5 5.5 3.5625 3.5625 2.6875 2.6875 2.6875 3.4375 3.4375 3.25 3.25 3.25 3.125 3.125 3.1875 3.1875 3.1875 2.8125 2.8125 2.5625 2.5625 2.5625 1.75 1.75 1.375 1.375 1.375 1.0625 1.0625 0.875 0.875 0.875 0.4375 0.4375 0.1875 0.1875 0.1875 0.0625 0.0625 0.0625 0.0625 0.0625 0.1875 0.1875 0.1875 0.1875 0.1875 0.0625 0.0625 0 0 0 0 0 0 0 0 0 0 0 0 0 0 0 0 0 0 0 0 0 0 0 0 0 0 0 0 0 0 0.0625 0.0625 0.0625 0.75 0.75 1.125 1.125 1.125 0.6875 0.6875 0.375 0.375 0.375 0.1875 0.1875 0.0625 0.0625 0.0625 0.25 0.25 1.8125 1.8125 1.8125 1.75 1.75 0.875 0.875 0.875 0.4375 0.4375 0.1875 0.1875 0.1875 0 0 0 0
 9.25 9.25 2.4375 2.4375 2.4375 1.4375 1.4375 2.6875 2.6875 2.6875 3.4375 3.4375 5 5 5 7.875 7.875 9.625 9.625 9.625 11.6875 11.6875 14.25 14.25 14.25 13.875 13.875 11.875 11.875 11.875 6 6 4 4 4 5.0625 5.0625 7.1875 7.1875 7.1875 7.125 7.125 6.125 6.125 6.125 7.375 7.375 7.1875 7.1875 7.1875 7.375 7.375 5.8125 5.8125 5.8125 3.875 3.875 3.75 3.75 3.75 3.25 3.25 3.3125 3.3125 3.3125 3.25 3.25 3.5625 3.5625 3.5625 2.6875 2.6875 2.1875 2.1875 2.1875 2.5625 2.5625 1.9375 1.9375 1.9375 1.625 1.625 1.8125 1.8125 1.8125 1.125 1.125 0.3125 0.3125 0.3125 0.0625 0.0625 0 0 0 0 0 0 0 0 0 0 0 0 0 0 0 0 0 0 0 0 0 0 0 0 0 0 0 0 0 0 0 0 0 0 0 0 0 0 0 0 0 0 0 0 0 0.0625 0.0625 0.0625 0.125 0.125 0.125 0.125 0.125 0.125 0.125 0.0625 0.0625 0.0625 0.0625 0.0625 0.5625 0.5625 0.5625 1.5625 1.5625 1.5625 1.5625 1.5625 0.5625 0.5625 0.1875 0.1875 0.1875 0.0625 0.0625 0 0
 9.25 9.25 2.4375 2.4375 2.4375 1.4375 1.4375 2.6875 2.6875 2.6875 3.4375 3.4375 5 5 5 7.875 7.875 9.625 9.625 9.625 11.6875 11.6875 14.25 14.25 14.25 13.875 13.875 11.875 11.875 11.875 6 6 4 4 4 5.0625 5.0625 7.1875 7.1875 7.1875 7.125 7.125 6.125 6.125 6.125 7.375 7.375 7.1875 7.1875 7.1875 7.375 7.375 5.8125 5.8125 5.8125 3.875 3.875 3.75 3.75 3.75 3.25 3.25 3.3125 3.3125 3.3125 3.25 3.25 3.5625 3.5625 3.5625 2.6875 2.6875 2.1875 2.1875 2.1875 2.5625 2.5625 1.9375 1.9375 1.9375 1.625 1.625 1.8125 1.8125 1.8125 1.125 1.125 0.3125 0.3125 0.3125 0.0625 0.0625 0 0 0 0 0 0 0 0 0 0 0 0 0 0 0 0 0 0 0 0 0 0 0 0 0 0 0 0 0 0 0 0 0 0 0 0 0 0 0 0 0 0 0 0 0 0.0625 0.0625 0.0625 0.125 0.125 0.125 0.125 0.125 0.125 0.125 0.0625 0.0625 0.0625 0.0625 0.0625 0.5625 0.5625 0.5625 1.5625 1.5625 1.5625 1.5625 1.5625 0.5625 0.5625 0.1875 0.1875 0.1875 0.0625 0.0625 0 0
 9.25 9.25 2.4375 2.4375 2.4375 1.4375 1.4375 2.6875 2.6875 2.6875 3.4375 3.4375 5 5 5 7.875 7.875 9.625 9.625 9.625 11.6875 11.6875 14.25 14.25 14.25 13.875 13.875 11.875 11.875 11.875 6 6 4 4 4 5.0625 5.0625 7.1875 7.1875 7.1875 7.125 7.125 6.125 6.125 6.125 7.375 7.375 7.1875 7.1875 7.1875 7.375 7.375 5.8125 5.8125 5.8125 3.875 3.875 3.75 3.75 3.75 3.25 3.25 3.3125 3.3125 3.3125 3.25 3.25 3.5625 3.5625 3.5625 2.6875 2.6875 2.1875 2.1875 2.1875 2.5625 2.5625 1.9375 1.9375 1.9375 1.625 1.625 1.8125 1.8125 1.8125 1.125 1.125 0.3125 0.3125 0.3125 0.0625 0.0625 0 0 0 0 0 0 0 0 0 0 0 0 0 0 0 0 0 0 0 0 0 0 0 0 0 0 0 0 0 0 0 0 0 0 0 0 0 0 0 0 0 0 0 0 0 0.0625 0.0625 0.0625 0.125 0.125 0.125 0.125 0.125 0.125 0.125 0.0625 0.0625 0.0625 0.0625 0.0625 0.5625 0.5625 0.5625 1.5625 1.5625 1.5625 1.5625 1.5625 0.5625 0.5625 0.1875 0.1875 0.1875 0.0625 0.0625 0 0
 7.5 7.5 3.75 3.75 3.75 4.4375 4.4375 4.9375 4.9375 4.9375 6.1875 6.1875 7.8125 7.8125 7.8125 9.25 9.25 9.25 9.25 9.25 9 9 9.75 9.75 9.75 10.5625 10.5625 12.9375 12.9375 12.9375 12.1875 12.1875 10.9375 10.9375 10.9375 11.6875 11.6875 12.75 12.75 12.75 9.75 9.75 7.625 7.625 7.625 8.4375 8.4375 8.375 8.375 8.375 9.0625 9.0625 6.8125 6.8125 6.8125 5.5625 5.5625 4.3125 4.3125 4.3125 4.375 4.375 4.1875 4.1875 4.1875 3.6875 3.6875 3.8125 3.8125 3.8125 3.4375 3.4375 3.4375 3.4375 3.4375 3.75 3.75 3.625 3.625 3.625 3.3125 3.3125 3 3 3 1.5625 1.5625 0.5 0.5 0.5 0.125 0.125 0 0 0 0 0 0 0 0 0 0 0 0 0 0 0 0 0 0 0 0 0 0 0 0 0 0 0 0 0 0 0 0 0 0 0 0 0 0 0 0 0 0 0 0 0 0 0 0 0 0 0 0 0 0.0625 0.0625 0.125 0.125 0.125 0.0625 0.0625 0.0625 0.0625 0.0625 0.5 0.5 1.375 1.375 1.375 0.9375 0.9375 0.375 0.375 0.375 0.0625 0.0625 0 0
 7.5 7.5 3.75 3.75 3.75 4.4375 4.4375 4.9375 4.9375 4.9375 6.1875 6.1875 7.8125 7.8125 7.8125 9.25 9.25 9.25 9.25 9.25 9 9 9.75 9.75 9.75 10.5625 10.5625 12.9375 12.9375 12.9375 12.1875 12.1875 10.9375 10.9375 10.9375 11.6875 11.6875 12.75 12.75 12.75 9.75 9.75 7.625 7.625 7.625 8.4375 8.4375 8.375 8.375 8.375 9.0625 9.0625 6.8125 6.8125 6.8125 5.5625 5.5625 4.3125 4.3125 4.3125 4.375 4.375 4.1875 4.1875 4.1875 3.6875 3.6875 3.8125 3.8125 3.8125 3.4375 3.4375 3.4375 3.4375 3.4375 3.75 3.75 3.625 3.625 3.625 3.3125 3.3125 3 3 3 1.5625 1.5625 0.5 0.5 0.5 0.125 0.125 0 0 0 0 0 0 0 0 0 0 0 0 0 0 0 0 0 0 0 0 0 0 0 0 0 0 0 0 0 0 0 0 0 0 0 0 0 0 0 0 0 0 0 0 0 0 0 0 0 0 0 0 0 0.0625 0.0625 0.125 0.125 0.125 0.0625 0.0625 0.0625 0.0625 0.0625 0.5 0.5 1.375 1.375 1.375 0.9375 0.9375 0.375 0.375 0.375 0.0625 0.0625 0 0
 6.125 6.125 9.125 9.125 9.125 9.4375 9.4375 7.75 7.75 7.75 8.1875 8.1875 7 7 7 6.75 6.75 8.3125 8.3125 8.3125 8.125 8.125 9.875 9.875 9.875 13.375 13.375 15.1875 15.1875 15.1875 16.0625 16.0625 14.0625 14.0625 14.0625 14.25 14.25 14.5 14.5 14.5 13.375 13.375 11.875 11.875 11.875 9.75 9.75 9.8125 9.8125 9.8125 9.0625 9.0625 5.5 5.5 5.5 4.6875 4.6875 5.9375 5.9375 5.9375 6.9375 6.9375 5.875 5.875 5.875 4.4375 4.4375 4.8125 4.8125 4.8125 4.75 4.75 4.1875 4.1875 4.1875 4 4 3.75 3.75 3.75 3.875 3.875 3.1875 3.1875 3.1875 2.8125 2.8125 1.375 1.375 1.375 0.6875 0.6875 0.1875 0.1875 0.1875 0 0 0 0 0 0 0 0 0 0 0 0 0 0 0 0 0 0 0 0 0 0 0 0 0 0 0 0 0 0 0 0 0 0 0 0 0 0 0 0 0 0 0 0 0 0 0 0 0 0 0 0 0.0625 0.0625 0.0625 0.0625 0.0625 0.0625 0.0625 0.0625 0.1875 0.1875 0.25 0.25 0.25 0.375 0.375 0.5 0.5 0.5 0.3125 0.3125 0.125 0.125
 6.125 6.125 9.125 9.125 9.125 9.4375 9.4375 7.75 7.75 7.75 8.1875 8.1875 7 7 7 6.75 6.75 8.3125 8.3125 8.3125 8.125 8.125 9.875 9.875 9.875 13.375 13.375 15.1875 15.1875 15.1875 16.0625 16.0625 14.0625 14.0625 14.0625 14.25 14.25 14.5 14.5 14.5 13.375 13.375 11.875 11.875 11.875 9.75 9.75 9.8125 9.8125 9.8125 9.0625 9.0625 5.5 5.5 5.5 4.6875 4.6875 5.9375 5.9375 5.9375 6.9375 6.9375 5.875 5.875 5.875 4.4375 4.4375 4.8125 4.8125 4.8125 4.75 4.75 4.1875 4.1875 4.1875 4 4 3.75 3.75 3.75 3.875 3.875 3.1875 3.1875 3.1875 2.8125 2.8125 1.375 1.375 1.375 0.6875 0.6875 0.1875 0.1875 0.1875 0 0 0 0 0 0 0 0 0 0 0 0 0 0 0 0 0 0 0 0 0 0 0 0 0 0 0 0 0 0 0 0 0 0 0 0 0 0 0 0 0 0 0 0 0 0 0 0 0 0 0 0 0.0625 0.0625 0.0625 0.0625 0.0625 0.0625 0.0625 0.0625 0.1875 0.1875 0.25 0.25 0.25 0.375 0.375 0.5 0.5 0.5 0.3125 0.3125 0.125 0.125
 6.125 6.125 9.125 9.125 9.125 9.4375 9.4375 7.75 7.75 7.75 8.1875 8.1875 7 7 7 6.75 6.75 8.3125 8.3125 8.3125 8.125 8.125 9.875 9.875 9.875 13.375 13.375 15.1875 15.1875 15.1875 16.0625 16.0625 14.0625 14.0625 14.0625 14.25 14.25 14.5 14.5 14.5 13.375 13.375 11.875 11.875 11.875 9.75 9.75 9.8125 9.8125 9.8125 9.0625 9.0625 5.5 5.5 5.5 4.6875 4.6875 5.9375 5.9375 5.9375 6.9375 6.9375 5.875 5.875 5.875 4.4375 4.4375 4.8125 4.8125 4.8125 4.75 4.75 4.1875 4.1875 4.1875 4 4 3.75 3.75 3.75 3.875 3.875 3.1875 3.1875 3.1875 2.8125 2.8125 1.375 1.375 1.375 0.6875 0.6875 0.1875 0.1875 0.1875 0 0 0 0 0 0 0 0 0 0 0 0 0 0 0 0 0 0 0 0 0 0 0 0 0 0 0 0 0 0 0 0 0 0 0 0 0 0 0 0 0 0 0 0 0 0 0 0 0 0 0 0 0.0625 0.0625 0.0625 0.0625 0.0625 0.0625 0.0625 0.0625 0.1875 0.1875 0.25 0.25 0.25 0.375 0.375 0.5 0.5 0.5 0.3125 0.3125 0.125 0.125
 8.1875 8.1875 10.375 10.375 10.375 8.125 8.125 8.0625 8.0625 8.0625 7.5625 7.5625 7.5 7.5 7.5 11.5625 11.5625 14.75 14.75 14.75 13.0625 13.0625 14.3125 14.3125 14.3125 15.375 15.375 16 16 16 16.1875 16.1875 16.5625 16.5625 16.5625 15.375 15.375 15 15 15 15.1875 15.1875 13 13 13 8.875 8.875 7.1875 7.1875 7.1875 5.8125 5.8125 6.25 6.25 6.25 9.125 9.125 8.6875 8.6875 8.6875 7.25 7.25 6.5 6.5 6.5 5.75 5.75 6.375 6.375 6.375 5.375 5.375 4.4375 4.4375 4.4375 4.25 4.25 5.125 5.125 5.125 5.6875 5.6875 6.3125 6.3125 6.3125 6 6 3.25 3.25 3.25 1.0625 1.0625 0.25 0.25 0.25 0 0 0 0 0 0 0 0 0 0 0 0 0 0 0 0 0 0 0 0 0 0 0 0 0 0 0 0 0 0 0 0 0 0 0 0 0 0 0 0 0 0 0 0 0 0 0 0 0 0 0 0 0 0 0 0 0 0.0625 0.0625 0.0625 0.0625 0.0625 0.0625 0.0625 0.0625 0.0625 0.0625 0.125 0.125 0.125 0.4375 0.4375 0.5625 0.5625
 8.1875 8.1875 10.375 10.375 10.375 8.125 8.125 8.0625 8.0625 8.0625 7.5625 7.5625 7.5 7.5 7.5 11.5625 11.5625 14.75 14.75 14.75 13.0625 13.0625 14.3125 14.3125 14.3125 15.375 15.375 16 16 16 16.1875 16.1875 16.5625 16.5625 16.5625 15.375 15.375 15 15 15 15.1875 15.1875 13 13 13 8.875 8.875 7.1875 7.1875 7.1875 5.8125 5.8125 6.25 6.25 6.25 9.125 9.125 8.6875 8.6875 8.6875 7.25 7.25 6.5 6.5 6.5 5.75 5.75 6.375 6.375 6.375 5.375 5.375 4.4375 4.4375 4.4375 4.25 4.25 5.125 5.125 5.125 5.6875 5.6875 6.3125 6.3125 6.3125 6 6 3.25 3.25 3.25 1.0625 1.0625 0.25 0.25 0.25 0 0 0 0 0 0 0 0 0 0 0 0 0 0 0 0 0 0 0 0 0 0 0 0 0 0 0 0 0 0 0 0 0 0 0 0 0 0 0 0 0 0 0 0 0 0 0 0 0 0 0 0 0 0 0 0 0 0.0625 0.0625 0.0625 0.0625 0.0625 0.0625 0.0625 0.0625 0.0625 0.0625 0.125 0.125 0.125 0.4375 0.4375 0.5625 0.5625
 9.6875 9.6875 7.625 7.625 7.625 6.5 6.5 7.4375 7.4375 7.4375 6.75 6.75 6.375 6.375 6.375 9.375 9.375 10.5625 10.5625 10.5625 9.4375 9.4375 10.875 10.875 10.875 11.875 11.875 12.75 12.75 12.75 14.625 14.625 15.3125 15.3125 15.3125 14.1875 14.1875 13.3125 13.3125 13.3125 12.375 12.375 9.75 9.75 9.75 8.3125 8.3125 8.125 8.125 8.125 8.1875 8.1875 8.375 8.375 8.375 11 11 10.8125 10.8125 10.8125 9 9 7.125 7.125 7.125 5.875 5.875 5.6875 5.6875 5.6875 5.0625 5.0625 4.1875 4.1875 4.1875 4.3125 4.3125 5.875 5.875 5.875 5.75 5.75 4.6875 4.6875 4.6875 3.5 3.5 1.5625 1.5625 1.5625 0.375 0.375 0.0625 0.0625 0.0625 0 0 0 0 0 0 0 0 0 0 0 0 0 0 0 0 0 0 0 0 0 0 0 0 0 0 0 0 0 0 0 0 0 0 0 0 0 0 0 0 0 0 0 0 0 0 0 0 0 0 0 0 0 0 0 0 0 0 0 0 0.0625 0.0625 0.125 0.125 0.125 0.125 0.125 0.0625 0.0625 0.0625 0.625 0.625 0.6875 0.6875
 9.6875 9.6875 7.625 7.625 7.625 6.5 6.5 7.4375 7.4375 7.4375 6.75 6.75 6.375 6.375 6.375 9.375 9.375 10.5625 10.5625 10.5625 9.4375 9.4375 10.875 10.875 10.875 11.875 11.875 12.75 12.75 12.75 14.625 14.625 15.3125 15.3125 15.3125 14.1875 14.1875 13.3125 13.3125 13.3125 12.375 12.375 9.75 9.75 9.75 8.3125 8.3125 8.125 8.125 8.125 8.1875 8.1875 8.375 8.375 8.375 11 11 10.8125 10.8125 10.8125 9 9 7.125 7.125 7.125 5.875 5.875 5.6875 5.6875 5.6875 5.0625 5.0625 4.1875 4.1875 4.1875 4.3125 4.3125 5.875 5.875 5.875 5.75 5.75 4.6875 4.6875 4.6875 3.5 3.5 1.5625 1.5625 1.5625 0.375 0.375 0.0625 0.0625 0.0625 0 0 0 0 0 0 0 0 0 0 0 0 0 0 0 0 0 0 0 0 0 0 0 0 0 0 0 0 0 0 0 0 0 0 0 0 0 0 0 0 0 0 0 0 0 0 0 0 0 0 0 0 0 0 0 0 0 0 0 0 0.0625 0.0625 0.125 0.125 0.125 0.125 0.125 0.0625 0.0625 0.0625 0.625 0.625 0.6875 0.6875
 9.6875 9.6875 7.625 7.625 7.625 6.5 6.5 7.4375 7.4375 7.4375 6.75 6.75 6.375 6.375 6.375 9.375 9.375 10.5625 10.5625 10.5625 9.4375 9.4375 10.875 10.875 10.875 11.875 11.875 12.75 12.75 12.75 14.625 14.625 15.3125 15.3125 15.3125 14.1875 14.1875 13.3125 13.3125 13.3125 12.375 12.375 9.75 9.75 9.75 8.3125 8.3125 8.125 8.125 8.125 8.1875 8.1875 8.375 8.375 8.375 11 11 10.8125 10.8125 10.8125 9 9 7.125 7.125 7.125 5.875 5.875 5.6875 5.6875 5.6875 5.0625 5.0625 4.1875 4.1875 4.1875 4.3125 4.3125 5.875 5.875 5.875 5.75 5.75 4.6875 4.6875 4.6875 3.5 3.5 1.5625 1.5625 1.5625 0.375 0.375 0.0625 0.0625 0.0625 0 0 0 0 0 0 0 0 0 0 0 0 0 0 0 0 0 0 0 0 0 0 0 0 0 0 0 0 0 0 0 0 0 0 0 0 0 0 0 0 0 0 0 0 0 0 0 0 0 0 0 0 0 0 0 0 0 0 0 0 0.0625 0.0625 0.125 0.125 0.125 0.125 0.125 0.0625 0.0625 0.0625 0.625 0.625 0.6875 0.6875
 7.1875 7.1875 7.0625 7.0625 7.0625 6.375 6.375 5.625 5.625 5.625 4.5625 4.5625 4.0625 4.0625 4.0625 4.9375 4.9375 5.875 5.875 5.875 7.4375 7.4375 10.1875 10.1875 10.1875 13.375 13.375 15.75 15.75 15.75 16.9375 16.9375 16.6875 16.6875 16.6875 15.3125 15.3125 13.75 13.75 13.75 13.3125 13.3125 15.4375 15.4375 15.4375 15.9375 15.9375 13.6875 13.6875 13.6875 11.0625 11.0625 10.6875 10.6875 10.6875 13.8125 13.8125 14.4375 14.4375 14.4375 12 12 11.1875 11.1875 11.1875 9.75 9.75 7.5625 7.5625 7.5625 6.4375 6.4375 5.3125 5.3125 5.3125 5.375 5.375 5.5625 5.5625 5.5625 4.5 4.5 1.875 1.875 1.875 1.125 1.125 0.75 0.75 0.75 0.4375 0.4375 0.0625 0.0625 0.0625 0 0 0 0 0 0 0 0 0 0 0 0 0 0 0 0 0 0 0 0 0 0 0 0 0 0 0 0 0 0 0 0 0 0 0 0 0 0 0 0 0 0 0 0 0 0 0 0 0 0 0 0 0 0 0 0 0 0 0 0 0 0 0 0 0 0 0 0 0 0 0.5 0.5 1.125 1.125
 7.1875 7.1875 7.0625 7.0625 7.0625 6.375 6.375 5.625 5.625 5.625 4.5625 4.5625 4.0625 4.0625 4.0625 4.9375 4.9375 5.875 5.875 5.875 7.4375 7.4375 10.1875 10.1875 10.1875 13.375 13.375 15.75 15.75 15.75 16.9375 16.9375 16.6875 16.6875 16.6875 15.3125 15.3125 13.75 13.75 13.75 13.3125 13.3125 15.4375 15.4375 15.4375 15.9375 15.9375 13.6875 13.6875 13.6875 11.0625 11.0625 10.6875 10.6875 10.6875 13.8125 13.8125 14.4375 14.4375 14.4375 12 12 11.1875 11.1875 11.1875 9.75 9.75 7.5625 7.5625 7.5625 6.4375 6.4375 5.3125 5.3125 5.3125 5.375 5.375 5.5625 5.5625 5.5625 4.5 4.5 1.875 1.875 1.875 1.125 1.125 0.75 0.75 0.75 0.4375 0.4375 0.0625 0.0625 0.0625 0 0 0 0 0 0 0 0 0 0 0 0 0 0 0 0 0 0 0 0 0 0 0 0 0 0 0 0 0 0 0 0 0 0 0 0 0 0 0 0 0 0 0 0 0 0 0 0 0 0 0 0 0 0 0 0 0 0 0 0 0 0 0 0 0 0 0 0 0 0 0.5 0.5 1.125 1.125
 6.25 6.25 7.875 7.875 7.875 3.625 3.625 2.125 2.125 2.125 2.4375 2.4375 3.3125 3.3125 3.3125 4.0625 4.0625 5.25 5.25 5.25 7.625 7.625 11.25 11.25 11.25 16.3125 16.3125 20.625 20.625 20.625 21.8125 21.8125 19.875 19.875 19.875 16.8125 16.8125 15.125 15.125 15.125 15.375 15.375 18.25 18.25 18.25 17 17 13.8125 13.8125 13.8125 13.0625 13.0625 13.875 13.875 13.875 14.6875 14.6875 14.9375 14.9375 14.9375 14.625 14.625 15.625 15.625 15.625 14.3125 14.3125 11.6875 11.6875 11.6875 9.0625 9.0625 7.3125 7.3125 7.3125 6.25 6.25 4.625 4.625 4.625 3.5625 3.5625 2.25 2.25 2.25 1.3125 1.3125 1.375 1.375 1.375 0.9375 0.9375 0.125 0.125 0.125 0 0 0 0 0 0 0 0 0 0 0 0 0 0 0 0 0 0 0 0 0 0 0 0 0 0 0 0 0 0 0 0 0 0 0 0 0 0 0 0 0 0 0 0 0 0 0 0 0 0 0 0 0 0 0 0 0 0 0 0 0 0 0 0 0 0 0 0 0 0 0.125 0.125 0.3125 0.3125
 6.25 6.25 7.875 7.875 7.875 3.625 3.625 2.125 2.125 2.125 2.4375 2.4375 3.3125 3.3125 3.3125 4.0625 4.0625 5.25 5.25 5.25 7.625 7.625 11.25 11.25 11.25 16.3125 16.3125 20.625 20.625 20.625 21.8125 21.8125 19.875 19.875 19.875 16.8125 16.8125 15.125 15.125 15.125 15.375 15.375 18.25 18.25 18.25 17 17 13.8125 13.8125 13.8125 13.0625 13.0625 13.875 13.875 13.875 14.6875 14.6875 14.9375 14.9375 14.9375 14.625 14.625 15.625 15.625 15.625 14.3125 14.3125 11.6875 11.6875 11.6875 9.0625 9.0625 7.3125 7.3125 7.3125 6.25 6.25 4.625 4.625 4.625 3.5625 3.5625 2.25 2.25 2.25 1.3125 1.3125 1.375 1.375 1.375 0.9375 0.9375 0.125 0.125 0.125 0 0 0 0 0 0 0 0 0 0 0 0 0 0 0 0 0 0 0 0 0 0 0 0 0 0 0 0 0 0 0 0 0 0 0 0 0 0 0 0 0 0 0 0 0 0 0 0 0 0 0 0 0 0 0 0 0 0 0 0 0 0 0 0 0 0 0 0 0 0 0.125 0.125 0.3125 0.3125
 6.25 6.25 7.875 7.875 7.875 3.625 3.625 2.125 2.125 2.125 2.4375 2.4375 3.3125 3.3125 3.3125 4.0625 4.0625 5.25 5.25 5.25 7.625 7.625 11.25 11.25 11.25 16.3125 16.3125 20.625 20.625 20.625 21.8125 21.8125 19.875 19.875 19.875 16.8125 16.8125 15.125 15.125 15.125 15.375 15.375 18.25 18.25 18.25 17 17 13.8125 13.8125 13.8125 13.0625 13.0625 13.875 13.875 13.875 14.6875 14.6875 14.9375 14.9375 14.9375 14.625 14.625 15.625 15.625 15.625 14.3125 14.3125 11.6875 11.6875 11.6875 9.0625 9.0625 7.3125 7.3125 7.3125 6.25 6.25 4.625 4.625 4.625 3.5625 3.5625 2.25 2.25 2.25 1.3125 1.3125 1.375 1.375 1.375 0.9375 0.9375 0.125 0.125 0.125 0 0 0 0 0 0 0 0 0 0 0 0 0 0 0 0 0 0 0 0 0 0 0 0 0 0 0 0 0 0 0 0 0 0 0 0 0 0 0 0 0 0 0 0 0 0 0 0 0 0 0 0 0 0 0 0 0 0 0 0 0 0 0 0 0 0 0 0 0 0 0.125 0.125 0.3125 0.3125
 4.8125 4.8125 3.875 3.875 3.875 0.9375 0.9375 0.6875 0.6875 0.6875 1.5625 1.5625 3.3125 3.3125 3.3125 4.9375 4.9375 6.1875 6.1875 6.1875 9.3125 9.3125 13.625 13.625 13.625 20.375 20.375 25.625 25.625 25.625 25.5625 25.5625 22.75 22.75 22.75 20.5625 20.5625 20.8125 20.8125 20.8125 20.0625 20.0625 18.5625 18.5625 18.5625 16.3125 16.3125 13.8125 13.8125 13.8125 12.875 12.875 12.625 12.625 12.625 13.125 13.125 14.3125 14.3125 14.3125 13.3125 13.3125 13.8125 13.8125 13.8125 12.75 12.75 10.9375 10.9375 10.9375 8.625 8.625 5.75 5.75 5.75 5.0625 5.0625 4.8125 4.8125 4.8125 4.125 4.125 2.4375 2.4375 2.4375 1.1875 1.1875 1.5 1.5 1.5 1 1 0.125 0.125 0.125 0 0 0 0 0 0 0 0 0 0 0 0 0 0 0 0 0 0 0 0 0 0 0 0 0 0 0 0 0 0 0 0 0 0 0 0 0 0 0 0 0 0 0 0 0 0 0 0 0 0 0 0 0 0 0 0 0 0 0 0 0 0 0 0 0 0 0 0 0 0 0 0 0 0
 4.8125 4.8125 3.875 3.875 3.875 0.9375 0.9375 0.6875 0.6875 0.6875 1.5625 1.5625 3.3125 3.3125 3.3125 4.9375 4.9375 6.1875 6.1875 6.1875 9.3125 9.3125 13.625 13.625 13.625 20.375 20.375 25.625 25.625 25.625 25.5625 25.5625 22.75 22.75 22.75 20.5625 20.5625 20.8125 20.8125 20.8125 20.0625 20.0625 18.5625 18.5625 18.5625 16.3125 16.3125 13.8125 13.8125 13.8125 12.875 12.875 12.625 12.625 12.625 13.125 13.125 14.3125 14.3125 14.3125 13.3125 13.3125 13.8125 13.8125 13.8125 12.75 12.75 10.9375 10.9375 10.9375 8.625 8.625 5.75 5.75 5.75 5.0625 5.0625 4.8125 4.8125 4.8125 4.125 4.125 2.4375 2.4375 2.4375 1.1875 1.1875 1.5 1.5 1.5 1 1 0.125 0.125 0.125 0 0 0 0 0 0 0 0 0 0 0 0 0 0 0 0 0 0 0 0 0 0 0 0 0 0 0 0 0 0 0 0 0 0 0 0 0 0 0 0 0 0 0 0 0 0 0 0 0 0 0 0 0 0 0 0 0 0 0 0 0 0 0 0 0 0 0 0 0 0 0 0 0 0
 1.8125 1.8125 0.8125 0.8125 0.8125 0.1875 0.1875 0.375 0.375 0.375 1.25 1.25 2.5625 2.5625 2.5625 4.25 4.25 6.625 6.625 6.625 9.75 9.75 13.125 13.125 13.125 17.625 17.625 22.25 22.25 22.25 25.125 25.125 24.75 24.75 24.75 24.875 24.875 26.5625 26.5625 26.5625 25.6875 25.6875 21.5625 21.5625 21.5625 18.0625 18.0625 15.9375 15.9375 15.9375 15.0625 15.0625 13.1875 13.1875 13.1875 11.8125 11.8125 12.5625 12.5625 12.5625 10.75 10.75 10 10 10 9.1875 9.1875 7.4375 7.4375 7.4375 4.75 4.75 3.4375 3.4375 3.4375 4 4 4.25 4.25 4.25 3.6875 3.6875 2.75 2.75 2.75 2.625 2.625 2 2 2 0.8125 0.8125 0.125 0.125 0.125 0 0 0 0 0 0 0 0 0 0 0 0 0 0 0 0 0 0 0 0 0 0 0 0 0 0 0 0 0 0 0 0 0 0 0 0 0 0 0 0 0 0 0 0 0 0 0 0 0 0 0 0 0 0 0 0 0 0 0 0 0 0 0 0 0 0 0 0 0 0 0 0 0 0
 1.8125 1.8125 0.8125 0.8125 0.8125 0.1875 0.1875 0.375 0.375 0.375 1.25 1.25 2.5625 2.5625 2.5625 4.25 4.25 6.625 6.625 6.625 9.75 9.75 13.125 13.125 13.125 17.625 17.625 22.25 22.25 22.25 25.125 25.125 24.75 24.75 24.75 24.875 24.875 26.5625 26.5625 26.5625 25.6875 25.6875 21.5625 21.5625 21.5625 18.0625 18.0625 15.9375 15.9375 15.9375 15.0625 15.0625 13.1875 13.1875 13.1875 11.8125 11.8125 12.5625 12.5625 12.5625 10.75 10.75 10 10 10 9.1875 9.1875 7.4375 7.4375 7.4375 4.75 4.75 3.4375 3.4375 3.4375 4 4 4.25 4.25 4.25 3.6875 3.6875 2.75 2.75 2.75 2.625 2.625 2 2 2 0.8125 0.8125 0.125 0.125 0.125 0 0 0 0 0 0 0 0 0 0 0 0 0 0 0 0 0 0 0 0 0 0 0 0 0 0 0 0 0 0 0 0 0 0 0 0 0 0 0 0 0 0 0 0 0 0 0 0 0 0 0 0 0 0 0 0 0 0 0 0 0 0 0 0 0 0 0 0 0 0 0 0 0 0
 1.8125 1.8125 0.8125 0.8125 0.8125 0.1875 0.1875 0.375 0.375 0.375 1.25 1.25 2.5625 2.5625 2.5625 4.25 4.25 6.625 6.625 6.625 9.75 9.75 13.125 13.125 13.125 17.625 17.625 22.25 22.25 22.25 25.125 25.125 24.75 24.75 24.75 24.875 24.875 26.5625 26.5625 26.5625 25.6875 25.6875 21.5625 21.5625 21.5625 18.0625 18.0625 15.9375 15.9375 15.9375 15.0625 15.0625 13.1875 13.1875 13.1875 11.8125 11.8125 12.5625 12.5625 12.5625 10.75 10.75 10 10 10 9.1875 9.1875 7.4375 7.4375 7.4375 4.75 4.75 3.4375 3.4375 3.4375 4 4 4.25 4.25 4.25 3.6875 3.6875 2.75 2.75 2.75 2.625 2.625 2 2 2 0.8125 0.8125 0.125 0.125 0.125 0 0 0 0 0 0 0 0 0 0 0 0 0 0 0 0 0 0 0 0 0 0 0 0 0 0 0 0 0 0 0 0 0 0 0 0 0 0 0 0 0 0 0 0 0 0 0 0 0 0 0 0 0 0 0 0 0 0 0 0 0 0 0 0 0 0 0 0 0 0 0 0 0 0
 0.625 0.625 0.25 0.25 0.25 0.0625 0.0625 0.25 0.25 0.25 0.9375 0.9375 1.9375 1.9375 1.9375 3.75 3.75 7.0625 7.0625 7.0625 10 10 12.75 12.75 12.75 15.875 15.875 18.6875 18.6875 18.6875 20.1875 20.1875 19.625 19.625 19.625 21.375 21.375 25.625 25.625 25.625 28.1875 28.1875 25.875 25.875 25.875 19.4375 19.4375 16.5625 16.5625 16.5625 15.625 15.625 13.625 13.625 13.625 12.625 12.625 12.875 12.875 12.875 12.9375 12.9375 13.0625 13.0625 13.0625 11.875 11.875 8.8125 8.8125 8.8125 5.25 5.25 4.1875 4.1875 4.1875 4.5625 4.5625 3.875 3.875 3.875 4.25 4.25 4.9375 4.9375 4.9375 4.6875 4.6875 2.6875 2.6875 2.6875 1.375 1.375 0.4375 0.4375 0.4375 0.0625 0.0625 0 0 0 0 0 0 0 0 0 0 0 0 0 0 0 0 0 0 0 0 0 0 0 0 0 0 0 0 0 0 0 0 0 0 0 0 0 0 0 0 0 0 0 0 0 0 0 0 0 0 0 0 0 0 0 0 0 0 0 0 0 0 0 0 0 0 0 0 0 0 0 0
 0.625 0.625 0.25 0.25 0.25 0.0625 0.0625 0.25 0.25 0.25 0.9375 0.9375 1.9375 1.9375 1.9375 3.75 3.75 7.0625 7.0625 7.0625 10 10 12.75 12.75 12.75 15.875 15.875 18.6875 18.6875 18.6875 20.1875 20.1875 19.625 19.625 19.625 21.375 21.375 25.625 25.625 25.625 28.1875 28.1875 25.875 25.875 25.875 19.4375 19.4375 16.5625 16.5625 16.5625 15.625 15.625 13.625 13.625 13.625 12.625 12.625 12.875 12.875 12.875 12.9375 12.9375 13.0625 13.0625 13.0625 11.875 11.875 8.8125 8.8125 8.8125 5.25 5.25 4.1875 4.1875 4.1875 4.5625 4.5625 3.875 3.875 3.875 4.25 4.25 4.9375 4.9375 4.9375 4.6875 4.6875 2.6875 2.6875 2.6875 1.375 1.375 0.4375 0.4375 0.4375 0.0625 0.0625 0 0 0 0 0 0 0 0 0 0 0 0 0 0 0 0 0 0 0 0 0 0 0 0 0 0 0 0 0 0 0 0 0 0 0 0 0 0 0 0 0 0 0 0 0 0 0 0 0 0 0 0 0 0 0 0 0 0 0 0 0 0 0 0 0 0 0 0 0 0 0 0
 0.125 0.125 0.125 0.125 0.125 0.25 0.25 1.0625 1.0625 1.0625 2.375 2.375 3.375 3.375 3.375 6.25 6.25 10.875 10.875 10.875 13.5 13.5 15.375 15.375 15.375 15.6875 15.6875 16.0625 16.0625 16.0625 17.6875 17.6875 18.125 18.125 18.125 19.875 19.875 22.4375 22.4375 22.4375 23.4375 23.4375 23.4375 23.4375 23.4375 17.5625 17.5625 15.125 15.125 15.125 14.875 14.875 14.8125 14.8125 14.8125 17.25 17.25 15.5 15.5 15.5 15.125 15.125 15.125 15.125 15.125 14.4375 14.4375 11.3125 11.3125 11.3125 8.375 8.375 6.1875 6.1875 6.1875 5.375 5.375 5.625 5.625 5.625 6.1875 6.1875 5.875 5.875 5.875 4.4375 4.4375 2.5625 2.5625 2.5625 1.625 1.625 0.625 0.625 0.625 0.0625 0.0625 0 0 0 0 0 0 0 0 0 0 0 0 0 0 0 0 0 0 0 0 0 0 0 0 0 0 0 0 0 0 0 0 0 0 0 0 0 0 0 0 0 0 0 0 0 0 0 0 0 0 0 0 0 0 0 0 0 0 0 0 0 0 0 0 0 0 0 0 0 0 0 0
 0.125 0.125 0.125 0.125 0.125 0.25 0.25 1.0625 1.0625 1.0625 2.375 2.375 3.375 3.375 3.375 6.25 6.25 10.875 10.875 10.875 13.5 13.5 15.375 15.375 15.375 15.6875 15.6875 16.0625 16.0625 16.0625 17.6875 17.6875 18.125 18.125 18.125 19.875 19.875 22.4375 22.4375 22.4375 23.4375 23.4375 23.4375 23.4375 23.4375 17.5625 17.5625 15.125 15.125 15.125 14.875 14.875 14.8125 14.8125 14.8125 17.25 17.25 15.5 15.5 15.5 15.125 15.125 15.125 15.125 15.125 14.4375 14.4375 11.3125 11.3125 11.3125 8.375 8.375 6.1875 6.1875 6.1875 5.375 5.375 5.625 5.625 5.625 6.1875 6.1875 5.875 5.875 5.875 4.4375 4.4375 2.5625 2.5625 2.5625 1.625 1.625 0.625 0.625 0.625 0.0625 0.0625 0 0 0 0 0 0 0 0 0 0 0 0 0 0 0 0 0 0 0 0 0 0 0 0 0 0 0 0 0 0 0 0 0 0 0 0 0 0 0 0 0 0 0 0 0 0 0 0 0 0 0 0 0 0 0 0 0 0 0 0 0 0 0 0 0 0 0 0 0 0 0 0
 0.125 0.125 0.125 0.125 0.125 0.25 0.25 1.0625 1.0625 1.0625 2.375 2.375 3.375 3.375 3.375 6.25 6.25 10.875 10.875 10.875 13.5 13.5 15.375 15.375 15.375 15.6875 15.6875 16.0625 16.0625 16.0625 17.6875 17.6875 18.125 18.125 18.125 19.875 19.875 22.4375 22.4375 22.4375 23.4375 23.4375 23.4375 23.4375 23.4375 17.5625 17.5625 15.125 15.125 15.125 14.875 14.875 14.8125 14.8125 14.8125 17.25 17.25 15.5 15.5 15.5 15.125 15.125 15.125 15.125 15.125 14.4375 14.4375 11.3125 11.3125 11.3125 8.375 8.375 6.1875 6.1875 6.1875 5.375 5.375 5.625 5.625 5.625 6.1875 6.1875 5.875 5.875 5.875 4.4375 4.4375 2.5625 2.5625 2.5625 1.625 1.625 0.625 0.625 0.625 0.0625 0.0625 0 0 0 0 0 0 0 0 0 0 0 0 0 0 0 0 0 0 0 0 0 0 0 0 0 0 0 0 0 0 0 0 0 0 0 0 0 0 0 0 0 0 0 0 0 0 0 0 0 0 0 0 0 0 0 0 0 0 0 0 0 0 0 0 0 0 0 0 0 0 0 0
 0.0625 0.0625 0.1875 0.1875 0.1875 0.6875 0.6875 2.25 2.25 2.25 3.6875 3.6875 4.9375 4.9375 4.9375 7.625 7.625 10.8125 10.8125 10.8125 13.1875 13.1875 13.5 13.5 13.5 13.625 13.625 14.8125 14.8125 14.8125 16.3125 16.3125 18.8125 18.8125 18.8125 19.0625 19.0625 18.625 18.625 18.625 16.6875 16.6875 16.6875 16.6875 16.6875 14.4375 14.4375 13.625 13.625 13.625 14.5 14.5 16.25 16.25 16.25 18.3125 18.3125 15.6875 15.6875 15.6875 15.5 15.5 16.625 16.625 16.625 17 17 16.125 16.125 16.125 16.1875 16.1875 13.5625 13.5625 13.5625 9.9375 9.9375 8.125 8.125 8.125 6.25 6.25 4 4 4 2.375 2.375 1.4375 1.4375 1.4375 0.875 0.875 0.1875 0.1875 0.1875 0 0 0 0 0 0 0 0 0 0 0 0 0 0 0 0 0 0 0 0 0 0 0 0 0 0 0 0 0 0 0 0 0 0 0 0 0 0 0 0 0 0 0 0 0 0 0 0 0 0 0 0 0 0 0 0 0 0 0 0 0 0 0 0 0 0 0 0 0 0 0 0 0 0
 0.0625 0.0625 0.1875 0.1875 0.1875 0.6875 0.6875 2.25 2.25 2.25 3.6875 3.6875 4.9375 4.9375 4.9375 7.625 7.625 10.8125 10.8125 10.8125 13.1875 13.1875 13.5 13.5 13.5 13.625 13.625 14.8125 14.8125 14.8125 16.3125 16.3125 18.8125 18.8125 18.8125 19.0625 19.0625 18.625 18.625 18.625 16.6875 16.6875 16.6875 16.6875 16.6875 14.4375 14.4375 13.625 13.625 13.625 14.5 14.5 16.25 16.25 16.25 18.3125 18.3125 15.6875 15.6875 15.6875 15.5 15.5 16.625 16.625 16.625 17 17 16.125 16.125 16.125 16.1875 16.1875 13.5625 13.5625 13.5625 9.9375 9.9375 8.125 8.125 8.125 6.25 6.25 4 4 4 2.375 2.375 1.4375 1.4375 1.4375 0.875 0.875 0.1875 0.1875 0.1875 0 0 0 0 0 0 0 0 0 0 0 0 0 0 0 0 0 0 0 0 0 0 0 0 0 0 0 0 0 0 0 0 0 0 0 0 0 0 0 0 0 0 0 0 0 0 0 0 0 0 0 0 0 0 0 0 0 0 0 0 0 0 0 0 0 0 0 0 0 0 0 0 0 0
 0.0625 0.0625 0.1875 0.1875 0.1875 0.75 0.75 2.75 2.75 2.75 4.4375 4.4375 8.0625 8.0625 8.0625 9.875 9.875 9.125 9.125 9.125 10.3125 10.3125 10.9375 10.9375 10.9375 10.375 10.375 8.25 8.25 8.25 7.5625 7.5625 11.5625 11.5625 11.5625 13.5625 13.5625 12.8125 12.8125 12.8125 12.6875 12.6875 13.1875 13.1875 13.1875 13.375 13.375 13.1875 13.1875 13.1875 13.625 13.625 15.75 15.75 15.75 16.1875 16.1875 13.6875 13.6875 13.6875 13.8125 13.8125 16.25 16.25 16.25 16.1875 16.1875 15.25 15.25 15.25 16.25 16.25 14 14 14 10.0625 10.0625 5.625 5.625 5.625 2.625 2.625 1.1875 1.1875 1.1875 0.75 0.75 0.625 0.625 0.625 0.375 0.375 0.125 0.125 0.125 0 0 0 0 0 0 0 0 0 0 0 0 0 0 0 0 0 0 0 0 0 0 0 0 0 0 0 0 0 0 0 0 0 0 0 0 0 0 0 0 0 0 0 0 0 0 0 0 0 0 0 0 0 0 0 0 0 0 0 0 0 0 0 0 0 0 0 0 0 0 0 0 0 0
 0.0625 0.0625 0.1875 0.1875 0.1875 0.75 0.75 2.75 2.75 2.75 4.4375 4.4375 8.0625 8.0625 8.0625 9.875 9.875 9.125 9.125 9.125 10.3125 10.3125 10.9375 10.9375 10.9375 10.375 10.375 8.25 8.25 8.25 7.5625 7.5625 11.5625 11.5625 11.5625 13.5625 13.5625 12.8125 12.8125 12.8125 12.6875 12.6875 13.1875 13.1875 13.1875 13.375 13.375 13.1875 13.1875 13.1875 13.625 13.625 15.75 15.75 15.75 16.1875 16.1875 13.6875 13.6875 13.6875 13.8125 13.8125 16.25 16.25 16.25 16.1875 16.1875 15.25 15.25 15.25 16.25 16.25 14 14 14 10.0625 10.0625 5.625 5.625 5.625 2.625 2.625 1.1875 1.1875 1.1875 0.75 0.75 0.625 0.625 0.625 0.375 0.375 0.125 0.125 0.125 0 0 0 0 0 0 0 0 0 0 0 0 0 0 0 0 0 0 0 0 0 0 0 0 0 0 0 0 0 0 0 0 0 0 0 0 0 0 0 0 0 0 0 0 0 0 0 0 0 0 0 0 0 0 0 0 0 0 0 0 0 0 0 0 0 0 0 0 0 0 0 0 0 0
 0.0625 0.0625 0.1875 0.1875 0.1875 0.75 0.75 2.75 2.75 2.75 4.4375 4.4375 8.0625 8.0625 8.0625 9.875 9.875 9.125 9.125 9.125 10.3125 10.3125 10.9375 10.9375 10.9375 10.375 10.375 8.25 8.25 8.25 7.5625 7.5625 11.5625 11.5625 11.5625 13.5625 13.5625 12.8125 12.8125 12.8125 12.6875 12.6875 13.1875 13.1875 13.1875 13.375 13.375 13.1875 13.1875 13.1875 13.625 13.625 15.75 15.75 15.75 16.1875 16.1875 13.6875 13.6875 13.6875 13.8125 13.8125 16.25 16.25 16.25 16.1875 16.1875 15.25 15.25 15.25 16.25 16.25 14 14 14 10.0625 10.0625 5.625 5.625 5.625 2.625 2.625 1.1875 1.1875 1.1875 0.75 0.75 0.625 0.625 0.625 0.375 0.375 0.125 0.125 0.125 0 0 0 0 0 0 0 0 0 0 0 0 0 0 0 0 0 0 0 0 0 0 0 0 0 0 0 0 0 0 0 0 0 0 0 0 0 0 0 0 0 0 0 0 0 0 0 0 0 0 0 0 0 0 0 0 0 0 0 0 0 0 0 0 0 0 0 0 0 0 0 0 0 0
 0 0 0.1875 0.1875 0.1875 1 1 2.9375 2.9375 2.9375 4.25 4.25 7 7 7 7.4375 7.4375 5.4375 5.4375 5.4375 4.875 4.875 4.25 4.25 4.25 2.625 2.625 1.375 1.375 1.375 1.0625 1.0625 2.5625 2.5625 2.5625 5.1875 5.1875 7.1875 7.1875 7.1875 9.0625 9.0625 9.75 9.75 9.75 10.6875 10.6875 10.0625 10.0625 10.0625 10.0625 10.0625 12.625 12.625 12.625 12.9375 12.9375 11.125 11.125 11.125 10.5625 10.5625 10.5 10.5 10.5 7.125 7.125 4.375 4.375 4.375 4.0625 4.0625 3.6875 3.6875 3.6875 2.5625 2.5625 0.875 0.875 0.875 0.3125 0.3125 0.1875 0.1875 0.1875 0.1875 0.1875 0.1875 0.1875 0.1875 0.1875 0.1875 0 0 0 0 0 0 0 0 0 0 0 0 0 0 0 0 0 0 0 0 0 0 0 0 0 0 0 0 0 0 0 0 0 0 0 0 0 0 0 0 0 0 0 0 0 0 0 0 0 0 0 0 0 0 0 0 0 0 0 0 0 0 0 0 0 0 0 0 0 0 0 0 0 0 0 0 0
 0 0 0.1875 0.1875 0.1875 1 1 2.9375 2.9375 2.9375 4.25 4.25 7 7 7 7.4375 7.4375 5.4375 5.4375 5.4375 4.875 4.875 4.25 4.25 4.25 2.625 2.625 1.375 1.375 1.375 1.0625 1.0625 2.5625 2.5625 2.5625 5.1875 5.1875 7.1875 7.1875 7.1875 9.0625 9.0625 9.75 9.75 9.75 10.6875 10.6875 10.0625 10.0625 10.0625 10.0625 10.0625 12.625 12.625 12.625 12.9375 12.9375 11.125 11.125 11.125 10.5625 10.5625 10.5 10.5 10.5 7.125 7.125 4.375 4.375 4.375 4.0625 4.0625 3.6875 3.6875 3.6875 2.5625 2.5625 0.875 0.875 0.875 0.3125 0.3125 0.1875 0.1875 0.1875 0.1875 0.1875 0.1875 0.1875 0.1875 0.1875 0.1875 0 0 0 0 0 0 0 0 0 0 0 0 0 0 0 0 0 0 0 0 0 0 0 0 0 0 0 0 0 0 0 0 0 0 0 0 0 0 0 0 0 0 0 0 0 0 0 0 0 0 0 0 0 0 0 0 0 0 0 0 0 0 0 0 0 0 0 0 0 0 0 0 0 0 0 0 0
 0.75 0.75 1.4375 1.4375 1.4375 2 2 2.6875 2.6875 2.6875 2.4375 2.4375 2.875 2.875 2.875 3.125 3.125 3.125 3.125 3.125 2.8125 2.8125 1.875 1.875 1.875 1.625 1.625 1.25 1.25 1.25 0.75 0.75 0.8125 0.8125 0.8125 1.875 1.875 3.3125 3.3125 3.3125 4.5 4.5 5.1875 5.1875 5.1875 6.5 6.5 6.875 6.875 6.875 6.6875 6.6875 8.375 8.375 8.375 9.9375 9.9375 8.8125 8.8125 8.8125 6.9375 6.9375 3.625 3.625 3.625 0.9375 0.9375 0.1875 0.1875 0.1875 0.125 0.125 0.125 0.125 0.125 0.0625 0.0625 0 0 0 0 0 0 0 0 0 0 0 0 0 0 0 0 0 0 0 0 0 0 0 0 0 0 0 0 0 0 0 0 0 0 0 0 0 0 0 0 0 0 0 0 0 0 0 0 0 0 0 0 0 0 0 0 0 0 0 0 0 0 0 0 0 0 0 0 0 0 0 0 0 0 0 0 0 0 0 0 0 0 0 0 0 0 0 0 0 0 0 0
 0.75 0.75 1.4375 1.4375 1.4375 2 2 2.6875 2.6875 2.6875 2.4375 2.4375 2.875 2.875 2.875 3.125 3.125 3.125 3.125 3.125 2.8125 2.8125 1.875 1.875 1.875 1.625 1.625 1.25 1.25 1.25 0.75 0.75 0.8125 0.8125 0.8125 1.875 1.875 3.3125 3.3125 3.3125 4.5 4.5 5.1875 5.1875 5.1875 6.5 6.5 6.875 6.875 6.875 6.6875 6.6875 8.375 8.375 8.375 9.9375 9.9375 8.8125 8.8125 8.8125 6.9375 6.9375 3.625 3.625 3.625 0.9375 0.9375 0.1875 0.1875 0.1875 0.125 0.125 0.125 0.125 0.125 0.0625 0.0625 0 0 0 0 0 0 0 0 0 0 0 0 0 0 0 0 0 0 0 0 0 0 0 0 0 0 0 0 0 0 0 0 0 0 0 0 0 0 0 0 0 0 0 0 0 0 0 0 0 0 0 0 0 0 0 0 0 0 0 0 0 0 0 0 0 0 0 0 0 0 0 0 0 0 0 0 0 0 0 0 0 0 0 0 0 0 0 0 0 0 0 0
 0.75 0.75 1.4375 1.4375 1.4375 2 2 2.6875 2.6875 2.6875 2.4375 2.4375 2.875 2.875 2.875 3.125 3.125 3.125 3.125 3.125 2.8125 2.8125 1.875 1.875 1.875 1.625 1.625 1.25 1.25 1.25 0.75 0.75 0.8125 0.8125 0.8125 1.875 1.875 3.3125 3.3125 3.3125 4.5 4.5 5.1875 5.1875 5.1875 6.5 6.5 6.875 6.875 6.875 6.6875 6.6875 8.375 8.375 8.375 9.9375 9.9375 8.8125 8.8125 8.8125 6.9375 6.9375 3.625 3.625 3.625 0.9375 0.9375 0.1875 0.1875 0.1875 0.125 0.125 0.125 0.125 0.125 0.0625 0.0625 0 0 0 0 0 0 0 0 0 0 0 0 0 0 0 0 0 0 0 0 0 0 0 0 0 0 0 0 0 0 0 0 0 0 0 0 0 0 0 0 0 0 0 0 0 0 0 0 0 0 0 0 0 0 0 0 0 0 0 0 0 0 0 0 0 0 0 0 0 0 0 0 0 0 0 0 0 0 0 0 0 0 0 0 0 0 0 0 0 0 0 0
 4.0625 4.0625 6.125 6.125 6.125 5.6875 5.6875 4.8125 4.8125 4.8125 4.0625 4.0625 3.5 3.5 3.5 3.4375 3.4375 3.9375 3.9375 3.9375 4.4375 4.4375 4.875 4.875 4.875 5.1875 5.1875 4.375 4.375 4.375 3.875 3.875 4.25 4.25 4.25 4.375 4.375 3.8125 3.8125 3.8125 3.5625 3.5625 3.5625 3.5625 3.5625 4.375 4.375 4.875 4.875 4.875 4.8125 4.8125 6 6 6 6.375 6.375 4.875 4.875 4.875 2.9375 2.9375 0.8125 0.8125 0.8125 0.0625 0.0625 0 0 0 0 0 0 0 0 0 0 0 0 0 0 0 0 0 0 0 0 0 0 0 0 0 0 0 0 0 0 0 0 0 0 0 0 0 0 0 0 0 0 0 0 0 0 0 0 0 0 0 0 0 0 0 0 0 0 0 0 0 0 0 0 0 0 0 0 0 0 0 0 0 0 0 0 0 0 0 0 0 0 0 0 0 0 0 0 0 0 0 0 0 0 0 0 0 0 0 0 0 0
 4.0625 4.0625 6.125 6.125 6.125 5.6875 5.6875 4.8125 4.8125 4.8125 4.0625 4.0625 3.5 3.5 3.5 3.4375 3.4375 3.9375 3.9375 3.9375 4.4375 4.4375 4.875 4.875 4.875 5.1875 5.1875 4.375 4.375 4.375 3.875 3.875 4.25 4.25 4.25 4.375 4.375 3.8125 3.8125 3.8125 3.5625 3.5625 3.5625 3.5625 3.5625 4.375 4.375 4.875 4.875 4.875 4.8125 4.8125 6 6 6 6.375 6.375 4.875 4.875 4.875 2.9375 2.9375 0.8125 0.8125 0.8125 0.0625 0.0625 0 0 0 0 0 0 0 0 0 0 0 0 0 0 0 0 0 0 0 0 0 0 0 0 0 0 0 0 0 0 0 0 0 0 0 0 0 0 0 0 0 0 0 0 0 0 0 0 0 0 0 0 0 0 0 0 0 0 0 0 0 0 0 0 0 0 0 0 0 0 0 0 0 0 0 0 0 0 0 0 0 0 0 0 0 0 0 0 0 0 0 0 0 0 0 0 0 0 0 0 0 0
 9.0625 9.0625 9.125 9.125 9.125 10.125 10.125 11.4375 11.4375 11.4375 8.75 8.75 7.625 7.625 7.625 8.75 8.75 9.3125 9.3125 9.3125 9.8125 9.8125 7.375 7.375 7.375 5.5 5.5 4.8125 4.8125 4.8125 5.3125 5.3125 5.375 5.375 5.375 4.5 4.5 3.75 3.75 3.75 4.375 4.375 4.3125 4.3125 4.3125 4.125 4.125 3.5 3.5 3.5 2.9375 2.9375 2.5 2.5 2.5 2.1875 2.1875 1.5625 1.5625 1.5625 1.0625 1.0625 0.375 0.375 0.375 0 0 0 0 0 0 0 0 0 0 0 0 0 0 0 0 0 0 0 0 0 0 0 0 0 0 0 0 0 0 0 0 0 0 0 0 0 0 0 0 0 0 0 0 0 0 0 0 0 0 0 0 0 0 0 0 0 0 0 0 0 0 0 0 0 0 0 0 0 0 0 0 0 0 0 0 0 0 0 0 0 0 0 0 0 0 0 0 0 0 0 0 0 0 0 0 0 0 0 0 0 0 0 0
 9.0625 9.0625 9.125 9.125 9.125 10.125 10.125 11.4375 11.4375 11.4375 8.75 8.75 7.625 7.625 7.625 8.75 8.75 9.3125 9.3125 9.3125 9.8125 9.8125 7.375 7.375 7.375 5.5 5.5 4.8125 4.8125 4.8125 5.3125 5.3125 5.375 5.375 5.375 4.5 4.5 3.75 3.75 3.75 4.375 4.375 4.3125 4.3125 4.3125 4.125 4.125 3.5 3.5 3.5 2.9375 2.9375 2.5 2.5 2.5 2.1875 2.1875 1.5625 1.5625 1.5625 1.0625 1.0625 0.375 0.375 0.375 0 0 0 0 0 0 0 0 0 0 0 0 0 0 0 0 0 0 0 0 0 0 0 0 0 0 0 0 0 0 0 0 0 0 0 0 0 0 0 0 0 0 0 0 0 0 0 0 0 0 0 0 0 0 0 0 0 0 0 0 0 0 0 0 0 0 0 0 0 0 0 0 0 0 0 0 0 0 0 0 0 0 0 0 0 0 0 0 0 0 0 0 0 0 0 0 0 0 0 0 0 0 0 0
 9.0625 9.0625 9.125 9.125 9.125 10.125 10.125 11.4375 11.4375 11.4375 8.75 8.75 7.625 7.625 7.625 8.75 8.75 9.3125 9.3125 9.3125 9.8125 9.8125 7.375 7.375 7.375 5.5 5.5 4.8125 4.8125 4.8125 5.3125 5.3125 5.375 5.375 5.375 4.5 4.5 3.75 3.75 3.75 4.375 4.375 4.3125 4.3125 4.3125 4.125 4.125 3.5 3.5 3.5 2.9375 2.9375 2.5 2.5 2.5 2.1875 2.1875 1.5625 1.5625 1.5625 1.0625 1.0625 0.375 0.375 0.375 0 0 0 0 0 0 0 0 0 0 0 0 0 0 0 0 0 0 0 0 0 0 0 0 0 0 0 0 0 0 0 0 0 0 0 0 0 0 0 0 0 0 0 0 0 0 0 0 0 0 0 0 0 0 0 0 0 0 0 0 0 0 0 0 0 0 0 0 0 0 0 0 0 0 0 0 0 0 0 0 0 0 0 0 0 0 0 0 0 0 0 0 0 0 0 0 0 0 0 0 0 0 0 0
 12.3125 12.3125 10.5 10.5 10.5 13.1875 13.1875 12.75 12.75 12.75 9.5 9.5 10 10 10 11.1875 11.1875 11.1875 11.1875 11.1875 9.25 9.25 5.625 5.625 5.625 3.75 3.75 3.6875 3.6875 3.6875 3.4375 3.4375 3.125 3.125 3.125 2.9375 2.9375 3.375 3.375 3.375 4.8125 4.8125 5.625 5.625 5.625 3.5625 3.5625 1.4375 1.4375 1.4375 0.625 0.625 0.4375 0.4375 0.4375 0.5 0.5 0.5625 0.5625 0.5625 0.4375 0.4375 0.125 0.125 0.125 0 0 0 0 0 0 0 0 0 0 0 0 0 0 0 0 0 0 0 0 0 0 0 0 0 0 0 0 0 0 0 0 0 0 0 0 0 0 0 0 0 0 0 0 0 0 0 0 0 0 0 0 0 0 0 0 0 0 0 0 0 0 0 0 0 0 0 0 0 0 0 0 0 0 0 0 0 0 0 0 0 0 0 0 0 0 0 0 0 0 0 0 0 0 0 0 0 0 0 0 0 0 0 0
 12.3125 12.3125 10.5 10.5 10.5 13.1875 13.1875 12.75 12.75 12.75 9.5 9.5 10 10 10 11.1875 11.1875 11.1875 11.1875 11.1875 9.25 9.25 5.625 5.625 5.625 3.75 3.75 3.6875 3.6875 3.6875 3.4375 3.4375 3.125 3.125 3.125 2.9375 2.9375 3.375 3.375 3.375 4.8125 4.8125 5.625 5.625 5.625 3.5625 3.5625 1.4375 1.4375 1.4375 0.625 0.625 0.4375 0.4375 0.4375 0.5 0.5 0.5625 0.5625 0.5625 0.4375 0.4375 0.125 0.125 0.125 0 0 0 0 0 0 0 0 0 0 0 0 0 0 0 0 0 0 0 0 0 0 0 0 0 0 0 0 0 0 0 0 0 0 0 0 0 0 0 0 0 0 0 0 0 0 0 0 0 0 0 0 0 0 0 0 0 0 0 0 0 0 0 0 0 0 0 0 0 0 0 0 0 0 0 0 0 0 0 0 0 0 0 0 0 0 0 0 0 0 0 0 0 0 0 0 0 0 0 0 0 0 0 0
 15.3125 15.3125 17.4375 17.4375 17.4375 18.625 18.625 12.6875 12.6875 12.6875 8.375 8.375 10.4375 10.4375 10.4375 11.875 11.875 9.25 9.25 9.25 6.75 6.75 5.3125 5.3125 5.3125 3.8125 3.8125 2.25 2.25 2.25 1.625 1.625 1.9375 1.9375 1.9375 1.9375 1.9375 2.4375 2.4375 2.4375 2.9375 2.9375 3 3 3 1.1875 1.1875 0.25 0.25 0.25 0.1875 0.1875 0.125 0.125 0.125 0.1875 0.1875 0.25 0.25 0.25 0.0625 0.0625 0 0 0 0 0 0 0 0 0 0 0 0 0 0 0 0 0 0 0 0 0 0 0 0 0 0 0 0 0 0 0 0 0 0 0 0 0 0 0 0 0 0 0 0 0 0 0 0 0 0 0 0 0 0 0 0 0 0 0 0 0 0 0 0 0 0 0 0 0 0 0 0 0 0 0 0 0 0 0 0 0 0 0 0 0 0 0 0 0 0 0 0 0 0 0 0 0 0 0 0 0 0 0 0 0 0 0
 15.3125 15.3125 17.4375 17.4375 17.4375 18.625 18.625 12.6875 12.6875 12.6875 8.375 8.375 10.4375 10.4375 10.4375 11.875 11.875 9.25 9.25 9.25 6.75 6.75 5.3125 5.3125 5.3125 3.8125 3.8125 2.25 2.25 2.25 1.625 1.625 1.9375 1.9375 1.9375 1.9375 1.9375 2.4375 2.4375 2.4375 2.9375 2.9375 3 3 3 1.1875 1.1875 0.25 0.25 0.25 0.1875 0.1875 0.125 0.125 0.125 0.1875 0.1875 0.25 0.25 0.25 0.0625 0.0625 0 0 0 0 0 0 0 0 0 0 0 0 0 0 0 0 0 0 0 0 0 0 0 0 0 0 0 0 0 0 0 0 0 0 0 0 0 0 0 0 0 0 0 0 0 0 0 0 0 0 0 0 0 0 0 0 0 0 0 0 0 0 0 0 0 0 0 0 0 0 0 0 0 0 0 0 0 0 0 0 0 0 0 0 0 0 0 0 0 0 0 0 0 0 0 0 0 0 0 0 0 0 0 0 0 0 0
 15.3125 15.3125 17.4375 17.4375 17.4375 18.625 18.625 12.6875 12.6875 12.6875 8.375 8.375 10.4375 10.4375 10.4375 11.875 11.875 9.25 9.25 9.25 6.75 6.75 5.3125 5.3125 5.3125 3.8125 3.8125 2.25 2.25 2.25 1.625 1.625 1.9375 1.9375 1.9375 1.9375 1.9375 2.4375 2.4375 2.4375 2.9375 2.9375 3 3 3 1.1875 1.1875 0.25 0.25 0.25 0.1875 0.1875 0.125 0.125 0.125 0.1875 0.1875 0.25 0.25 0.25 0.0625 0.0625 0 0 0 0 0 0 0 0 0 0 0 0 0 0 0 0 0 0 0 0 0 0 0 0 0 0 0 0 0 0 0 0 0 0 0 0 0 0 0 0 0 0 0 0 0 0 0 0 0 0 0 0 0 0 0 0 0 0 0 0 0 0 0 0 0 0 0 0 0 0 0 0 0 0 0 0 0 0 0 0 0 0 0 0 0 0 0 0 0 0 0 0 0 0 0 0 0 0 0 0 0 0 0 0 0 0 0
 17.0625 17.0625 18.9375 18.9375 18.9375 17.75 17.75 12.875 12.875 12.875 8.8125 8.8125 12.25 12.25 12.25 12.1875 12.1875 10.3125 10.3125 10.3125 11.125 11.125 7.4375 7.4375 7.4375 3.1875 3.1875 1.5 1.5 1.5 1.8125 1.8125 1.875 1.875 1.875 1.375 1.375 1.25 1.25 1.25 0.8125 0.8125 0.4375 0.4375 0.4375 0.1875 0.1875 0.125 0.125 0.125 0.3125 0.3125 0.25 0.25 0.25 0.125 0.125 0.0625 0.0625 0.0625 0 0 0 0 0 0 0 0 0 0 0 0 0 0 0 0 0 0 0 0 0 0 0 0 0 0 0 0 0 0 0 0 0 0 0 0 0 0 0 0 0 0 0 0 0 0 0 0 0 0 0 0 0 0 0 0 0 0 0 0 0 0 0 0 0 0 0 0 0 0 0 0 0 0 0 0 0 0 0 0 0 0 0 0 0 0 0 0 0 0 0 0 0 0 0 0 0 0 0 0 0 0 0 0 0 0 0 0 0
 17.0625 17.0625 18.9375 18.9375 18.9375 17.75 17.75 12.875 12.875 12.875 8.8125 8.8125 12.25 12.25 12.25 12.1875 12.1875 10.3125 10.3125 10.3125 11.125 11.125 7.4375 7.4375 7.4375 3.1875 3.1875 1.5 1.5 1.5 1.8125 1.8125 1.875 1.875 1.875 1.375 1.375 1.25 1.25 1.25 0.8125 0.8125 0.4375 0.4375 0.4375 0.1875 0.1875 0.125 0.125 0.125 0.3125 0.3125 0.25 0.25 0.25 0.125 0.125 0.0625 0.0625 0.0625 0 0 0 0 0 0 0 0 0 0 0 0 0 0 0 0 0 0 0 0 0 0 0 0 0 0 0 0 0 0 0 0 0 0 0 0 0 0 0 0 0 0 0 0 0 0 0 0 0 0 0 0 0 0 0 0 0 0 0 0 0 0 0 0 0 0 0 0 0 0 0 0 0 0 0 0 0 0 0 0 0 0 0 0 0 0 0 0 0 0 0 0 0 0 0 0 0 0 0 0 0 0 0 0 0 0 0 0 0
 14.375 14.375 14.75 14.75 14.75 15.625 15.625 14.1875 14.1875 14.1875 12.5 12.5 13.0625 13.0625 13.0625 12.6875 12.6875 14.375 14.375 14.375 14 14 8.4375 8.4375 8.4375 5.625 5.625 4 4 4 2.4375 2.4375 1.25 1.25 1.25 0.6875 0.6875 0.3125 0.3125 0.3125 0.0625 0.0625 0.0625 0.0625 0.0625 0.0625 0.0625 0.375 0.375 0.375 0.75 0.75 0.5625 0.5625 0.5625 0.125 0.125 0 0 0 0 0 0 0 0 0 0 0 0 0 0 0 0 0 0 0 0 0 0 0 0 0 0 0 0 0 0 0 0 0 0 0 0 0 0 0 0 0 0 0 0 0 0 0 0 0 0 0 0 0 0 0 0 0 0 0 0 0 0 0 0 0 0 0 0 0 0 0 0 0 0 0 0 0 0 0 0 0 0 0 0 0 0 0 0 0 0 0 0 0 0 0 0 0 0 0 0 0 0 0 0 0 0 0 0 0 0 0 0
 14.375 14.375 14.75 14.75 14.75 15.625 15.625 14.1875 14.1875 14.1875 12.5 12.5 13.0625 13.0625 13.0625 12.6875 12.6875 14.375 14.375 14.375 14 14 8.4375 8.4375 8.4375 5.625 5.625 4 4 4 2.4375 2.4375 1.25 1.25 1.25 0.6875 0.6875 0.3125 0.3125 0.3125 0.0625 0.0625 0.0625 0.0625 0.0625 0.0625 0.0625 0.375 0.375 0.375 0.75 0.75 0.5625 0.5625 0.5625 0.125 0.125 0 0 0 0 0 0 0 0 0 0 0 0 0 0 0 0 0 0 0 0 0 0 0 0 0 0 0 0 0 0 0 0 0 0 0 0 0 0 0 0 0 0 0 0 0 0 0 0 0 0 0 0 0 0 0 0 0 0 0 0 0 0 0 0 0 0 0 0 0 0 0 0 0 0 0 0 0 0 0 0 0 0 0 0 0 0 0 0 0 0 0 0 0 0 0 0 0 0 0 0 0 0 0 0 0 0 0 0 0 0 0 0
 14.375 14.375 14.75 14.75 14.75 15.625 15.625 14.1875 14.1875 14.1875 12.5 12.5 13.0625 13.0625 13.0625 12.6875 12.6875 14.375 14.375 14.375 14 14 8.4375 8.4375 8.4375 5.625 5.625 4 4 4 2.4375 2.4375 1.25 1.25 1.25 0.6875 0.6875 0.3125 0.3125 0.3125 0.0625 0.0625 0.0625 0.0625 0.0625 0.0625 0.0625 0.375 0.375 0.375 0.75 0.75 0.5625 0.5625 0.5625 0.125 0.125 0 0 0 0 0 0 0 0 0 0 0 0 0 0 0 0 0 0 0 0 0 0 0 0 0 0 0 0 0 0 0 0 0 0 0 0 0 0 0 0 0 0 0 0 0 0 0 0 0 0 0 0 0 0 0 0 0 0 0 0 0 0 0 0 0 0 0 0 0 0 0 0 0 0 0 0 0 0 0 0 0 0 0 0 0 0 0 0 0 0 0 0 0 0 0 0 0 0 0 0 0 0 0 0 0 0 0 0 0 0 0 0
 15.625 15.625 16.0625 16.0625 16.0625 14.9375 14.9375 16.875 16.875 16.875 17.8125 17.8125 16.8125 16.8125 16.8125 19.125 19.125 18.875 18.875 18.875 15.625 15.625 12.6875 12.6875 12.6875 9.1875 9.1875 5 5 5 1.9375 1.9375 0.6875 0.6875 0.6875 0.3125 0.3125 0.0625 0.0625 0.0625 0.0625 0.0625 0.1875 0.1875 0.1875 0.3125 0.3125 0.375 0.375 0.375 0.375 0.375 0.1875 0.1875 0.1875 0 0 0 0 0 0 0 0 0 0 0 0 0 0 0 0 0 0 0 0 0 0 0 0 0 0 0 0 0 0 0 0 0 0 0 0 0 0 0 0 0 0 0 0 0 0 0 0 0 0 0 0 0 0 0 0 0 0 0 0 0 0 0 0 0 0 0 0 0 0 0 0 0 0 0 0 0 0 0 0 0 0 0 0 0 0 0 0 0 0 0 0 0 0 0 0 0 0 0 0 0 0 0 0 0 0 0 0 0 0 0 0 0 0
 15.625 15.625 16.0625 16.0625 16.0625 14.9375 14.9375 16.875 16.875 16.875 17.8125 17.8125 16.8125 16.8125 16.8125 19.125 19.125 18.875 18.875 18.875 15.625 15.625 12.6875 12.6875 12.6875 9.1875 9.1875 5 5 5 1.9375 1.9375 0.6875 0.6875 0.6875 0.3125 0.3125 0.0625 0.0625 0.0625 0.0625 0.0625 0.1875 0.1875 0.1875 0.3125 0.3125 0.375 0.375 0.375 0.375 0.375 0.1875 0.1875 0.1875 0 0 0 0 0 0 0 0 0 0 0 0 0 0 0 0 0 0 0 0 0 0 0 0 0 0 0 0 0 0 0 0 0 0 0 0 0 0 0 0 0 0 0 0 0 0 0 0 0 0 0 0 0 0 0 0 0 0 0 0 0 0 0 0 0 0 0 0 0 0 0 0 0 0 0 0 0 0 0 0 0 0 0 0 0 0 0 0 0 0 0 0 0 0 0 0 0 0 0 0 0 0 0 0 0 0 0 0 0 0 0 0 0 0
 16.125 16.125 15.4375 15.4375 15.4375 17.125 17.125 20.875 20.875 20.875 21.1875 21.1875 24.3125 24.3125 24.3125 22.1875 22.1875 18 18 18 15.6875 15.6875 9 9 9 3 3 0.75 0.75 0.75 0.1875 0.1875 0.0625 0.0625 0.0625 0.0625 0.0625 0.0625 0.0625 0.0625 0.25 0.25 0.6875 0.6875 0.6875 0.75 0.75 0.1875 0.1875 0.1875 0 0 0 0 0 0 0 0 0 0 0 0 0 0 0 0 0 0 0 0 0 0 0 0 0 0 0 0 0 0 0 0 0 0 0 0 0 0 0 0 0 0 0 0 0 0 0 0 0 0 0 0 0 0 0 0 0 0 0 0 0 0 0 0 0 0 0 0 0 0 0 0 0 0 0 0 0 0 0 0 0 0 0 0 0 0 0 0 0 0 0 0 0 0 0 0 0 0 0 0 0 0 0 0 0 0 0 0 0 0 0 0 0 0 0 0 0 0 0
 16.125 16.125 15.4375 15.4375 15.4375 17.125 17.125 20.875 20.875 20.875 21.1875 21.1875 24.3125 24.3125 24.3125 22.1875 22.1875 18 18 18 15.6875 15.6875 9 9 9 3 3 0.75 0.75 0.75 0.1875 0.1875 0.0625 0.0625 0.0625 0.0625 0.0625 0.0625 0.0625 0.0625 0.25 0.25 0.6875 0.6875 0.6875 0.75 0.75 0.1875 0.1875 0.1875 0 0 0 0 0 0 0 0 0 0 0 0 0 0 0 0 0 0 0 0 0 0 0 0 0 0 0 0 0 0 0 0 0 0 0 0 0 0 0 0 0 0 0 0 0 0 0 0 0 0 0 0 0 0 0 0 0 0 0 0 0 0 0 0 0 0 0 0 0 0 0 0 0 0 0 0 0 0 0 0 0 0 0 0 0 0 0 0 0 0 0 0 0 0 0 0 0 0 0 0 0 0 0 0 0 0 0 0 0 0 0 0 0 0 0 0 0 0 0
 16.125 16.125 15.4375 15.4375 15.4375 17.125 17.125 20.875 20.875 20.875 21.1875 21.1875 24.3125 24.3125 24.3125 22.1875 22.1875 18 18 18 15.6875 15.6875 9 9 9 3 3 0.75 0.75 0.75 0.1875 0.1875 0.0625 0.0625 0.0625 0.0625 0.0625 0.0625 0.0625 0.0625 0.25 0.25 0.6875 0.6875 0.6875 0.75 0.75 0.1875 0.1875 0.1875 0 0 0 0 0 0 0 0 0 0 0 0 0 0 0 0 0 0 0 0 0 0 0 0 0 0 0 0 0 0 0 0 0 0 0 0 0 0 0 0 0 0 0 0 0 0 0 0 0 0 0 0 0 0 0 0 0 0 0 0 0 0 0 0 0 0 0 0 0 0 0 0 0 0 0 0 0 0 0 0 0 0 0 0 0 0 0 0 0 0 0 0 0 0 0 0 0 0 0 0 0 0 0 0 0 0 0 0 0 0 0 0 0 0 0 0 0 0 0
 11.75 11.75 13.125 13.125 13.125 17.1875 17.1875 18.375 18.375 18.375 22.5 22.5 26.5 26.5 26.5 25.5 25.5 21.625 21.625 21.625 12.75 12.75 4.25 4.25 4.25 0.9375 0.9375 0.3125 0.3125 0.3125 0.1875 0.1875 0.125 0.125 0.125 0.25 0.25 0.625 0.625 0.625 1.1875 1.1875 0.9375 0.9375 0.9375 0.25 0.25 0 0 0 0 0 0 0 0 0 0 0 0 0 0 0 0 0 0 0 0 0 0 0 0 0 0 0 0 0 0 0 0 0 0 0 0 0 0 0 0 0 0 0 0 0 0 0 0 0 0 0 0 0 0 0 0 0 0 0 0 0 0 0 0 0 0 0 0 0 0 0 0 0 0 0 0 0 0 0 0 0 0 0 0 0 0 0 0 0 0 0 0 0 0 0 0 0 0 0 0 0 0 0 0 0 0 0 0 0 0 0 0 0 0 0 0 0 0 0 0 0 0
 11.75 11.75 13.125 13.125 13.125 17.1875 17.1875 18.375 18.375 18.375 22.5 22.5 26.5 26.5 26.5 25.5 25.5 21.625 21.625 21.625 12.75 12.75 4.25 4.25 4.25 0.9375 0.9375 0.3125 0.3125 0.3125 0.1875 0.1875 0.125 0.125 0.125 0.25 0.25 0.625 0.625 0.625 1.1875 1.1875 0.9375 0.9375 0.9375 0.25 0.25 0 0 0 0 0 0 0 0 0 0 0 0 0 0 0 0 0 0 0 0 0 0 0 0 0 0 0 0 0 0 0 0 0 0 0 0 0 0 0 0 0 0 0 0 0 0 0 0 0 0 0 0 0 0 0 0 0 0 0 0 0 0 0 0 0 0 0 0 0 0 0 0 0 0 0 0 0 0 0 0 0 0 0 0 0 0 0 0 0 0 0 0 0 0 0 0 0 0 0 0 0 0 0 0 0 0 0 0 0 0 0 0 0 0 0 0 0 0 0 0 0 0
 8 8 12 12 12 15.4375 15.4375 19.9375 19.9375 19.9375 22.75 22.75 26.625 26.625 26.625 28.5 28.5 23 23 23 11.4375 11.4375 6.625 6.625 6.625 3.4375 3.4375 2.125 2.125 2.125 1.25 1.25 0.9375 0.9375 0.9375 1.0625 1.0625 1.0625 1.0625 1.0625 0.5625 0.5625 0.125 0.125 0.125 0 0 0 0 0 0 0 0 0 0 0 0 0 0 0 0 0 0 0 0 0 0 0 0 0 0 0 0 0 0 0 0 0 0 0 0 0 0 0 0 0 0 0 0 0 0 0 0 0 0 0 0 0 0 0 0 0 0 0 0 0 0 0 0 0 0 0 0 0 0 0 0 0 0 0 0 0 0 0 0 0 0 0 0 0 0 0 0 0 0 0 0 0 0 0 0 0 0 0 0 0 0 0 0 0 0 0 0 0 0 0 0 0 0 0 0 0 0 0 0 0 0 0 0
 8 8 12 12 12 15.4375 15.4375 19.9375 19.9375 19.9375 22.75 22.75 26.625 26.625 26.625 28.5 28.5 23 23 23 11.4375 11.4375 6.625 6.625 6.625 3.4375 3.4375 2.125 2.125 2.125 1.25 1.25 0.9375 0.9375 0.9375 1.0625 1.0625 1.0625 1.0625 1.0625 0.5625 0.5625 0.125 0.125 0.125 0 0 0 0 0 0 0 0 0 0 0 0 0 0 0 0 0 0 0 0 0 0 0 0 0 0 0 0 0 0 0 0 0 0 0 0 0 0 0 0 0 0 0 0 0 0 0 0 0 0 0 0 0 0 0 0 0 0 0 0 0 0 0 0 0 0 0 0 0 0 0 0 0 0 0 0 0 0 0 0 0 0 0 0 0 0 0 0 0 0 0 0 0 0 0 0 0 0 0 0 0 0 0 0 0 0 0 0 0 0 0 0 0 0 0 0 0 0 0 0 0 0 0 0
 8 8 12 12 12 15.4375 15.4375 19.9375 19.9375 19.9375 22.75 22.75 26.625 26.625 26.625 28.5 28.5 23 23 23 11.4375 11.4375 6.625 6.625 6.625 3.4375 3.4375 2.125 2.125 2.125 1.25 1.25 0.9375 0.9375 0.9375 1.0625 1.0625 1.0625 1.0625 1.0625 0.5625 0.5625 0.125 0.125 0.125 0 0 0 0 0 0 0 0 0 0 0 0 0 0 0 0 0 0 0 0 0 0 0 0 0 0 0 0 0 0 0 0 0 0 0 0 0 0 0 0 0 0 0 0 0 0 0 0 0 0 0 0 0 0 0 0 0 0 0 0 0 0 0 0 0 0 0 0 0 0 0 0 0 0 0 0 0 0 0 0 0 0 0 0 0 0 0 0 0 0 0 0 0 0 0 0 0 0 0 0 0 0 0 0 0 0 0 0 0 0 0 0 0 0 0 0 0 0 0 0 0 0 0 0
 6.0625 6.0625 10.9375 10.9375 10.9375 16 16 21.4375 21.4375 21.4375 29.75 29.75 36.8125 36.8125 36.8125 30.1875 30.1875 20.5 20.5 20.5 14.3125 14.3125 11.3125 11.3125 11.3125 6.5 6.5 3.25 3.25 3.25 2 2 1.3125 1.3125 1.3125 0.75 0.75 0.25 0.25 0.25 0 0 0 0 0 0 0 0 0 0 0 0 0 0 0 0 0 0 0 0 0 0 0 0 0 0 0 0 0 0 0 0 0 0 0 0 0 0 0 0 0 0 0 0 0 0 0 0 0 0 0 0 0 0 0 0 0 0 0 0 0 0 0 0 0 0 0 0 0 0 0 0 0 0 0 0 0 0 0 0 0 0 0 0 0 0 0 0 0 0 0 0 0 0 0 0 0 0 0 0 0 0 0 0 0 0 0 0 0 0 0 0 0 0 0 0 0 0 0 0 0 0 0 0 0 0 0 0 0
 6.0625 6.0625 10.9375 10.9375 10.9375 16 16 21.4375 21.4375 21.4375 29.75 29.75 36.8125 36.8125 36.8125 30.1875 30.1875 20.5 20.5 20.5 14.3125 14.3125 11.3125 11.3125 11.3125 6.5 6.5 3.25 3.25 3.25 2 2 1.3125 1.3125 1.3125 0.75 0.75 0.25 0.25 0.25 0 0 0 0 0 0 0 0 0 0 0 0 0 0 0 0 0 0 0 0 0 0 0 0 0 0 0 0 0 0 0 0 0 0 0 0 0 0 0 0 0 0 0 0 0 0 0 0 0 0 0 0 0 0 0 0 0 0 0 0 0 0 0 0 0 0 0 0 0 0 0 0 0 0 0 0 0 0 0 0 0 0 0 0 0 0 0 0 0 0 0 0 0 0 0 0 0 0 0 0 0 0 0 0 0 0 0 0 0 0 0 0 0 0 0 0 0 0 0 0 0 0 0 0 0 0 0 0 0
 4.4375 4.4375 10.75 10.75 10.75 17.125 17.125 27.125 27.125 27.125 40.9375 40.9375 44.875 44.875 44.875 34.875 34.875 27.625 27.625 27.625 23.8125 23.8125 18 18 18 10.375 10.375 5.9375 5.9375 5.9375 3.375 3.375 1.3125 1.3125 1.3125 0.3125 0.3125 0 0 0 0 0 0 0 0 0 0 0 0 0 0 0 0 0 0 0 0 0 0 0 0 0 0 0 0 0 0 0 0 0 0 0 0 0 0 0 0 0 0 0 0 0 0 0 0 0 0 0 0 0 0 0 0 0 0 0 0 0 0 0 0 0 0 0 0 0 0 0 0 0 0 0 0 0 0 0 0 0 0 0 0 0 0 0 0 0 0 0 0 0 0 0 0 0 0 0 0 0 0 0 0 0 0 0 0 0 0 0 0 0 0 0 0 0 0 0 0 0 0 0 0 0 0 0 0 0 0 0 0
 4.4375 4.4375 10.75 10.75 10.75 17.125 17.125 27.125 27.125 27.125 40.9375 40.9375 44.875 44.875 44.875 34.875 34.875 27.625 27.625 27.625 23.8125 23.8125 18 18 18 10.375 10.375 5.9375 5.9375 5.9375 3.375 3.375 1.3125 1.3125 1.3125 0.3125 0.3125 0 0 0 0 0 0 0 0 0 0 0 0 0 0 0 0 0 0 0 0 0 0 0 0 0 0 0 0 0 0 0 0 0 0 0 0 0 0 0 0 0 0 0 0 0 0 0 0 0 0 0 0 0 0 0 0 0 0 0 0 0 0 0 0 0 0 0 0 0 0 0 0 0 0 0 0 0 0 0 0 0 0 0 0 0 0 0 0 0 0 0 0 0 0 0 0 0 0 0 0 0 0 0 0 0 0 0 0 0 0 0 0 0 0 0 0 0 0 0 0 0 0 0 0 0 0 0 0 0 0 0 0
 4.4375 4.4375 10.75 10.75 10.75 17.125 17.125 27.125 27.125 27.125 40.9375 40.9375 44.875 44.875 44.875 34.875 34.875 27.625 27.625 27.625 23.8125 23.8125 18 18 18 10.375 10.375 5.9375 5.9375 5.9375 3.375 3.375 1.3125 1.3125 1.3125 0.3125 0.3125 0 0 0 0 0 0 0 0 0 0 0 0 0 0 0 0 0 0 0 0 0 0 0 0 0 0 0 0 0 0 0 0 0 0 0 0 0 0 0 0 0 0 0 0 0 0 0 0 0 0 0 0 0 0 0 0 0 0 0 0 0 0 0 0 0 0 0 0 0 0 0 0 0 0 0 0 0 0 0 0 0 0 0 0 0 0 0 0 0 0 0 0 0 0 0 0 0 0 0 0 0 0 0 0 0 0 0 0 0 0 0 0 0 0 0 0 0 0 0 0 0 0 0 0 0 0 0 0 0 0 0 0
 5.875 5.875 14.6875 14.6875 14.6875 23.75 23.75 34.5 34.5 34.5 38.5 38.5 33.625 33.625 33.625 29.875 29.875 36.5625 36.5625 36.5625 36.8125 36.8125 26.6875 26.6875 26.6875 13.4375 13.4375 6.0625 6.0625 6.0625 1.6875 1.6875 0.1875 0.1875 0.1875 0 0 0 0 0 0 0 0 0 0 0 0 0 0 0 0 0 0 0 0 0 0 0 0 0 0 0 0 0 0 0 0 0 0 0 0 0 0 0 0 0 0 0 0 0 0 0 0 0 0 0 0 0 0 0 0 0 0 0 0 0 0 0 0 0 0 0 0 0 0 0 0 0 0 0 0 0 0 0 0 0 0 0 0 0 0 0 0 0 0 0 0 0 0 0 0 0 0 0 0 0 0 0 0 0 0 0 0 0 0 0 0 0 0 0 0 0 0 0 0 0 0 0 0 0 0 0 0 0 0 0 0 0 0
 5.875 5.875 14.6875 14.6875 14.6875 23.75 23.75 34.5 34.5 34.5 38.5 38.5 33.625 33.625 33.625 29.875 29.875 36.5625 36.5625 36.5625 36.8125 36.8125 26.6875 26.6875 26.6875 13.4375 13.4375 6.0625 6.0625 6.0625 1.6875 1.6875 0.1875 0.1875 0.1875 0 0 0 0 0 0 0 0 0 0 0 0 0 0 0 0 0 0 0 0 0 0 0 0 0 0 0 0 0 0 0 0 0 0 0 0 0 0 0 0 0 0 0 0 0 0 0 0 0 0 0 0 0 0 0 0 0 0 0 0 0 0 0 0 0 0 0 0 0 0 0 0 0 0 0 0 0 0 0 0 0 0 0 0 0 0 0 0 0 0 0 0 0 0 0 0 0 0 0 0 0 0 0 0 0 0 0 0 0 0 0 0 0 0 0 0 0 0 0 0 0 0 0 0 0 0 0 0 0 0 0 0 0 0
 8.6875 8.6875 17.6875 17.6875 17.6875 20.875 20.875 20 20 20 22.25 22.25 27.625 27.625 27.625 40.8125 40.8125 52.25 52.25 52.25 45.125 45.125 22.1875 22.1875 22.1875 7.375 7.375 1.5625 1.5625 1.5625 0.125 0.125 0 0 0 0 0 0 0 0 0 0 0 0 0 0 0 0 0 0 0 0 0 0 0 0 0 0 0 0 0 0 0 0 0 0 0 0 0 0 0 0 0 0 0 0 0 0 0 0 0 0 0 0 0 0 0 0 0 0 0 0 0 0 0 0 0 0 0 0 0 0 0 0 0 0 0 0 0 0 0 0 0 0 0 0 0 0 0 0 0 0 0 0 0 0 0 0 0 0 0 0 0 0 0 0 0 0 0 0 0 0 0 0 0 0 0 0 0 0 0 0 0 0 0 0 0 0 0 0 0 0 0 0 0 0 0 0 0
 8.6875 8.6875 17.6875 17.6875 17.6875 20.875 20.875 20 20 20 22.25 22.25 27.625 27.625 27.625 40.8125 40.8125 52.25 52.25 52.25 45.125 45.125 22.1875 22.1875 22.1875 7.375 7.375 1.5625 1.5625 1.5625 0.125 0.125 0 0 0 0 0 0 0 0 0 0 0 0 0 0 0 0 0 0 0 0 0 0 0 0 0 0 0 0 0 0 0 0 0 0 0 0 0 0 0 0 0 0 0 0 0 0 0 0 0 0 0 0 0 0 0 0 0 0 0 0 0 0 0 0 0 0 0 0 0 0 0 0 0 0 0 0 0 0 0 0 0 0 0 0 0 0 0 0 0 0 0 0 0 0 0 0 0 0 0 0 0 0 0 0 0 0 0 0 0 0 0 0 0 0 0 0 0 0 0 0 0 0 0 0 0 0 0 0 0 0 0 0 0 0 0 0 0
 8.6875 8.6875 17.6875 17.6875 17.6875 20.875 20.875 20 20 20 22.25 22.25 27.625 27.625 27.625 40.8125 40.8125 52.25 52.25 52.25 45.125 45.125 22.1875 22.1875 22.1875 7.375 7.375 1.5625 1.5625 1.5625 0.125 0.125 0 0 0 0 0 0 0 0 0 0 0 0 0 0 0 0 0 0 0 0 0 0 0 0 0 0 0 0 0 0 0 0 0 0 0 0 0 0 0 0 0 0 0 0 0 0 0 0 0 0 0 0 0 0 0 0 0 0 0 0 0 0 0 0 0 0 0 0 0 0 0 0 0 0 0 0 0 0 0 0 0 0 0 0 0 0 0 0 0 0 0 0 0 0 0 0 0 0 0 0 0 0 0 0 0 0 0 0 0 0 0 0 0 0 0 0 0 0 0 0 0 0 0 0 0 0 0 0 0 0 0 0 0 0 0 0 0
 14.25 14.25 15.5 15.5 15.5 12.4375 12.4375 13.5 13.5 13.5 19.625 19.625 31.625 31.625 31.625 41.4375 41.4375 39.5 39.5 39.5 28.1875 28.1875 10.125 10.125 10.125 2.1875 2.1875 0.3125 0.3125 0.3125 0.0625 0.0625 0 0 0 0 0 0 0 0 0 0 0 0 0 0 0 0 0 0 0 0 0 0 0 0 0 0 0 0 0 0 0 0 0 0 0 0 0 0 0 0 0 0 0 0 0 0 0 0 0 0 0 0 0 0 0 0 0 0 0 0 0 0 0 0 0 0 0 0 0 0 0 0 0 0 0 0 0 0 0 0 0 0 0 0 0 0 0 0 0 0 0 0 0 0 0 0 0 0 0 0 0 0 0 0 0 0 0 0 0 0 0 0 0 0 0 0 0 0 0 0 0 0 0 0 0 0 0 0 0 0 0 0 0 0 0 0 0
 14.25 14.25 15.5 15.5 15.5 12.4375 12.4375 13.5 13.5 13.5 19.625 19.625 31.625 31.625 31.625 41.4375 41.4375 39.5 39.5 39.5 28.1875 28.1875 10.125 10.125 10.125 2.1875 2.1875 0.3125 0.3125 0.3125 0.0625 0.0625 0 0 0 0 0 0 0 0 0 0 0 0 0 0 0 0 0 0 0 0 0 0 0 0 0 0 0 0 0 0 0 0 0 0 0 0 0 0 0 0 0 0 0 0 0 0 0 0 0 0 0 0 0 0 0 0 0 0 0 0 0 0 0 0 0 0 0 0 0 0 0 0 0 0 0 0 0 0 0 0 0 0 0 0 0 0 0 0 0 0 0 0 0 0 0 0 0 0 0 0 0 0 0 0 0 0 0 0 0 0 0 0 0 0 0 0 0 0 0 0 0 0 0 0 0 0 0 0 0 0 0 0 0 0 0 0 0
 9.1875 9.1875 9.375 9.375 9.375 11.625 11.625 18.5625 18.5625 18.5625 27.9375 27.9375 29.5625 29.5625 29.5625 26.0625 26.0625 26.0625 26.0625 26.0625 11.125 11.125 1.8125 1.8125 1.8125 0.375 0.375 0.125 0.125 0.125 0 0 0 0 0 0 0 0 0 0 0 0 0 0 0 0 0 0 0 0 0 0 0 0 0 0 0 0 0 0 0 0 0 0 0 0 0 0 0 0 0 0 0 0 0 0 0 0 0 0 0 0 0 0 0 0 0 0 0 0 0 0 0 0 0 0 0 0 0 0 0 0 0 0 0 0 0 0 0 0 0 0 0 0 0 0 0 0 0 0 0 0 0 0 0 0 0 0 0 0 0 0 0 0 0 0 0 0 0 0 0 0 0 0 0 0 0 0 0 0 0 0 0 0 0 0 0 0 0 0 0 0 0 0 0 0 0 0 0
 9.1875 9.1875 9.375 9.375 9.375 11.625 11.625 18.5625 18.5625 18.5625 27.9375 27.9375 29.5625 29.5625 29.5625 26.0625 26.0625 26.0625 26.0625 26.0625 11.125 11.125 1.8125 1.8125 1.8125 0.375 0.375 0.125 0.125 0.125 0 0 0 0 0 0 0 0 0 0 0 0 0 0 0 0 0 0 0 0 0 0 0 0 0 0 0 0 0 0 0 0 0 0 0 0 0 0 0 0 0 0 0 0 0 0 0 0 0 0 0 0 0 0 0 0 0 0 0 0 0 0 0 0 0 0 0 0 0 0 0 0 0 0 0 0 0 0 0 0 0 0 0 0 0 0 0 0 0 0 0 0 0 0 0 0 0 0 0 0 0 0 0 0 0 0 0 0 0 0 0 0 0 0 0 0 0 0 0 0 0 0 0 0 0 0 0 0 0 0 0 0 0 0 0 0 0 0 0
 9.1875 9.1875 9.375 9.375 9.375 11.625 11.625 18.5625 18.5625 18.5625 27.9375 27.9375 29.5625 29.5625 29.5625 26.0625 26.0625 26.0625 26.0625 26.0625 11.125 11.125 1.8125 1.8125 1.8125 0.375 0.375 0.125 0.125 0.125 0 0 0 0 0 0 0 0 0 0 0 0 0 0 0 0 0 0 0 0 0 0 0 0 0 0 0 0 0 0 0 0 0 0 0 0 0 0 0 0 0 0 0 0 0 0 0 0 0 0 0 0 0 0 0 0 0 0 0 0 0 0 0 0 0 0 0 0 0 0 0 0 0 0 0 0 0 0 0 0 0 0 0 0 0 0 0 0 0 0 0 0 0 0 0 0 0 0 0 0 0 0 0 0 0 0 0 0 0 0 0 0 0 0 0 0 0 0 0 0 0 0 0 0 0 0 0 0 0 0 0 0 0 0 0 0 0 0 0
 7.0625 7.0625 9.875 9.875 9.875 17.875 17.875 24.375 24.375 24.375 21.5 21.5 19.3125 19.3125 19.3125 19.5 19.5 8.6875 8.6875 8.6875 1.25 1.25 0.4375 0.4375 0.4375 0.3125 0.3125 0.125 0.125 0.125 0 0 0 0 0 0 0 0 0 0 0 0 0 0 0 0 0 0 0 0 0 0 0 0 0 0 0 0 0 0 0 0 0 0 0 0 0 0 0 0 0 0 0 0 0 0 0 0 0 0 0 0 0 0 0 0 0 0 0 0 0 0 0 0 0 0 0 0 0 0 0 0 0 0 0 0 0 0 0 0 0 0 0 0 0 0 0 0 0 0 0 0 0 0 0 0 0 0 0 0 0 0 0 0 0 0 0 0 0 0 0 0 0 0 0 0 0 0 0 0 0 0 0 0 0 0 0 0 0 0 0 0 0 0 0 0 0 0 0
 7.0625 7.0625 9.875 9.875 9.875 17.875 17.875 24.375 24.375 24.375 21.5 21.5 19.3125 19.3125 19.3125 19.5 19.5 8.6875 8.6875 8.6875 1.25 1.25 0.4375 0.4375 0.4375 0.3125 0.3125 0.125 0.125 0.125 0 0 0 0 0 0 0 0 0 0 0 0 0 0 0 0 0 0 0 0 0 0 0 0 0 0 0 0 0 0 0 0 0 0 0 0 0 0 0 0 0 0 0 0 0 0 0 0 0 0 0 0 0 0 0 0 0 0 0 0 0 0 0 0 0 0 0 0 0 0 0 0 0 0 0 0 0 0 0 0 0 0 0 0 0 0 0 0 0 0 0 0 0 0 0 0 0 0 0 0 0 0 0 0 0 0 0 0 0 0 0 0 0 0 0 0 0 0 0 0 0 0 0 0 0 0 0 0 0 0 0 0 0 0 0 0 0 0 0
 13.6875 13.6875 17.5625 17.5625 17.5625 20.5 20.5 15.4375 15.4375 15.4375 13.125 13.125 15.0625 15.0625 15.0625 9.1875 9.1875 1.625 1.625 1.625 0.6875 0.6875 0.75 0.75 0.75 0.5625 0.5625 0.3125 0.3125 0.3125 0.125 0.125 0 0 0 0 0 0 0 0 0 0 0 0 0 0 0 0 0 0 0 0 0 0 0 0 0 0 0 0 0 0 0 0 0 0 0 0 0 0 0 0 0 0 0 0 0 0 0 0 0 0 0 0 0 0 0 0 0 0 0 0 0 0 0 0 0 0 0 0 0 0 0 0 0 0 0 0 0 0 0 0 0 0 0 0 0 0 0 0 0 0 0 0 0 0 0 0 0 0 0 0 0 0 0 0 0 0 0 0 0 0 0 0 0 0 0 0 0 0 0 0 0 0 0 0 0 0 0 0 0 0 0 0 0 0 0 0 0
 13.6875 13.6875 17.5625 17.5625 17.5625 20.5 20.5 15.4375 15.4375 15.4375 13.125 13.125 15.0625 15.0625 15.0625 9.1875 9.1875 1.625 1.625 1.625 0.6875 0.6875 0.75 0.75 0.75 0.5625 0.5625 0.3125 0.3125 0.3125 0.125 0.125 0 0 0 0 0 0 0 0 0 0 0 0 0 0 0 0 0 0 0 0 0 0 0 0 0 0 0 0 0 0 0 0 0 0 0 0 0 0 0 0 0 0 0 0 0 0 0 0 0 0 0 0 0 0 0 0 0 0 0 0 0 0 0 0 0 0 0 0 0 0 0 0 0 0 0 0 0 0 0 0 0 0 0 0 0 0 0 0 0 0 0 0 0 0 0 0 0 0 0 0 0 0 0 0 0 0 0 0 0 0 0 0 0 0 0 0 0 0 0 0 0 0 0 0 0 0 0 0 0 0 0 0 0 0 0 0 0
 13.6875 13.6875 17.5625 17.5625 17.5625 20.5 20.5 15.4375 15.4375 15.4375 13.125 13.125 15.0625 15.0625 15.0625 9.1875 9.1875 1.625 1.625 1.625 0.6875 0.6875 0.75 0.75 0.75 0.5625 0.5625 0.3125 0.3125 0.3125 0.125 0.125 0 0 0 0 0 0 0 0 0 0 0 0 0 0 0 0 0 0 0 0 0 0 0 0 0 0 0 0 0 0 0 0 0 0 0 0 0 0 0 0 0 0 0 0 0 0 0 0 0 0 0 0 0 0 0 0 0 0 0 0 0 0 0 0 0 0 0 0 0 0 0 0 0 0 0 0 0 0 0 0 0 0 0 0 0 0 0 0 0 0 0 0 0 0 0 0 0 0 0 0 0 0 0 0 0 0 0 0 0 0 0 0 0 0 0 0 0 0 0 0 0 0 0 0 0 0 0 0 0 0 0 0 0 0 0 0 0
 17.4375 17.4375 22 22 22 15.3125 15.3125 11.25 11.25 11.25 12.0625 12.0625 9.4375 9.4375 9.4375 2.75 2.75 0.625 0.625 0.625 0.5 0.5 0.6875 0.6875 0.6875 0.5625 0.5625 0.375 0.375 0.375 0.25 0.25 0.0625 0.0625 0.0625 0 0 0 0 0 0 0 0 0 0 0 0 0 0 0 0 0 0 0 0 0 0 0 0 0 0 0 0 0 0 0 0 0 0 0 0 0 0 0 0 0 0 0 0 0 0 0 0 0 0 0 0 0 0 0 0 0 0 0 0 0 0 0 0 0 0 0 0 0 0 0 0 0 0 0 0 0 0 0 0 0 0 0 0 0 0 0 0 0 0 0 0 0 0 0 0 0 0 0 0 0 0 0 0 0 0 0 0 0 0 0 0 0 0 0 0 0 0 0 0 0 0 0 0 0 0 0 0 0 0 0 0 0 0
 17.4375 17.4375 22 22 22 15.3125 15.3125 11.25 11.25 11.25 12.0625 12.0625 9.4375 9.4375 9.4375 2.75 2.75 0.625 0.625 0.625 0.5 0.5 0.6875 0.6875 0.6875 0.5625 0.5625 0.375 0.375 0.375 0.25 0.25 0.0625 0.0625 0.0625 0 0 0 0 0 0 0 0 0 0 0 0 0 0 0 0 0 0 0 0 0 0 0 0 0 0 0 0 0 0 0 0 0 0 0 0 0 0 0 0 0 0 0 0 0 0 0 0 0 0 0 0 0 0 0 0 0 0 0 0 0 0 0 0 0 0 0 0 0 0 0 0 0 0 0 0 0 0 0 0 0 0 0 0 0 0 0 0 0 0 0 0 0 0 0 0 0 0 0 0 0 0 0 0 0 0 0 0 0 0 0 0 0 0 0 0 0 0 0 0 0 0 0 0 0 0 0 0 0 0 0 0 0 0
 17.4375 17.4375 12.5 12.5 12.5 9.9375 9.9375 9.125 9.125 9.125 8.0625 8.0625 4.0625 4.0625 4.0625 0.9375 0.9375 0.4375 0.4375 0.4375 0.375 0.375 0.5 0.5 0.5 0.625 0.625 0.625 0.625 0.625 0.4375 0.4375 0.1875 0.1875 0.1875 0.0625 0.0625 0 0 0 0 0 0 0 0 0 0 0 0 0 0 0 0 0 0 0 0 0 0 0 0 0 0 0 0 0 0 0 0 0 0 0 0 0 0 0 0 0 0 0 0 0 0 0 0 0 0 0 0 0 0 0 0 0 0 0 0 0 0 0 0 0 0 0 0 0 0 0 0 0 0 0 0 0 0 0 0 0 0 0 0 0 0 0 0 0 0 0 0 0 0 0 0 0 0 0 0 0 0 0 0 0 0 0 0 0 0 0 0 0 0 0 0 0 0 0 0 0 0 0 0 0 0 0 0 0 0 0 0
 17.4375 17.4375 12.5 12.5 12.5 9.9375 9.9375 9.125 9.125 9.125 8.0625 8.0625 4.0625 4.0625 4.0625 0.9375 0.9375 0.4375 0.4375 0.4375 0.375 0.375 0.5 0.5 0.5 0.625 0.625 0.625 0.625 0.625 0.4375 0.4375 0.1875 0.1875 0.1875 0.0625 0.0625 0 0 0 0 0 0 0 0 0 0 0 0 0 0 0 0 0 0 0 0 0 0 0 0 0 0 0 0 0 0 0 0 0 0 0 0 0 0 0 0 0 0 0 0 0 0 0 0 0 0 0 0 0 0 0 0 0 0 0 0 0 0 0 0 0 0 0 0 0 0 0 0 0 0 0 0 0 0 0 0 0 0 0 0 0 0 0 0 0 0 0 0 0 0 0 0 0 0 0 0 0 0 0 0 0 0 0 0 0 0 0 0 0 0 0 0 0 0 0 0 0 0 0 0 0 0 0 0 0 0 0 0
 17.4375 17.4375 12.5 12.5 12.5 9.9375 9.9375 9.125 9.125 9.125 8.0625 8.0625 4.0625 4.0625 4.0625 0.9375 0.9375 0.4375 0.4375 0.4375 0.375 0.375 0.5 0.5 0.5 0.625 0.625 0.625 0.625 0.625 0.4375 0.4375 0.1875 0.1875 0.1875 0.0625 0.0625 0 0 0 0 0 0 0 0 0 0 0 0 0 0 0 0 0 0 0 0 0 0 0 0 0 0 0 0 0 0 0 0 0 0 0 0 0 0 0 0 0 0 0 0 0 0 0 0 0 0 0 0 0 0 0 0 0 0 0 0 0 0 0 0 0 0 0 0 0 0 0 0 0 0 0 0 0 0 0 0 0 0 0 0 0 0 0 0 0 0 0 0 0 0 0 0 0 0 0 0 0 0 0 0 0 0 0 0 0 0 0 0 0 0 0 0 0 0 0 0 0 0 0 0 0 0 0 0 0 0 0 0
 8.4375 8.4375 7.375 7.375 7.375 7.5625 7.5625 7.1875 7.1875 7.1875 5.375 5.375 1.875 1.875 1.875 0.4375 0.4375 0.375 0.375 0.375 0.4375 0.4375 0.5 0.5 0.5 0.5625 0.5625 0.5625 0.5625 0.5625 0.4375 0.4375 0.3125 0.3125 0.3125 0.125 0.125 0 0 0 0 0 0 0 0 0 0 0 0 0 0 0 0 0 0 0 0 0 0 0 0 0 0 0 0 0 0 0 0 0 0 0 0 0 0 0 0 0 0 0 0 0 0 0 0 0 0 0 0 0 0 0 0 0 0 0 0 0 0 0 0 0 0 0 0 0 0 0 0 0 0 0 0 0 0 0 0 0 0 0 0 0 0 0 0 0 0 0 0 0 0 0 0 0 0 0 0 0 0 0 0 0 0 0 0 0 0 0 0 0 0 0 0 0 0 0 0 0 0 0 0 0 0 0 0 0 0 0 0
 8.4375 8.4375 7.375 7.375 7.375 7.5625 7.5625 7.1875 7.1875 7.1875 5.375 5.375 1.875 1.875 1.875 0.4375 0.4375 0.375 0.375 0.375 0.4375 0.4375 0.5 0.5 0.5 0.5625 0.5625 0.5625 0.5625 0.5625 0.4375 0.4375 0.3125 0.3125 0.3125 0.125 0.125 0 0 0 0 0 0 0 0 0 0 0 0 0 0 0 0 0 0 0 0 0 0 0 0 0 0 0 0 0 0 0 0 0 0 0 0 0 0 0 0 0 0 0 0 0 0 0 0 0 0 0 0 0 0 0 0 0 0 0 0 0 0 0 0 0 0 0 0 0 0 0 0 0 0 0 0 0 0 0 0 0 0 0 0 0 0 0 0 0 0 0 0 0 0 0 0 0 0 0 0 0 0 0 0 0 0 0 0 0 0 0 0 0 0 0 0 0 0 0 0 0 0 0 0 0 0 0 0 0 0 0 0
 6.5 6.5 7 7 7 6.75 6.75 5.6875 5.6875 5.6875 3.0625 3.0625 0.6875 0.6875 0.6875 0.375 0.375 0.4375 0.4375 0.4375 0.375 0.375 0.375 0.375 0.375 0.4375 0.4375 0.4375 0.4375 0.4375 0.4375 0.4375 0.3125 0.3125 0.3125 0.1875 0.1875 0.0625 0.0625 0.0625 0 0 0 0 0 0 0 0 0 0 0 0 0 0 0 0 0 0 0 0 0 0 0 0 0 0 0 0 0 0 0 0 0 0 0 0 0 0 0 0 0 0 0 0 0 0 0 0 0 0 0 0 0 0 0 0 0 0 0 0 0 0 0 0 0 0 0 0 0 0 0 0 0 0 0 0 0 0 0 0 0 0 0 0 0 0 0 0 0 0 0 0 0 0 0 0 0 0 0 0 0 0 0 0 0 0 0 0 0 0 0 0 0 0 0 0 0 0 0 0 0 0 0 0 0 0 0 0 0
 6.5 6.5 7 7 7 6.75 6.75 5.6875 5.6875 5.6875 3.0625 3.0625 0.6875 0.6875 0.6875 0.375 0.375 0.4375 0.4375 0.4375 0.375 0.375 0.375 0.375 0.375 0.4375 0.4375 0.4375 0.4375 0.4375 0.4375 0.4375 0.3125 0.3125 0.3125 0.1875 0.1875 0.0625 0.0625 0.0625 0 0 0 0 0 0 0 0 0 0 0 0 0 0 0 0 0 0 0 0 0 0 0 0 0 0 0 0 0 0 0 0 0 0 0 0 0 0 0 0 0 0 0 0 0 0 0 0 0 0 0 0 0 0 0 0 0 0 0 0 0 0 0 0 0 0 0 0 0 0 0 0 0 0 0 0 0 0 0 0 0 0 0 0 0 0 0 0 0 0 0 0 0 0 0 0 0 0 0 0 0 0 0 0 0 0 0 0 0 0 0 0 0 0 0 0 0 0 0 0 0 0 0 0 0 0 0 0 0
 6.5 6.5 7 7 7 6.75 6.75 5.6875 5.6875 5.6875 3.0625 3.0625 0.6875 0.6875 0.6875 0.375 0.375 0.4375 0.4375 0.4375 0.375 0.375 0.375 0.375 0.375 0.4375 0.4375 0.4375 0.4375 0.4375 0.4375 0.4375 0.3125 0.3125 0.3125 0.1875 0.1875 0.0625 0.0625 0.0625 0 0 0 0 0 0 0 0 0 0 0 0 0 0 0 0 0 0 0 0 0 0 0 0 0 0 0 0 0 0 0 0 0 0 0 0 0 0 0 0 0 0 0 0 0 0 0 0 0 0 0 0 0 0 0 0 0 0 0 0 0 0 0 0 0 0 0 0 0 0 0 0 0 0 0 0 0 0 0 0 0 0 0 0 0 0 0 0 0 0 0 0 0 0 0 0 0 0 0 0 0 0 0 0 0 0 0 0 0 0 0 0 0 0 0 0 0 0 0 0 0 0 0 0 0 0 0 0 0
 6.6875 6.6875 6.375 6.375 6.375 5.4375 5.4375 3.8125 3.8125 3.8125 1.1875 1.1875 0.4375 0.4375 0.4375 0.4375 0.4375 0.375 0.375 0.375 0.25 0.25 0.3125 0.3125 0.3125 0.375 0.375 0.4375 0.4375 0.4375 0.4375 0.4375 0.3125 0.3125 0.3125 0.25 0.25 0.125 0.125 0.125 0.0625 0.0625 0 0 0 0 0 0 0 0 0 0 0 0 0 0 0 0 0 0 0 0 0 0 0 0 0 0 0 0 0 0 0 0 0 0 0 0 0 0 0 0 0 0 0 0 0 0 0 0 0 0 0 0 0 0 0 0 0 0 0 0 0 0 0 0 0 0 0 0 0 0 0 0 0 0 0 0 0 0 0 0 0 0 0 0 0 0 0 0 0 0 0 0 0 0 0 0 0 0 0 0 0 0 0 0 0 0 0 0 0 0 0 0 0 0 0 0 0 0 0 0 0 0 0 0 0 0 0
 6.6875 6.6875 6.375 6.375 6.375 5.4375 5.4375 3.8125 3.8125 3.8125 1.1875 1.1875 0.4375 0.4375 0.4375 0.4375 0.4375 0.375 0.375 0.375 0.25 0.25 0.3125 0.3125 0.3125 0.375 0.375 0.4375 0.4375 0.4375 0.4375 0.4375 0.3125 0.3125 0.3125 0.25 0.25 0.125 0.125 0.125 0.0625 0.0625 0 0 0 0 0 0 0 0 0 0 0 0 0 0 0 0 0 0 0 0 0 0 0 0 0 0 0 0 0 0 0 0 0 0 0 0 0 0 0 0 0 0 0 0 0 0 0 0 0 0 0 0 0 0 0 0 0 0 0 0 0 0 0 0 0 0 0 0 0 0 0 0 0 0 0 0 0 0 0 0 0 0 0 0 0 0 0 0 0 0 0 0 0 0 0 0 0 0 0 0 0 0 0 0 0 0 0 0 0 0 0 0 0 0 0 0 0 0 0 0 0 0 0 0 0 0 0
 5.375 5.375 4.9375 4.9375 4.9375 4 4 1.8125 1.8125 1.8125 0.5 0.5 0.375 0.375 0.375 0.375 0.375 0.25 0.25 0.25 0.1875 0.1875 0.1875 0.1875 0.1875 0.25 0.25 0.3125 0.3125 0.3125 0.3125 0.3125 0.25 0.25 0.25 0.1875 0.1875 0.0625 0.0625 0.0625 0.0625 0.0625 0 0 0 0 0 0 0 0 0 0 0 0 0 0 0 0 0 0 0 0 0 0 0 0 0 0 0 0 0 0 0 0 0 0 0 0 0 0 0 0 0 0 0 0 0 0 0 0 0 0 0 0 0 0 0 0 0 0 0 0 0 0 0 0 0 0 0 0 0 0 0 0 0 0 0 0 0 0 0 0 0 0 0 0 0 0 0 0 0 0 0 0 0 0 0 0 0 0 0 0 0 0 0 0 0 0 0 0 0 0 0 0 0 0 0 0 0 0 0 0 0 0 0 0 0 0 0
 5.375 5.375 4.9375 4.9375 4.9375 4 4 1.8125 1.8125 1.8125 0.5 0.5 0.375 0.375 0.375 0.375 0.375 0.25 0.25 0.25 0.1875 0.1875 0.1875 0.1875 0.1875 0.25 0.25 0.3125 0.3125 0.3125 0.3125 0.3125 0.25 0.25 0.25 0.1875 0.1875 0.0625 0.0625 0.0625 0.0625 0.0625 0 0 0 0 0 0 0 0 0 0 0 0 0 0 0 0 0 0 0 0 0 0 0 0 0 0 0 0 0 0 0 0 0 0 0 0 0 0 0 0 0 0 0 0 0 0 0 0 0 0 0 0 0 0 0 0 0 0 0 0 0 0 0 0 0 0 0 0 0 0 0 0 0 0 0 0 0 0 0 0 0 0 0 0 0 0 0 0 0 0 0 0 0 0 0 0 0 0 0 0 0 0 0 0 0 0 0 0 0 0 0 0 0 0 0 0 0 0 0 0 0 0 0 0 0 0 0
