ncols        169
nrows        134
xllcorner    60.900000000000
yllcorner    23.700000000000
cellsize     0.100000000000
NODATA_value  -9999
 0.0 0 0 0 0 0 0 0 0 0 0 0 0 0 0 0 0 0 0 0 0 0 0 0 0 0 0 0 0 0 0 0 0 0 0 0 0 0 0 0 0 0 0 0 0 0 0 0 0 0 0 0 0 0 0 0 0 0 0 0 0 0 0 0 0 0 0 0 0 0 0 0 0 0 0 0 0 0 0 0 0 0 0 0 0 0 0 0.0625 0.0625 0.0625 0.0625 0.0625 0.125 0.125 0.125 0.1875 0.1875 0.125 0.125 0.125 0.1875 0.1875 0.125 0.125 0.125 0.1875 0.1875 0.3125 0.3125 0.3125 0.3125 0.3125 0.3125 0.3125 0.3125 0.4375 0.4375 0.9375 0.9375 0.9375 1.1875 1.1875 1 1 1 1.5625 1.5625 1.75 1.75 1.75 1.1875 1.1875 1.6875 1.6875 1.6875 1.5625 1.5625 1.6875 1.6875 1.6875 1.625 1.625 1.4375 1.4375 1.4375 1.1875 1.1875 1.375 1.375 1.375 1.1875 1.1875 0.875 0.875 0.875 0.8125 0.8125 0.6875 0.6875 0.6875 0.8125 0.8125 0.875 0.875 0.875 0.6875 0.6875 0.5 0.5
 0 0 0 0 0 0 0 0 0 0 0 0 0 0 0 0 0 0 0 0 0 0 0 0 0 0 0 0 0 0 0 0 0 0 0 0 0 0 0 0 0 0 0 0 0 0 0 0 0 0 0 0 0 0 0 0 0 0 0 0 0 0 0 0 0 0 0 0 0 0 0 0 0 0 0 0 0 0 0 0 0 0 0 0 0 0 0 0.0625 0.0625 0.0625 0.0625 0.0625 0.125 0.125 0.125 0.1875 0.1875 0.125 0.125 0.125 0.1875 0.1875 0.125 0.125 0.125 0.1875 0.1875 0.3125 0.3125 0.3125 0.3125 0.3125 0.3125 0.3125 0.3125 0.4375 0.4375 0.9375 0.9375 0.9375 1.1875 1.1875 1 1 1 1.5625 1.5625 1.75 1.75 1.75 1.1875 1.1875 1.6875 1.6875 1.6875 1.5625 1.5625 1.6875 1.6875 1.6875 1.625 1.625 1.4375 1.4375 1.4375 1.1875 1.1875 1.375 1.375 1.375 1.1875 1.1875 0.875 0.875 0.875 0.8125 0.8125 0.6875 0.6875 0.6875 0.8125 0.8125 0.875 0.875 0.875 0.6875 0.6875 0.5 0.5
 0 0 0 0 0 0 0 0 0 0 0 0 0 0 0 0 0 0 0 0 0 0 0 0 0 0 0 0 0 0 0 0 0 0 0 0 0 0 0 0 0 0 0 0 0 0 0 0 0 0 0.0625 0.0625 0 0 0 0 0 0 0 0 0 0 0.0625 0.0625 0.0625 0.125 0.125 0.0625 0.0625 0.0625 0.0625 0.0625 0 0 0 0 0 0 0 0 0 0 0 0 0 0 0 0 0 0 0.0625 0.0625 0.125 0.125 0.125 0.125 0.125 0.1875 0.1875 0.1875 0.3125 0.3125 0.1875 0.1875 0.1875 0.25 0.25 0.4375 0.4375 0.4375 0.5 0.5 0.625 0.625 0.625 0.4375 0.4375 0.375 0.375 0.375 0.6875 0.6875 0.8125 0.8125 0.8125 1.5 1.5 1.125 1.125 1.125 1.3125 1.3125 1.25 1.25 1.25 0.75 0.75 1.75 1.75 1.75 1.75 1.75 1.5625 1.5625 1.5625 1.8125 1.8125 1.875 1.875 1.875 1.25 1.25 0.625 0.625 0.625 0.625 0.625 0.75 0.75 0.75 1.0625 1.0625 0.9375 0.9375 0.9375 0.8125 0.8125 0.625 0.625
 0 0 0 0 0 0 0 0 0 0 0 0 0 0 0 0 0 0 0 0 0 0 0 0 0 0 0 0 0 0 0 0 0 0 0 0 0 0 0 0 0 0 0 0 0 0 0 0 0 0 0.0625 0.0625 0 0 0 0 0 0 0 0 0 0 0.0625 0.0625 0.0625 0.125 0.125 0.0625 0.0625 0.0625 0.0625 0.0625 0 0 0 0 0 0 0 0 0 0 0 0 0 0 0 0 0 0 0.0625 0.0625 0.125 0.125 0.125 0.125 0.125 0.1875 0.1875 0.1875 0.3125 0.3125 0.1875 0.1875 0.1875 0.25 0.25 0.4375 0.4375 0.4375 0.5 0.5 0.625 0.625 0.625 0.4375 0.4375 0.375 0.375 0.375 0.6875 0.6875 0.8125 0.8125 0.8125 1.5 1.5 1.125 1.125 1.125 1.3125 1.3125 1.25 1.25 1.25 0.75 0.75 1.75 1.75 1.75 1.75 1.75 1.5625 1.5625 1.5625 1.8125 1.8125 1.875 1.875 1.875 1.25 1.25 0.625 0.625 0.625 0.625 0.625 0.75 0.75 0.75 1.0625 1.0625 0.9375 0.9375 0.9375 0.8125 0.8125 0.625 0.625
 0 0 0 0 0 0 0 0 0 0 0 0 0 0 0 0 0 0 0 0 0 0 0 0 0 0 0 0 0 0 0 0 0 0 0 0 0 0 0 0 0 0 0 0 0 0 0 0 0 0 0.0625 0.0625 0 0 0 0 0 0 0 0 0 0 0.0625 0.0625 0.0625 0.125 0.125 0.0625 0.0625 0.0625 0.0625 0.0625 0 0 0 0 0 0 0 0 0 0 0 0 0 0 0 0 0 0 0.0625 0.0625 0.125 0.125 0.125 0.125 0.125 0.1875 0.1875 0.1875 0.3125 0.3125 0.1875 0.1875 0.1875 0.25 0.25 0.4375 0.4375 0.4375 0.5 0.5 0.625 0.625 0.625 0.4375 0.4375 0.375 0.375 0.375 0.6875 0.6875 0.8125 0.8125 0.8125 1.5 1.5 1.125 1.125 1.125 1.3125 1.3125 1.25 1.25 1.25 0.75 0.75 1.75 1.75 1.75 1.75 1.75 1.5625 1.5625 1.5625 1.8125 1.8125 1.875 1.875 1.875 1.25 1.25 0.625 0.625 0.625 0.625 0.625 0.75 0.75 0.75 1.0625 1.0625 0.9375 0.9375 0.9375 0.8125 0.8125 0.625 0.625
 0 0 0 0 0 0 0 0 0 0 0 0 0 0 0 0 0 0 0 0 0 0 0 0 0 0 0 0 0 0 0 0 0 0 0 0.0625 0.0625 0 0 0 0 0 0 0 0 0 0 0 0 0 0 0 0 0 0 0 0 0 0 0 0 0 0.1875 0.1875 0.1875 0.375 0.375 0.1875 0.1875 0.1875 0.3125 0.3125 0.125 0.125 0.125 0 0 0 0 0 0 0 0.0625 0.0625 0.0625 0.125 0.125 0.125 0.125 0.125 0.125 0.125 0.125 0.125 0.125 0.125 0.125 0.25 0.25 0.25 0.5 0.5 0.375 0.375 0.375 0.4375 0.4375 0.375 0.375 0.375 0.25 0.25 0.0625 0.0625 0.0625 0.125 0.125 0.4375 0.4375 0.4375 0.6875 0.6875 1.3125 1.3125 1.3125 1.5 1.5 0.6875 0.6875 0.6875 1.3125 1.3125 1.0625 1.0625 1.0625 0.5625 0.5625 1.375 1.375 1.375 1.5625 1.5625 1.125 1.125 1.125 1.875 1.875 0.625 0.625 0.625 0.75 0.75 1.375 1.375 1.375 1.0625 1.0625 1.125 1.125 1.125 1.0625 1.0625 1 1 1 0.875 0.875 0.8125 0.8125
 0 0 0 0 0 0 0 0 0 0 0 0 0 0 0 0 0 0 0 0 0 0 0 0 0 0 0 0 0 0 0 0 0 0 0 0.0625 0.0625 0 0 0 0 0 0 0 0 0 0 0 0 0 0 0 0 0 0 0 0 0 0 0 0 0 0.1875 0.1875 0.1875 0.375 0.375 0.1875 0.1875 0.1875 0.3125 0.3125 0.125 0.125 0.125 0 0 0 0 0 0 0 0.0625 0.0625 0.0625 0.125 0.125 0.125 0.125 0.125 0.125 0.125 0.125 0.125 0.125 0.125 0.125 0.25 0.25 0.25 0.5 0.5 0.375 0.375 0.375 0.4375 0.4375 0.375 0.375 0.375 0.25 0.25 0.0625 0.0625 0.0625 0.125 0.125 0.4375 0.4375 0.4375 0.6875 0.6875 1.3125 1.3125 1.3125 1.5 1.5 0.6875 0.6875 0.6875 1.3125 1.3125 1.0625 1.0625 1.0625 0.5625 0.5625 1.375 1.375 1.375 1.5625 1.5625 1.125 1.125 1.125 1.875 1.875 0.625 0.625 0.625 0.75 0.75 1.375 1.375 1.375 1.0625 1.0625 1.125 1.125 1.125 1.0625 1.0625 1 1 1 0.875 0.875 0.8125 0.8125
 0 0 0 0 0 0 0 0 0 0 0 0 0 0 0 0 0 0 0 0 0 0 0 0 0 0 0 0 0 0 0 0 0 0 0 0 0 0 0 0 0 0 0 0 0 0 0 0.0625 0.0625 0.0625 0 0 0 0 0 0.0625 0.0625 0.0625 0.0625 0.0625 0 0 0.0625 0.0625 0.0625 0.1875 0.1875 0.1875 0.1875 0.1875 0.25 0.25 0.0625 0.0625 0.0625 0 0 0 0 0 0.0625 0.0625 0.125 0.125 0.125 0.125 0.125 0.1875 0.1875 0.1875 0.1875 0.1875 0.125 0.125 0.125 0.125 0.125 0.25 0.25 0.25 0.4375 0.4375 0.4375 0.4375 0.4375 0.25 0.25 0 0 0 0 0 0.125 0.125 0.125 0.75 0.75 1 1 1 1 1 1.625 1.625 1.625 1.0625 1.0625 0.4375 0.4375 0.4375 1 1 1.375 1.375 1.375 1.5625 1.5625 1.125 1.125 1.125 1.5 1.5 1.375 1.375 1.375 0.75 0.75 0.6875 0.6875 0.6875 0.75 0.75 0.5625 0.5625 0.5625 1.4375 1.4375 1.4375 1.4375 1.4375 1.375 1.375 0.875 0.875 0.875 0.5625 0.5625 0.6875 0.6875
 0 0 0 0 0 0 0 0 0 0 0 0 0 0 0 0 0 0 0 0 0 0 0 0 0 0 0 0 0 0 0 0 0 0 0 0 0 0 0 0 0 0 0 0 0 0 0 0.0625 0.0625 0.0625 0 0 0 0 0 0.0625 0.0625 0.0625 0.0625 0.0625 0 0 0.0625 0.0625 0.0625 0.1875 0.1875 0.1875 0.1875 0.1875 0.25 0.25 0.0625 0.0625 0.0625 0 0 0 0 0 0.0625 0.0625 0.125 0.125 0.125 0.125 0.125 0.1875 0.1875 0.1875 0.1875 0.1875 0.125 0.125 0.125 0.125 0.125 0.25 0.25 0.25 0.4375 0.4375 0.4375 0.4375 0.4375 0.25 0.25 0 0 0 0 0 0.125 0.125 0.125 0.75 0.75 1 1 1 1 1 1.625 1.625 1.625 1.0625 1.0625 0.4375 0.4375 0.4375 1 1 1.375 1.375 1.375 1.5625 1.5625 1.125 1.125 1.125 1.5 1.5 1.375 1.375 1.375 0.75 0.75 0.6875 0.6875 0.6875 0.75 0.75 0.5625 0.5625 0.5625 1.4375 1.4375 1.4375 1.4375 1.4375 1.375 1.375 0.875 0.875 0.875 0.5625 0.5625 0.6875 0.6875
 0 0 0 0 0 0 0 0 0 0 0 0 0 0 0 0 0 0 0 0 0 0 0 0 0 0 0 0 0 0 0 0 0 0 0 0 0 0 0 0 0 0 0 0 0 0 0 0.0625 0.0625 0.0625 0 0 0 0 0 0.0625 0.0625 0.0625 0.0625 0.0625 0 0 0.0625 0.0625 0.0625 0.1875 0.1875 0.1875 0.1875 0.1875 0.25 0.25 0.0625 0.0625 0.0625 0 0 0 0 0 0.0625 0.0625 0.125 0.125 0.125 0.125 0.125 0.1875 0.1875 0.1875 0.1875 0.1875 0.125 0.125 0.125 0.125 0.125 0.25 0.25 0.25 0.4375 0.4375 0.4375 0.4375 0.4375 0.25 0.25 0 0 0 0 0 0.125 0.125 0.125 0.75 0.75 1 1 1 1 1 1.625 1.625 1.625 1.0625 1.0625 0.4375 0.4375 0.4375 1 1 1.375 1.375 1.375 1.5625 1.5625 1.125 1.125 1.125 1.5 1.5 1.375 1.375 1.375 0.75 0.75 0.6875 0.6875 0.6875 0.75 0.75 0.5625 0.5625 0.5625 1.4375 1.4375 1.4375 1.4375 1.4375 1.375 1.375 0.875 0.875 0.875 0.5625 0.5625 0.6875 0.6875
 0 0 0 0 0 0 0 0 0 0 0 0 0 0 0 0 0 0 0 0 0 0 0 0 0 0 0 0 0 0 0 0 0 0 0 0 0 0 0 0 0 0 0 0 0 0 0 0.125 0.125 0.125 0.125 0.125 0.125 0.125 0.125 0.0625 0.0625 0 0 0 0.0625 0.0625 0.0625 0.0625 0.0625 0.1875 0.1875 0.25 0.25 0.25 0.25 0.25 0.0625 0.0625 0.0625 0.125 0.125 0.0625 0.0625 0.0625 0.3125 0.3125 0.375 0.375 0.375 0.1875 0.1875 0.25 0.25 0.25 0.125 0.125 0.125 0.125 0.125 0.25 0.25 0.5 0.5 0.5 0.6875 0.6875 0.3125 0.3125 0.3125 0.375 0.375 0.125 0.125 0.125 0.1875 0.1875 0.6875 0.6875 0.6875 1.3125 1.3125 1.375 1.375 1.375 1.3125 1.3125 1.6875 1.6875 1.6875 0.875 0.875 0.625 0.625 0.625 1.1875 1.1875 1.8125 1.8125 1.8125 1.5625 1.5625 1.4375 1.4375 1.4375 1.875 1.875 2.0625 2.0625 2.0625 1.4375 1.4375 2 2 2 1.5 1.5 1.3125 1.3125 1.3125 0.9375 0.9375 1.125 1.125 1.125 1.125 1.125 0.75 0.75 0.75 1.0625 1.0625 0.5625 0.5625
 0 0 0 0 0 0 0 0 0 0 0 0 0 0 0 0 0 0 0 0 0 0 0 0 0 0 0 0 0 0 0 0 0 0 0 0 0 0 0 0 0 0 0 0 0 0 0 0.125 0.125 0.125 0.125 0.125 0.125 0.125 0.125 0.0625 0.0625 0 0 0 0.0625 0.0625 0.0625 0.0625 0.0625 0.1875 0.1875 0.25 0.25 0.25 0.25 0.25 0.0625 0.0625 0.0625 0.125 0.125 0.0625 0.0625 0.0625 0.3125 0.3125 0.375 0.375 0.375 0.1875 0.1875 0.25 0.25 0.25 0.125 0.125 0.125 0.125 0.125 0.25 0.25 0.5 0.5 0.5 0.6875 0.6875 0.3125 0.3125 0.3125 0.375 0.375 0.125 0.125 0.125 0.1875 0.1875 0.6875 0.6875 0.6875 1.3125 1.3125 1.375 1.375 1.375 1.3125 1.3125 1.6875 1.6875 1.6875 0.875 0.875 0.625 0.625 0.625 1.1875 1.1875 1.8125 1.8125 1.8125 1.5625 1.5625 1.4375 1.4375 1.4375 1.875 1.875 2.0625 2.0625 2.0625 1.4375 1.4375 2 2 2 1.5 1.5 1.3125 1.3125 1.3125 0.9375 0.9375 1.125 1.125 1.125 1.125 1.125 0.75 0.75 0.75 1.0625 1.0625 0.5625 0.5625
 0 0 0 0 0 0 0 0 0 0 0 0 0 0 0 0 0 0 0 0 0 0 0 0 0 0 0 0 0 0 0 0 0 0 0 0 0 0 0 0 0 0 0 0 0 0 0 0 0 0 0.0625 0.0625 0.125 0.125 0.125 0.0625 0.0625 0.0625 0.0625 0.0625 0.0625 0.0625 0.0625 0.0625 0.0625 0.125 0.125 0.1875 0.1875 0.1875 0.125 0.125 0.0625 0.0625 0.0625 0.125 0.125 0.125 0.125 0.125 0.375 0.375 0.4375 0.4375 0.4375 0.375 0.375 0.125 0.125 0.125 0 0 0 0 0 0.1875 0.1875 0.375 0.375 0.375 0.4375 0.4375 0.0625 0.0625 0.0625 0.1875 0.1875 0.0625 0.0625 0.0625 0.3125 0.3125 0.875 0.875 0.875 1.375 1.375 1.5625 1.5625 1.5625 1.9375 1.9375 2.0625 2.0625 2.0625 1.3125 1.3125 1.5 1.5 1.5 2.3125 2.3125 2.5625 2.5625 2.5625 2.25 2.25 3.125 3.125 3.125 1.625 1.625 1 1 1 1.5 1.5 1.4375 1.4375 1.4375 1.375 1.375 1.4375 1.4375 1.4375 1.1875 1.1875 1.0625 1.0625 1.0625 1.3125 1.3125 1.1875 1.1875 1.1875 1.1875 1.1875 0.4375 0.4375
 0 0 0 0 0 0 0 0 0 0 0 0 0 0 0 0 0 0 0 0 0 0 0 0 0 0 0 0 0 0 0 0 0 0 0 0 0 0 0 0 0 0 0 0 0 0 0 0 0 0 0.0625 0.0625 0.125 0.125 0.125 0.0625 0.0625 0.0625 0.0625 0.0625 0.0625 0.0625 0.0625 0.0625 0.0625 0.125 0.125 0.1875 0.1875 0.1875 0.125 0.125 0.0625 0.0625 0.0625 0.125 0.125 0.125 0.125 0.125 0.375 0.375 0.4375 0.4375 0.4375 0.375 0.375 0.125 0.125 0.125 0 0 0 0 0 0.1875 0.1875 0.375 0.375 0.375 0.4375 0.4375 0.0625 0.0625 0.0625 0.1875 0.1875 0.0625 0.0625 0.0625 0.3125 0.3125 0.875 0.875 0.875 1.375 1.375 1.5625 1.5625 1.5625 1.9375 1.9375 2.0625 2.0625 2.0625 1.3125 1.3125 1.5 1.5 1.5 2.3125 2.3125 2.5625 2.5625 2.5625 2.25 2.25 3.125 3.125 3.125 1.625 1.625 1 1 1 1.5 1.5 1.4375 1.4375 1.4375 1.375 1.375 1.4375 1.4375 1.4375 1.1875 1.1875 1.0625 1.0625 1.0625 1.3125 1.3125 1.1875 1.1875 1.1875 1.1875 1.1875 0.4375 0.4375
 0 0 0 0 0 0 0 0 0 0 0 0 0 0 0 0 0 0 0 0 0 0 0 0 0 0 0 0 0 0 0 0 0 0 0 0 0 0 0 0 0 0 0 0 0 0 0 0 0 0 0.0625 0.0625 0.125 0.125 0.125 0.0625 0.0625 0.0625 0.0625 0.0625 0.0625 0.0625 0.0625 0.0625 0.0625 0.125 0.125 0.1875 0.1875 0.1875 0.125 0.125 0.0625 0.0625 0.0625 0.125 0.125 0.125 0.125 0.125 0.375 0.375 0.4375 0.4375 0.4375 0.375 0.375 0.125 0.125 0.125 0 0 0 0 0 0.1875 0.1875 0.375 0.375 0.375 0.4375 0.4375 0.0625 0.0625 0.0625 0.1875 0.1875 0.0625 0.0625 0.0625 0.3125 0.3125 0.875 0.875 0.875 1.375 1.375 1.5625 1.5625 1.5625 1.9375 1.9375 2.0625 2.0625 2.0625 1.3125 1.3125 1.5 1.5 1.5 2.3125 2.3125 2.5625 2.5625 2.5625 2.25 2.25 3.125 3.125 3.125 1.625 1.625 1 1 1 1.5 1.5 1.4375 1.4375 1.4375 1.375 1.375 1.4375 1.4375 1.4375 1.1875 1.1875 1.0625 1.0625 1.0625 1.3125 1.3125 1.1875 1.1875 1.1875 1.1875 1.1875 0.4375 0.4375
 0 0 0 0 0 0 0 0 0 0 0 0 0 0 0 0 0 0 0 0 0 0 0 0 0 0 0 0 0 0 0 0 0 0 0 0 0 0 0 0 0 0 0 0 0 0 0 0 0 0 0 0 0 0 0 0.0625 0.0625 0.0625 0.0625 0.0625 0.0625 0.0625 0.0625 0.0625 0.0625 0.1875 0.1875 0.1875 0.1875 0.1875 0.125 0.125 0.0625 0.0625 0.0625 0.125 0.125 0.1875 0.1875 0.1875 0.25 0.25 0.25 0.25 0.25 0.1875 0.1875 0 0 0 0 0 0 0 0 0 0 0 0 0 0.0625 0.0625 0 0 0 0.0625 0.0625 0.125 0.125 0.125 0.375 0.375 1.25 1.25 1.25 2.1875 2.1875 2.0625 2.0625 2.0625 2.3125 2.3125 2.25 2.25 2.25 2.125 2.125 3.1875 3.1875 3.1875 2.875 2.875 2 2 2 2.3125 2.3125 2.9375 2.9375 2.9375 1.375 1.375 1.25 1.25 1.25 0.75 0.75 0.5625 0.5625 0.5625 1.375 1.375 1.5 1.5 1.5 1.25 1.25 1.4375 1.4375 1.4375 1.75 1.75 1.5 1.5 1.5 1.25 1.25 0.9375 0.9375
 0 0 0 0 0 0 0 0 0 0 0 0 0 0 0 0 0 0 0 0 0 0 0 0 0 0 0 0 0 0 0 0 0 0 0 0 0 0 0 0 0 0 0 0 0 0 0 0 0 0 0 0 0 0 0 0.0625 0.0625 0.0625 0.0625 0.0625 0.0625 0.0625 0.0625 0.0625 0.0625 0.1875 0.1875 0.1875 0.1875 0.1875 0.125 0.125 0.0625 0.0625 0.0625 0.125 0.125 0.1875 0.1875 0.1875 0.25 0.25 0.25 0.25 0.25 0.1875 0.1875 0 0 0 0 0 0 0 0 0 0 0 0 0 0.0625 0.0625 0 0 0 0.0625 0.0625 0.125 0.125 0.125 0.375 0.375 1.25 1.25 1.25 2.1875 2.1875 2.0625 2.0625 2.0625 2.3125 2.3125 2.25 2.25 2.25 2.125 2.125 3.1875 3.1875 3.1875 2.875 2.875 2 2 2 2.3125 2.3125 2.9375 2.9375 2.9375 1.375 1.375 1.25 1.25 1.25 0.75 0.75 0.5625 0.5625 0.5625 1.375 1.375 1.5 1.5 1.5 1.25 1.25 1.4375 1.4375 1.4375 1.75 1.75 1.5 1.5 1.5 1.25 1.25 0.9375 0.9375
 0 0 0 0 0 0 0 0 0 0 0 0 0 0 0 0 0 0 0 0 0 0 0 0 0 0 0 0 0 0 0 0 0 0 0 0 0 0 0 0 0 0 0 0 0 0 0 0.0625 0.0625 0.0625 0 0 0 0 0 0.0625 0.0625 0 0 0 0.0625 0.0625 0.125 0.125 0.125 0.1875 0.1875 0.1875 0.1875 0.1875 0.125 0.125 0.0625 0.0625 0.0625 0.1875 0.1875 0.125 0.125 0.125 0.0625 0.0625 0.0625 0.0625 0.0625 0 0 0 0 0 0 0 0 0 0 0 0 0.0625 0.0625 0.0625 0.1875 0.1875 0.0625 0.0625 0.0625 0.375 0.375 0.4375 0.4375 0.4375 0.6875 0.6875 3.375 3.375 3.375 3.375 3.375 3 3 3 2.625 2.625 3.1875 3.1875 3.1875 3.0625 3.0625 3.8125 3.8125 3.8125 2.6875 2.6875 1.9375 1.9375 1.9375 2.5 2.5 2 2 2 2.6875 2.6875 2.5625 2.5625 2.5625 1.1875 1.1875 1.5 1.5 1.5 1.1875 1.1875 1.375 1.375 1.375 1.4375 1.4375 1.875 1.875 1.875 1.6875 1.6875 1.5625 1.5625 1.5625 1.75 1.75 1.5625 1.5625
 0 0 0 0 0 0 0 0 0 0 0 0 0 0 0 0 0 0 0 0 0 0 0 0 0 0 0 0 0 0 0 0 0 0 0 0 0 0 0 0 0 0 0 0 0 0 0 0.0625 0.0625 0.0625 0 0 0 0 0 0.0625 0.0625 0 0 0 0.0625 0.0625 0.125 0.125 0.125 0.1875 0.1875 0.1875 0.1875 0.1875 0.125 0.125 0.0625 0.0625 0.0625 0.1875 0.1875 0.125 0.125 0.125 0.0625 0.0625 0.0625 0.0625 0.0625 0 0 0 0 0 0 0 0 0 0 0 0 0.0625 0.0625 0.0625 0.1875 0.1875 0.0625 0.0625 0.0625 0.375 0.375 0.4375 0.4375 0.4375 0.6875 0.6875 3.375 3.375 3.375 3.375 3.375 3 3 3 2.625 2.625 3.1875 3.1875 3.1875 3.0625 3.0625 3.8125 3.8125 3.8125 2.6875 2.6875 1.9375 1.9375 1.9375 2.5 2.5 2 2 2 2.6875 2.6875 2.5625 2.5625 2.5625 1.1875 1.1875 1.5 1.5 1.5 1.1875 1.1875 1.375 1.375 1.375 1.4375 1.4375 1.875 1.875 1.875 1.6875 1.6875 1.5625 1.5625 1.5625 1.75 1.75 1.5625 1.5625
 0 0 0 0 0 0 0 0 0 0 0 0 0 0 0 0 0 0 0 0 0 0 0 0 0 0 0 0 0 0 0 0 0 0 0 0 0 0 0 0 0 0 0 0 0 0 0 0.0625 0.0625 0.0625 0 0 0 0 0 0.0625 0.0625 0 0 0 0.0625 0.0625 0.125 0.125 0.125 0.1875 0.1875 0.1875 0.1875 0.1875 0.125 0.125 0.0625 0.0625 0.0625 0.1875 0.1875 0.125 0.125 0.125 0.0625 0.0625 0.0625 0.0625 0.0625 0 0 0 0 0 0 0 0 0 0 0 0 0.0625 0.0625 0.0625 0.1875 0.1875 0.0625 0.0625 0.0625 0.375 0.375 0.4375 0.4375 0.4375 0.6875 0.6875 3.375 3.375 3.375 3.375 3.375 3 3 3 2.625 2.625 3.1875 3.1875 3.1875 3.0625 3.0625 3.8125 3.8125 3.8125 2.6875 2.6875 1.9375 1.9375 1.9375 2.5 2.5 2 2 2 2.6875 2.6875 2.5625 2.5625 2.5625 1.1875 1.1875 1.5 1.5 1.5 1.1875 1.1875 1.375 1.375 1.375 1.4375 1.4375 1.875 1.875 1.875 1.6875 1.6875 1.5625 1.5625 1.5625 1.75 1.75 1.5625 1.5625
 0 0 0 0 0 0 0 0 0 0 0 0 0 0 0 0 0 0 0 0 0 0 0 0 0 0 0 0 0 0 0 0 0 0 0 0 0 0 0 0 0 0 0 0 0 0 0 0.0625 0.0625 0.0625 0 0 0.0625 0.0625 0.0625 0.0625 0.0625 0 0 0 0.0625 0.0625 0 0 0 0.0625 0.0625 0.0625 0.0625 0.0625 0.0625 0.0625 0.0625 0.0625 0.0625 0 0 0 0 0 0 0 0 0 0 0 0 0 0 0 0 0 0 0 0 0 0 0.0625 0.0625 0.0625 0.125 0.125 0.1875 0.1875 0.1875 0.75 0.75 0.375 0.375 0.375 1.3125 1.3125 3.5625 3.5625 3.5625 3.8125 3.8125 4.3125 4.3125 4.3125 4.75 4.75 4.625 4.625 4.625 3.75 3.75 4.125 4.125 4.125 3.5 3.5 4.75 4.75 4.75 4.5 4.5 3.4375 3.4375 3.4375 4.25 4.25 3.125 3.125 3.125 2.75 2.75 2.875 2.875 2.875 1.625 1.625 1.875 1.875 1.875 2 2 1.4375 1.4375 1.4375 1.5 1.5 1.3125 1.3125 1.3125 2.1875 2.1875 1.6875 1.6875
 0 0 0 0 0 0 0 0 0 0 0 0 0 0 0 0 0 0 0 0 0 0 0 0 0 0 0 0 0 0 0 0 0 0 0 0 0 0 0 0 0 0 0 0 0 0 0 0.0625 0.0625 0.0625 0 0 0.0625 0.0625 0.0625 0.0625 0.0625 0 0 0 0.0625 0.0625 0 0 0 0.0625 0.0625 0.0625 0.0625 0.0625 0.0625 0.0625 0.0625 0.0625 0.0625 0 0 0 0 0 0 0 0 0 0 0 0 0 0 0 0 0 0 0 0 0 0 0.0625 0.0625 0.0625 0.125 0.125 0.1875 0.1875 0.1875 0.75 0.75 0.375 0.375 0.375 1.3125 1.3125 3.5625 3.5625 3.5625 3.8125 3.8125 4.3125 4.3125 4.3125 4.75 4.75 4.625 4.625 4.625 3.75 3.75 4.125 4.125 4.125 3.5 3.5 4.75 4.75 4.75 4.5 4.5 3.4375 3.4375 3.4375 4.25 4.25 3.125 3.125 3.125 2.75 2.75 2.875 2.875 2.875 1.625 1.625 1.875 1.875 1.875 2 2 1.4375 1.4375 1.4375 1.5 1.5 1.3125 1.3125 1.3125 2.1875 2.1875 1.6875 1.6875
 0 0 0 0 0 0 0 0 0 0 0 0 0 0 0 0 0 0 0 0 0 0 0 0 0 0 0 0 0 0 0 0 0 0 0 0 0 0 0 0 0 0 0 0 0 0 0 0 0 0 0 0 0.0625 0.0625 0.0625 0.0625 0.0625 0 0 0 0 0 0 0 0 0 0 0 0 0 0.0625 0.0625 0 0 0 0 0 0 0 0 0 0 0 0 0 0 0 0 0 0 0 0 0 0 0 0 0 0 0 0 0 0 0.0625 0.0625 0.0625 0.3125 0.3125 0.4375 0.4375 0.4375 1.3125 1.3125 3.4375 3.4375 3.4375 4.125 4.125 4.0625 4.0625 4.0625 4.6875 4.6875 5.0625 5.0625 5.0625 5.0625 5.0625 5.25 5.25 5.25 4.75 4.75 5.75 5.75 5.75 5.75 5.75 5.6875 5.6875 5.6875 6 6 4.8125 4.8125 4.8125 4.8125 4.8125 2.8125 2.8125 2.8125 1.9375 1.9375 3.3125 3.3125 3.3125 1.75 1.75 1.3125 1.3125 1.3125 1.5625 1.5625 1.4375 1.4375 1.4375 2 2 1.375 1.375
 0 0 0 0 0 0 0 0 0 0 0 0 0 0 0 0 0 0 0 0 0 0 0 0 0 0 0 0 0 0 0 0 0 0 0 0 0 0 0 0 0 0 0 0 0 0 0 0 0 0 0 0 0.0625 0.0625 0.0625 0.0625 0.0625 0 0 0 0 0 0 0 0 0 0 0 0 0 0.0625 0.0625 0 0 0 0 0 0 0 0 0 0 0 0 0 0 0 0 0 0 0 0 0 0 0 0 0 0 0 0 0 0 0.0625 0.0625 0.0625 0.3125 0.3125 0.4375 0.4375 0.4375 1.3125 1.3125 3.4375 3.4375 3.4375 4.125 4.125 4.0625 4.0625 4.0625 4.6875 4.6875 5.0625 5.0625 5.0625 5.0625 5.0625 5.25 5.25 5.25 4.75 4.75 5.75 5.75 5.75 5.75 5.75 5.6875 5.6875 5.6875 6 6 4.8125 4.8125 4.8125 4.8125 4.8125 2.8125 2.8125 2.8125 1.9375 1.9375 3.3125 3.3125 3.3125 1.75 1.75 1.3125 1.3125 1.3125 1.5625 1.5625 1.4375 1.4375 1.4375 2 2 1.375 1.375
 0 0 0 0 0 0 0 0 0 0 0 0 0 0 0 0 0 0 0 0 0 0 0 0 0 0 0 0 0 0 0 0 0 0 0 0 0 0 0 0 0 0 0 0 0 0 0 0 0 0 0 0 0.0625 0.0625 0.0625 0.0625 0.0625 0 0 0 0 0 0 0 0 0 0 0 0 0 0.0625 0.0625 0 0 0 0 0 0 0 0 0 0 0 0 0 0 0 0 0 0 0 0 0 0 0 0 0 0 0 0 0 0 0.0625 0.0625 0.0625 0.3125 0.3125 0.4375 0.4375 0.4375 1.3125 1.3125 3.4375 3.4375 3.4375 4.125 4.125 4.0625 4.0625 4.0625 4.6875 4.6875 5.0625 5.0625 5.0625 5.0625 5.0625 5.25 5.25 5.25 4.75 4.75 5.75 5.75 5.75 5.75 5.75 5.6875 5.6875 5.6875 6 6 4.8125 4.8125 4.8125 4.8125 4.8125 2.8125 2.8125 2.8125 1.9375 1.9375 3.3125 3.3125 3.3125 1.75 1.75 1.3125 1.3125 1.3125 1.5625 1.5625 1.4375 1.4375 1.4375 2 2 1.375 1.375
 0 0 0 0 0 0 0 0 0 0 0 0 0 0 0 0 0 0 0 0 0 0 0 0 0 0 0 0 0 0 0 0 0 0 0 0 0 0 0 0 0 0 0 0 0 0 0 0 0 0 0 0 0.0625 0.0625 0.0625 0.0625 0.0625 0 0 0 0 0 0 0 0 0 0 0 0 0 0 0 0 0 0 0 0 0 0 0 0 0 0 0 0 0 0 0 0 0 0 0 0 0 0 0 0 0 0 0 0 0 0 0 0 0.0625 0.0625 0.5 0.5 0.5 1.3125 1.3125 2.75 2.75 2.75 2.25 2.25 3.1875 3.1875 3.1875 3.8125 3.8125 3 3 3 4.25 4.25 6.0625 6.0625 6.0625 5.875 5.875 5.4375 5.4375 5.4375 7.4375 7.4375 8.125 8.125 8.125 6.9375 6.9375 6.875 6.875 6.875 5.9375 5.9375 3.125 3.125 3.125 2.1875 2.1875 2.625 2.625 2.625 2.25 2.25 2.5625 2.5625 2.5625 2.1875 2.1875 1.875 1.875 1.875 1.125 1.125 1.0625 1.0625
 0 0 0 0 0 0 0 0 0 0 0 0 0 0 0 0 0 0 0 0 0 0 0 0 0 0 0 0 0 0 0 0 0 0 0 0 0 0 0 0 0 0 0 0 0 0 0 0 0 0 0 0 0.0625 0.0625 0.0625 0.0625 0.0625 0 0 0 0 0 0 0 0 0 0 0 0 0 0 0 0 0 0 0 0 0 0 0 0 0 0 0 0 0 0 0 0 0 0 0 0 0 0 0 0 0 0 0 0 0 0 0 0 0.0625 0.0625 0.5 0.5 0.5 1.3125 1.3125 2.75 2.75 2.75 2.25 2.25 3.1875 3.1875 3.1875 3.8125 3.8125 3 3 3 4.25 4.25 6.0625 6.0625 6.0625 5.875 5.875 5.4375 5.4375 5.4375 7.4375 7.4375 8.125 8.125 8.125 6.9375 6.9375 6.875 6.875 6.875 5.9375 5.9375 3.125 3.125 3.125 2.1875 2.1875 2.625 2.625 2.625 2.25 2.25 2.5625 2.5625 2.5625 2.1875 2.1875 1.875 1.875 1.875 1.125 1.125 1.0625 1.0625
 0 0 0 0 0 0 0 0 0 0 0 0 0 0 0 0 0 0 0 0 0 0 0 0 0 0 0 0 0 0 0 0 0 0 0 0 0 0 0 0 0 0 0 0 0 0 0 0 0 0 0 0 0 0 0 0 0 0 0 0 0 0 0 0 0 0 0 0 0 0 0 0 0 0 0 0 0 0 0 0 0 0 0 0 0 0 0 0 0 0 0 0 0 0 0 0 0 0 0 0 0 0 0 0 0 0 0 0.1875 0.1875 0.1875 0.6875 0.6875 1.125 1.125 1.125 1 1 2 2 2 2.8125 2.8125 3.4375 3.4375 3.4375 4.75 4.75 7.25 7.25 7.25 7.6875 7.6875 5.8125 5.8125 5.8125 6.375 6.375 8.125 8.125 8.125 6.8125 6.8125 6.875 6.875 6.875 7.4375 7.4375 5.25 5.25 5.25 3.9375 3.9375 3.375 3.375 3.375 2.625 2.625 2.75 2.75 2.75 2.6875 2.6875 2.3125 2.3125 2.3125 1.125 1.125 0.9375 0.9375
 0 0 0 0 0 0 0 0 0 0 0 0 0 0 0 0 0 0 0 0 0 0 0 0 0 0 0 0 0 0 0 0 0 0 0 0 0 0 0 0 0 0 0 0 0 0 0 0 0 0 0 0 0 0 0 0 0 0 0 0 0 0 0 0 0 0 0 0 0 0 0 0 0 0 0 0 0 0 0 0 0 0 0 0 0 0 0 0 0 0 0 0 0 0 0 0 0 0 0 0 0 0 0 0 0 0 0 0.1875 0.1875 0.1875 0.6875 0.6875 1.125 1.125 1.125 1 1 2 2 2 2.8125 2.8125 3.4375 3.4375 3.4375 4.75 4.75 7.25 7.25 7.25 7.6875 7.6875 5.8125 5.8125 5.8125 6.375 6.375 8.125 8.125 8.125 6.8125 6.8125 6.875 6.875 6.875 7.4375 7.4375 5.25 5.25 5.25 3.9375 3.9375 3.375 3.375 3.375 2.625 2.625 2.75 2.75 2.75 2.6875 2.6875 2.3125 2.3125 2.3125 1.125 1.125 0.9375 0.9375
 0 0 0 0 0 0 0 0 0 0 0 0 0 0 0 0 0 0 0 0 0 0 0 0 0 0 0 0 0 0 0 0 0 0 0 0 0 0 0 0 0 0 0 0 0 0 0 0 0 0 0 0 0 0 0 0 0 0 0 0 0 0 0 0 0 0 0 0 0 0 0 0 0 0 0 0 0 0 0 0 0 0 0 0 0 0 0 0 0 0 0 0 0 0 0 0 0 0 0 0 0 0 0 0 0 0 0 0.1875 0.1875 0.1875 0.6875 0.6875 1.125 1.125 1.125 1 1 2 2 2 2.8125 2.8125 3.4375 3.4375 3.4375 4.75 4.75 7.25 7.25 7.25 7.6875 7.6875 5.8125 5.8125 5.8125 6.375 6.375 8.125 8.125 8.125 6.8125 6.8125 6.875 6.875 6.875 7.4375 7.4375 5.25 5.25 5.25 3.9375 3.9375 3.375 3.375 3.375 2.625 2.625 2.75 2.75 2.75 2.6875 2.6875 2.3125 2.3125 2.3125 1.125 1.125 0.9375 0.9375
 0 0 0 0 0 0 0 0 0 0 0 0 0 0 0 0 0 0 0 0 0 0 0 0 0 0 0 0 0 0 0 0 0 0 0 0 0 0 0 0 0 0 0 0 0 0 0 0 0 0 0 0 0 0 0 0 0 0 0 0 0 0 0.0625 0.0625 0.0625 0.125 0.125 0.0625 0.0625 0.0625 0 0 0 0 0 0 0 0 0 0 0 0 0 0 0 0 0 0 0 0 0 0 0.0625 0.0625 0.0625 0.0625 0.0625 0 0 0 0 0 0 0 0 0 0 0 0 0 0.25 0.25 0.5625 0.5625 0.5625 0.75 0.75 1.125 1.125 1.125 2.5 2.5 4.875 4.875 4.875 7.125 7.125 9.0625 9.0625 9.0625 11.5 11.5 7.875 7.875 7.875 5.3125 5.3125 6.625 6.625 6.625 6.4375 6.4375 5.875 5.875 5.875 7.9375 7.9375 8.4375 8.4375 8.4375 6.1875 6.1875 4.25 4.25 4.25 3.25 3.25 2.6875 2.6875 2.6875 2.1875 2.1875 2.3125 2.3125 2.3125 1.5625 1.5625 0.8125 0.8125
 0 0 0 0 0 0 0 0 0 0 0 0 0 0 0 0 0 0 0 0 0 0 0 0 0 0 0 0 0 0 0 0 0 0 0 0 0 0 0 0 0 0 0 0 0 0 0 0 0 0 0 0 0 0 0 0 0 0 0 0 0 0 0.0625 0.0625 0.0625 0.125 0.125 0.0625 0.0625 0.0625 0 0 0 0 0 0 0 0 0 0 0 0 0 0 0 0 0 0 0 0 0 0 0.0625 0.0625 0.0625 0.0625 0.0625 0 0 0 0 0 0 0 0 0 0 0 0 0 0.25 0.25 0.5625 0.5625 0.5625 0.75 0.75 1.125 1.125 1.125 2.5 2.5 4.875 4.875 4.875 7.125 7.125 9.0625 9.0625 9.0625 11.5 11.5 7.875 7.875 7.875 5.3125 5.3125 6.625 6.625 6.625 6.4375 6.4375 5.875 5.875 5.875 7.9375 7.9375 8.4375 8.4375 8.4375 6.1875 6.1875 4.25 4.25 4.25 3.25 3.25 2.6875 2.6875 2.6875 2.1875 2.1875 2.3125 2.3125 2.3125 1.5625 1.5625 0.8125 0.8125
 0 0 0 0 0 0 0 0 0 0 0 0 0 0 0 0 0 0 0 0 0 0 0 0 0 0 0 0 0 0 0 0 0 0 0 0 0 0 0 0 0 0 0 0 0 0 0 0 0 0 0 0 0 0 0 0 0 0 0 0 0 0 0.0625 0.0625 0.0625 0.0625 0.0625 0 0 0 0 0 0 0 0 0 0 0 0 0 0 0 0.0625 0.0625 0.0625 0.0625 0.0625 0 0 0 0 0 0.1875 0.1875 0.1875 0.375 0.375 0.4375 0.4375 0.4375 0.4375 0.4375 0.0625 0.0625 0.0625 0 0 0 0 0 0.0625 0.0625 0.1875 0.1875 0.1875 0.5625 0.5625 0.6875 0.6875 0.6875 1.4375 1.4375 3.875 3.875 3.875 7.75 7.75 12.5625 12.5625 12.5625 15.625 15.625 13.75 13.75 13.75 7.125 7.125 6.5 6.5 6.5 8.6875 8.6875 7.875 7.875 7.875 9.625 9.625 10.5 10.5 10.5 8.3125 8.3125 6.3125 6.3125 6.3125 4.6875 4.6875 2.75 2.75 2.75 2.25 2.25 2.0625 2.0625 2.0625 2.1875 2.1875 1.0625 1.0625
 0 0 0 0 0 0 0 0 0 0 0 0 0 0 0 0 0 0 0 0 0 0 0 0 0 0 0 0 0 0 0 0 0 0 0 0 0 0 0 0 0 0 0 0 0 0 0 0 0 0 0 0 0 0 0 0 0 0 0 0 0 0 0.0625 0.0625 0.0625 0.0625 0.0625 0 0 0 0 0 0 0 0 0 0 0 0 0 0 0 0.0625 0.0625 0.0625 0.0625 0.0625 0 0 0 0 0 0.1875 0.1875 0.1875 0.375 0.375 0.4375 0.4375 0.4375 0.4375 0.4375 0.0625 0.0625 0.0625 0 0 0 0 0 0.0625 0.0625 0.1875 0.1875 0.1875 0.5625 0.5625 0.6875 0.6875 0.6875 1.4375 1.4375 3.875 3.875 3.875 7.75 7.75 12.5625 12.5625 12.5625 15.625 15.625 13.75 13.75 13.75 7.125 7.125 6.5 6.5 6.5 8.6875 8.6875 7.875 7.875 7.875 9.625 9.625 10.5 10.5 10.5 8.3125 8.3125 6.3125 6.3125 6.3125 4.6875 4.6875 2.75 2.75 2.75 2.25 2.25 2.0625 2.0625 2.0625 2.1875 2.1875 1.0625 1.0625
 0 0 0 0 0 0 0 0 0 0 0 0 0 0 0 0 0 0 0 0 0 0 0 0 0 0 0 0 0 0 0 0 0 0 0 0 0 0 0 0 0 0 0 0 0 0 0 0 0 0 0 0 0 0 0 0 0 0 0 0 0 0 0.0625 0.0625 0.0625 0.0625 0.0625 0 0 0 0 0 0 0 0 0 0 0 0 0 0 0 0.0625 0.0625 0.0625 0.0625 0.0625 0 0 0 0 0 0.1875 0.1875 0.1875 0.375 0.375 0.4375 0.4375 0.4375 0.4375 0.4375 0.0625 0.0625 0.0625 0 0 0 0 0 0.0625 0.0625 0.1875 0.1875 0.1875 0.5625 0.5625 0.6875 0.6875 0.6875 1.4375 1.4375 3.875 3.875 3.875 7.75 7.75 12.5625 12.5625 12.5625 15.625 15.625 13.75 13.75 13.75 7.125 7.125 6.5 6.5 6.5 8.6875 8.6875 7.875 7.875 7.875 9.625 9.625 10.5 10.5 10.5 8.3125 8.3125 6.3125 6.3125 6.3125 4.6875 4.6875 2.75 2.75 2.75 2.25 2.25 2.0625 2.0625 2.0625 2.1875 2.1875 1.0625 1.0625
 0 0 0 0 0 0 0 0 0 0 0 0 0 0 0 0 0 0 0 0 0 0 0 0 0 0 0 0 0 0 0 0 0 0 0 0 0 0 0 0 0 0 0 0 0 0 0 0 0 0 0 0 0 0 0 0 0 0 0 0 0 0 0 0 0 0 0 0 0 0 0 0 0 0 0 0 0 0.0625 0.0625 0.0625 0.125 0.125 0.1875 0.1875 0.1875 0.0625 0.0625 0 0 0 0 0 0.0625 0.0625 0.0625 0.3125 0.3125 0.625 0.625 0.625 1.3125 1.3125 0.75 0.75 0.75 0.0625 0.0625 0 0 0 0 0 0.0625 0.0625 0.0625 0.1875 0.1875 0.25 0.25 0.25 0.4375 0.4375 1.5625 1.5625 1.5625 3.875 3.875 12 12 12 17.1875 17.1875 18.75 18.75 18.75 12.8125 12.8125 10.5625 10.5625 10.5625 10.5 10.5 12.5625 12.5625 12.5625 14.1875 14.1875 12.125 12.125 12.125 9.875 9.875 8.5625 8.5625 8.5625 7.4375 7.4375 3.5 3.5 3.5 2.8125 2.8125 3.3125 3.3125 3.3125 3.0625 3.0625 1.25 1.25
 0 0 0 0 0 0 0 0 0 0 0 0 0 0 0 0 0 0 0 0 0 0 0 0 0 0 0 0 0 0 0 0 0 0 0 0 0 0 0 0 0 0 0 0 0 0 0 0 0 0 0 0 0 0 0 0 0 0 0 0 0 0 0 0 0 0 0 0 0 0 0 0 0 0 0 0 0 0.0625 0.0625 0.0625 0.125 0.125 0.1875 0.1875 0.1875 0.0625 0.0625 0 0 0 0 0 0.0625 0.0625 0.0625 0.3125 0.3125 0.625 0.625 0.625 1.3125 1.3125 0.75 0.75 0.75 0.0625 0.0625 0 0 0 0 0 0.0625 0.0625 0.0625 0.1875 0.1875 0.25 0.25 0.25 0.4375 0.4375 1.5625 1.5625 1.5625 3.875 3.875 12 12 12 17.1875 17.1875 18.75 18.75 18.75 12.8125 12.8125 10.5625 10.5625 10.5625 10.5 10.5 12.5625 12.5625 12.5625 14.1875 14.1875 12.125 12.125 12.125 9.875 9.875 8.5625 8.5625 8.5625 7.4375 7.4375 3.5 3.5 3.5 2.8125 2.8125 3.3125 3.3125 3.3125 3.0625 3.0625 1.25 1.25
 0 0 0 0 0 0 0 0 0 0 0 0 0 0 0 0 0 0 0 0 0 0 0 0 0 0 0 0 0 0 0 0 0 0 0 0 0 0 0 0 0 0 0 0 0 0 0 0 0 0 0 0 0 0 0 0 0 0.0625 0.0625 0.0625 0.0625 0.0625 0 0 0 0 0 0 0 0 0 0 0 0 0 0 0 0 0 0 0.125 0.125 0.0625 0.0625 0.0625 0 0 0 0 0 0 0 0 0 0 0.0625 0.0625 0.0625 0.0625 0.0625 0.0625 0.0625 0.0625 0.0625 0.0625 0 0 0 0 0 0 0 0.0625 0.0625 0.0625 0.0625 0.0625 0.0625 0.0625 0.0625 0.3125 0.3125 0.875 0.875 0.875 1.875 1.875 7.125 7.125 7.125 13.625 13.625 17.625 17.625 17.625 18.75 18.75 14.375 14.375 14.375 13.25 13.25 15.9375 15.9375 15.9375 18.375 18.375 14.4375 14.4375 14.4375 13.4375 13.4375 10.4375 10.4375 10.4375 9.125 9.125 6.3125 6.3125 6.3125 4.6875 4.6875 5.5 5.5 5.5 3.4375 3.4375 1.75 1.75
 0 0 0 0 0 0 0 0 0 0 0 0 0 0 0 0 0 0 0 0 0 0 0 0 0 0 0 0 0 0 0 0 0 0 0 0 0 0 0 0 0 0 0 0 0 0 0 0 0 0 0 0 0 0 0 0 0 0.0625 0.0625 0.0625 0.0625 0.0625 0 0 0 0 0 0 0 0 0 0 0 0 0 0 0 0 0 0 0.125 0.125 0.0625 0.0625 0.0625 0 0 0 0 0 0 0 0 0 0 0.0625 0.0625 0.0625 0.0625 0.0625 0.0625 0.0625 0.0625 0.0625 0.0625 0 0 0 0 0 0 0 0.0625 0.0625 0.0625 0.0625 0.0625 0.0625 0.0625 0.0625 0.3125 0.3125 0.875 0.875 0.875 1.875 1.875 7.125 7.125 7.125 13.625 13.625 17.625 17.625 17.625 18.75 18.75 14.375 14.375 14.375 13.25 13.25 15.9375 15.9375 15.9375 18.375 18.375 14.4375 14.4375 14.4375 13.4375 13.4375 10.4375 10.4375 10.4375 9.125 9.125 6.3125 6.3125 6.3125 4.6875 4.6875 5.5 5.5 5.5 3.4375 3.4375 1.75 1.75
 0 0 0 0 0 0 0 0 0 0 0 0 0 0 0 0 0 0 0 0 0 0 0 0 0 0 0 0 0 0 0 0 0 0 0 0 0 0 0 0 0 0 0 0 0 0 0 0 0 0 0 0 0 0 0 0 0 0.0625 0.0625 0.0625 0.0625 0.0625 0 0 0 0 0 0 0 0 0 0 0 0 0 0 0 0 0 0 0.125 0.125 0.0625 0.0625 0.0625 0 0 0 0 0 0 0 0 0 0 0.0625 0.0625 0.0625 0.0625 0.0625 0.0625 0.0625 0.0625 0.0625 0.0625 0 0 0 0 0 0 0 0.0625 0.0625 0.0625 0.0625 0.0625 0.0625 0.0625 0.0625 0.3125 0.3125 0.875 0.875 0.875 1.875 1.875 7.125 7.125 7.125 13.625 13.625 17.625 17.625 17.625 18.75 18.75 14.375 14.375 14.375 13.25 13.25 15.9375 15.9375 15.9375 18.375 18.375 14.4375 14.4375 14.4375 13.4375 13.4375 10.4375 10.4375 10.4375 9.125 9.125 6.3125 6.3125 6.3125 4.6875 4.6875 5.5 5.5 5.5 3.4375 3.4375 1.75 1.75
 0 0 0 0 0 0 0 0 0 0 0 0 0 0 0 0 0 0 0 0 0 0 0 0 0 0 0 0 0 0 0 0 0 0 0 0 0 0 0 0 0 0 0 0 0 0.0625 0.0625 0 0 0 0.0625 0.0625 0.25 0.25 0.25 0.1875 0.1875 0.25 0.25 0.25 0.125 0.125 0 0 0 0 0 0 0 0 0 0 0 0 0 0.0625 0.0625 0.0625 0.0625 0.0625 0.0625 0.0625 0 0 0 0 0 0 0 0 0 0 0 0 0 0 0 0 0 0 0.0625 0.0625 0.0625 0.0625 0.0625 0.0625 0.0625 0 0 0 0 0 0 0 0 0 0 0 0 0 0.25 0.25 0.3125 0.3125 0.3125 0.6875 0.6875 3.5 3.5 3.5 10.375 10.375 12.8125 12.8125 12.8125 15.5625 15.5625 16.75 16.75 16.75 14.6875 14.6875 13.875 13.875 13.875 18.75 18.75 20.125 20.125 20.125 20.375 20.375 14.1875 14.1875 14.1875 10.5625 10.5625 9.6875 9.6875 9.6875 8.125 8.125 8.125 8.125 8.125 4.625 4.625 3.75 3.75
 0 0 0 0 0 0 0 0 0 0 0 0 0 0 0 0 0 0 0 0 0 0 0 0 0 0 0 0 0 0 0 0 0 0 0 0 0 0 0 0 0 0 0 0 0 0.0625 0.0625 0 0 0 0.0625 0.0625 0.25 0.25 0.25 0.1875 0.1875 0.25 0.25 0.25 0.125 0.125 0 0 0 0 0 0 0 0 0 0 0 0 0 0.0625 0.0625 0.0625 0.0625 0.0625 0.0625 0.0625 0 0 0 0 0 0 0 0 0 0 0 0 0 0 0 0 0 0 0.0625 0.0625 0.0625 0.0625 0.0625 0.0625 0.0625 0 0 0 0 0 0 0 0 0 0 0 0 0 0.25 0.25 0.3125 0.3125 0.3125 0.6875 0.6875 3.5 3.5 3.5 10.375 10.375 12.8125 12.8125 12.8125 15.5625 15.5625 16.75 16.75 16.75 14.6875 14.6875 13.875 13.875 13.875 18.75 18.75 20.125 20.125 20.125 20.375 20.375 14.1875 14.1875 14.1875 10.5625 10.5625 9.6875 9.6875 9.6875 8.125 8.125 8.125 8.125 8.125 4.625 4.625 3.75 3.75
 0 0 0 0 0 0 0 0 0 0 0 0 0 0 0 0 0 0 0 0 0 0 0 0 0 0 0 0 0 0 0 0 0 0 0 0 0 0 0 0 0 0 0.0625 0.0625 0.0625 0.0625 0.0625 0.0625 0.0625 0.0625 0.1875 0.1875 0.25 0.25 0.25 0.1875 0.1875 0 0 0 0 0 0 0 0 0.0625 0.0625 0 0 0 0 0 0 0 0 0.125 0.125 0.125 0.125 0.125 0 0 0 0 0 0 0 0 0 0 0 0 0 0 0 0 0 0 0 0 0 0 0 0 0 0 0 0 0 0 0 0 0 0 0 0 0 0 0 0 0.125 0.125 0.0625 0.0625 0.0625 0.25 0.25 1.875 1.875 1.875 6.9375 6.9375 10.5 10.5 10.5 8.9375 8.9375 10.3125 10.3125 10.3125 13.0625 13.0625 12.375 12.375 12.375 17.5 17.5 24.1875 24.1875 24.1875 26.8125 26.8125 16.75 16.75 16.75 13 13 11.875 11.875 11.875 10.9375 10.9375 10.5625 10.5625 10.5625 7.8125 7.8125 6.4375 6.4375
 0 0 0 0 0 0 0 0 0 0 0 0 0 0 0 0 0 0 0 0 0 0 0 0 0 0 0 0 0 0 0 0 0 0 0 0 0 0 0 0 0 0 0.0625 0.0625 0.0625 0.0625 0.0625 0.0625 0.0625 0.0625 0.1875 0.1875 0.25 0.25 0.25 0.1875 0.1875 0 0 0 0 0 0 0 0 0.0625 0.0625 0 0 0 0 0 0 0 0 0.125 0.125 0.125 0.125 0.125 0 0 0 0 0 0 0 0 0 0 0 0 0 0 0 0 0 0 0 0 0 0 0 0 0 0 0 0 0 0 0 0 0 0 0 0 0 0 0 0 0.125 0.125 0.0625 0.0625 0.0625 0.25 0.25 1.875 1.875 1.875 6.9375 6.9375 10.5 10.5 10.5 8.9375 8.9375 10.3125 10.3125 10.3125 13.0625 13.0625 12.375 12.375 12.375 17.5 17.5 24.1875 24.1875 24.1875 26.8125 26.8125 16.75 16.75 16.75 13 13 11.875 11.875 11.875 10.9375 10.9375 10.5625 10.5625 10.5625 7.8125 7.8125 6.4375 6.4375
 0 0 0 0 0 0 0 0 0 0 0 0 0 0 0 0 0 0 0 0 0 0 0 0 0 0 0 0 0 0 0 0 0 0 0 0 0 0 0 0 0 0 0.0625 0.0625 0.0625 0.0625 0.0625 0.0625 0.0625 0.0625 0.1875 0.1875 0.25 0.25 0.25 0.1875 0.1875 0 0 0 0 0 0 0 0 0.0625 0.0625 0 0 0 0 0 0 0 0 0.125 0.125 0.125 0.125 0.125 0 0 0 0 0 0 0 0 0 0 0 0 0 0 0 0 0 0 0 0 0 0 0 0 0 0 0 0 0 0 0 0 0 0 0 0 0 0 0 0 0.125 0.125 0.0625 0.0625 0.0625 0.25 0.25 1.875 1.875 1.875 6.9375 6.9375 10.5 10.5 10.5 8.9375 8.9375 10.3125 10.3125 10.3125 13.0625 13.0625 12.375 12.375 12.375 17.5 17.5 24.1875 24.1875 24.1875 26.8125 26.8125 16.75 16.75 16.75 13 13 11.875 11.875 11.875 10.9375 10.9375 10.5625 10.5625 10.5625 7.8125 7.8125 6.4375 6.4375
 0 0 0 0 0 0 0 0 0 0 0 0 0 0 0 0 0 0 0 0 0 0 0 0 0 0 0 0 0 0 0.0625 0.0625 0 0 0 0 0 0.0625 0.0625 0.0625 0 0 0 0 0 0.0625 0.0625 0.0625 0.0625 0.0625 0.125 0.125 0.0625 0.0625 0.0625 0 0 0.0625 0.0625 0.0625 0.125 0.125 0.1875 0.1875 0.1875 0.1875 0.1875 0.0625 0.0625 0.0625 0 0 0 0 0 0.0625 0.0625 0.0625 0.0625 0.0625 0 0 0 0 0 0 0 0 0 0 0 0 0 0 0 0 0 0 0 0 0 0 0 0 0 0 0 0 0 0 0 0 0 0 0 0 0 0.0625 0.0625 0.0625 0.125 0.125 0.0625 0.0625 0.0625 0.0625 0.0625 1 1 1 5.375 5.375 9.6875 9.6875 9.6875 8.375 8.375 7.3125 7.3125 7.3125 8.5625 8.5625 11.4375 11.4375 11.4375 15.75 15.75 18.75 18.75 18.75 24.375 24.375 21.75 21.75 21.75 17.3125 17.3125 15 15 15 12.75 12.75 13.875 13.875 13.875 11.8125 11.8125 8.0625 8.0625
 0 0 0 0 0 0 0 0 0 0 0 0 0 0 0 0 0 0 0 0 0 0 0 0 0 0 0 0 0 0 0.0625 0.0625 0 0 0 0 0 0.0625 0.0625 0.0625 0 0 0 0 0 0.0625 0.0625 0.0625 0.0625 0.0625 0.125 0.125 0.0625 0.0625 0.0625 0 0 0.0625 0.0625 0.0625 0.125 0.125 0.1875 0.1875 0.1875 0.1875 0.1875 0.0625 0.0625 0.0625 0 0 0 0 0 0.0625 0.0625 0.0625 0.0625 0.0625 0 0 0 0 0 0 0 0 0 0 0 0 0 0 0 0 0 0 0 0 0 0 0 0 0 0 0 0 0 0 0 0 0 0 0 0 0 0.0625 0.0625 0.0625 0.125 0.125 0.0625 0.0625 0.0625 0.0625 0.0625 1 1 1 5.375 5.375 9.6875 9.6875 9.6875 8.375 8.375 7.3125 7.3125 7.3125 8.5625 8.5625 11.4375 11.4375 11.4375 15.75 15.75 18.75 18.75 18.75 24.375 24.375 21.75 21.75 21.75 17.3125 17.3125 15 15 15 12.75 12.75 13.875 13.875 13.875 11.8125 11.8125 8.0625 8.0625
 0 0 0 0 0 0 0 0 0 0 0 0 0 0 0 0 0 0 0 0 0 0 0 0 0 0 0 0 0 0 0 0 0 0 0 0 0 0 0 0 0 0 0.0625 0.0625 0.0625 0.125 0.125 0.0625 0.0625 0.0625 0.125 0.125 0.1875 0.1875 0.1875 0.1875 0.1875 0.25 0.25 0.25 0.375 0.375 0.3125 0.3125 0.3125 0.125 0.125 0.0625 0.0625 0.0625 0.0625 0.0625 0.0625 0.0625 0.0625 0 0 0 0 0 0 0 0 0 0 0 0 0 0 0 0 0 0 0 0 0 0 0 0 0 0 0 0 0 0 0 0 0 0 0 0 0 0 0 0 0 0 0 0 0 0.0625 0.0625 0.0625 0.0625 0.0625 0 0 1.125 1.125 1.125 5.1875 5.1875 8.3125 8.3125 8.3125 6.6875 6.6875 5.9375 5.9375 5.9375 5.1875 5.1875 6.375 6.375 6.375 10.75 10.75 13.875 13.875 13.875 18.6875 18.6875 26.25 26.25 26.25 24.1875 24.1875 18.375 18.375 18.375 15.125 15.125 15.6875 15.6875 15.6875 13.375 13.375 9.4375 9.4375
 0 0 0 0 0 0 0 0 0 0 0 0 0 0 0 0 0 0 0 0 0 0 0 0 0 0 0 0 0 0 0 0 0 0 0 0 0 0 0 0 0 0 0.0625 0.0625 0.0625 0.125 0.125 0.0625 0.0625 0.0625 0.125 0.125 0.1875 0.1875 0.1875 0.1875 0.1875 0.25 0.25 0.25 0.375 0.375 0.3125 0.3125 0.3125 0.125 0.125 0.0625 0.0625 0.0625 0.0625 0.0625 0.0625 0.0625 0.0625 0 0 0 0 0 0 0 0 0 0 0 0 0 0 0 0 0 0 0 0 0 0 0 0 0 0 0 0 0 0 0 0 0 0 0 0 0 0 0 0 0 0 0 0 0 0.0625 0.0625 0.0625 0.0625 0.0625 0 0 1.125 1.125 1.125 5.1875 5.1875 8.3125 8.3125 8.3125 6.6875 6.6875 5.9375 5.9375 5.9375 5.1875 5.1875 6.375 6.375 6.375 10.75 10.75 13.875 13.875 13.875 18.6875 18.6875 26.25 26.25 26.25 24.1875 24.1875 18.375 18.375 18.375 15.125 15.125 15.6875 15.6875 15.6875 13.375 13.375 9.4375 9.4375
 0 0 0 0 0 0 0 0 0 0 0 0 0 0 0 0 0 0 0 0 0 0 0 0 0 0 0 0 0 0 0 0 0 0 0 0 0 0 0 0 0 0 0.0625 0.0625 0.0625 0.125 0.125 0.0625 0.0625 0.0625 0.125 0.125 0.1875 0.1875 0.1875 0.1875 0.1875 0.25 0.25 0.25 0.375 0.375 0.3125 0.3125 0.3125 0.125 0.125 0.0625 0.0625 0.0625 0.0625 0.0625 0.0625 0.0625 0.0625 0 0 0 0 0 0 0 0 0 0 0 0 0 0 0 0 0 0 0 0 0 0 0 0 0 0 0 0 0 0 0 0 0 0 0 0 0 0 0 0 0 0 0 0 0 0.0625 0.0625 0.0625 0.0625 0.0625 0 0 1.125 1.125 1.125 5.1875 5.1875 8.3125 8.3125 8.3125 6.6875 6.6875 5.9375 5.9375 5.9375 5.1875 5.1875 6.375 6.375 6.375 10.75 10.75 13.875 13.875 13.875 18.6875 18.6875 26.25 26.25 26.25 24.1875 24.1875 18.375 18.375 18.375 15.125 15.125 15.6875 15.6875 15.6875 13.375 13.375 9.4375 9.4375
 0 0 0 0 0 0 0 0 0 0 0 0 0 0 0 0 0 0 0 0 0 0 0 0 0 0 0 0 0 0 0 0 0 0 0 0 0 0 0 0 0 0 0.0625 0.0625 0.0625 0.0625 0.0625 0 0 0 0.0625 0.0625 0.125 0.125 0.125 0.1875 0.1875 0.1875 0.1875 0.1875 0.375 0.375 0.25 0.25 0.25 0.0625 0.0625 0.125 0.125 0.125 0.0625 0.0625 0 0 0 0 0 0 0 0 0 0 0 0 0 0 0 0 0 0 0 0 0 0 0 0 0 0 0 0 0 0 0 0 0 0 0 0 0 0 0 0 0 0 0 0 0 0 0 0 0 0 0 0 0 0.0625 0.0625 1.625 1.625 1.625 4.1875 4.1875 6.125 6.125 6.125 4.75 4.75 5.8125 5.8125 5.8125 4.25 4.25 3.375 3.375 3.375 7.4375 7.4375 11.5 11.5 11.5 13.0625 13.0625 17.375 17.375 17.375 22.375 22.375 18.5625 18.5625 18.5625 14 14 12.0625 12.0625 12.0625 10.75 10.75 13.25 13.25
 0 0 0 0 0 0 0 0 0 0 0 0 0 0 0 0 0 0 0 0 0 0 0 0 0 0 0 0 0 0 0 0 0 0 0 0 0 0 0 0 0 0 0.0625 0.0625 0.0625 0.0625 0.0625 0 0 0 0.0625 0.0625 0.125 0.125 0.125 0.1875 0.1875 0.1875 0.1875 0.1875 0.375 0.375 0.25 0.25 0.25 0.0625 0.0625 0.125 0.125 0.125 0.0625 0.0625 0 0 0 0 0 0 0 0 0 0 0 0 0 0 0 0 0 0 0 0 0 0 0 0 0 0 0 0 0 0 0 0 0 0 0 0 0 0 0 0 0 0 0 0 0 0 0 0 0 0 0 0 0 0.0625 0.0625 1.625 1.625 1.625 4.1875 4.1875 6.125 6.125 6.125 4.75 4.75 5.8125 5.8125 5.8125 4.25 4.25 3.375 3.375 3.375 7.4375 7.4375 11.5 11.5 11.5 13.0625 13.0625 17.375 17.375 17.375 22.375 22.375 18.5625 18.5625 18.5625 14 14 12.0625 12.0625 12.0625 10.75 10.75 13.25 13.25
 0 0 0 0 0 0 0 0 0 0 0 0 0 0 0 0 0 0 0 0 0 0 0 0 0 0 0 0 0 0 0 0 0 0 0 0 0 0 0 0 0 0 0 0 0 0 0 0 0 0 0 0 0 0 0 0 0 0.25 0.25 0.25 0.5625 0.5625 0.125 0.125 0.125 0.125 0.125 0.125 0.125 0.125 0.0625 0.0625 0 0 0 0 0 0 0 0 0 0 0 0 0 0 0 0 0 0 0 0 0 0 0 0 0 0 0 0 0 0 0 0 0 0 0 0 0 0 0 0 0 0 0 0 0 0 0 0 0 0 0 0 0 0.125 0.125 1.5 1.5 1.5 2.375 2.375 4.125 4.125 4.125 5.375 5.375 6.75 6.75 6.75 3.5625 3.5625 2.3125 2.3125 2.3125 5.9375 5.9375 10.9375 10.9375 10.9375 12.3125 12.3125 13.625 13.625 13.625 18.875 18.875 20.125 20.125 20.125 14.4375 14.4375 8.375 8.375 8.375 7.8125 7.8125 15.4375 15.4375
 0 0 0 0 0 0 0 0 0 0 0 0 0 0 0 0 0 0 0 0 0 0 0 0 0 0 0 0 0 0 0 0 0 0 0 0 0 0 0 0 0 0 0 0 0 0 0 0 0 0 0 0 0 0 0 0 0 0.25 0.25 0.25 0.5625 0.5625 0.125 0.125 0.125 0.125 0.125 0.125 0.125 0.125 0.0625 0.0625 0 0 0 0 0 0 0 0 0 0 0 0 0 0 0 0 0 0 0 0 0 0 0 0 0 0 0 0 0 0 0 0 0 0 0 0 0 0 0 0 0 0 0 0 0 0 0 0 0 0 0 0 0 0.125 0.125 1.5 1.5 1.5 2.375 2.375 4.125 4.125 4.125 5.375 5.375 6.75 6.75 6.75 3.5625 3.5625 2.3125 2.3125 2.3125 5.9375 5.9375 10.9375 10.9375 10.9375 12.3125 12.3125 13.625 13.625 13.625 18.875 18.875 20.125 20.125 20.125 14.4375 14.4375 8.375 8.375 8.375 7.8125 7.8125 15.4375 15.4375
 0 0 0 0 0 0 0 0 0 0 0 0 0 0 0 0 0 0 0 0 0 0 0 0 0 0 0 0 0 0 0 0 0 0 0 0 0 0 0 0 0 0 0 0 0 0 0 0 0 0 0 0 0 0 0 0 0 0.25 0.25 0.25 0.5625 0.5625 0.125 0.125 0.125 0.125 0.125 0.125 0.125 0.125 0.0625 0.0625 0 0 0 0 0 0 0 0 0 0 0 0 0 0 0 0 0 0 0 0 0 0 0 0 0 0 0 0 0 0 0 0 0 0 0 0 0 0 0 0 0 0 0 0 0 0 0 0 0 0 0 0 0 0.125 0.125 1.5 1.5 1.5 2.375 2.375 4.125 4.125 4.125 5.375 5.375 6.75 6.75 6.75 3.5625 3.5625 2.3125 2.3125 2.3125 5.9375 5.9375 10.9375 10.9375 10.9375 12.3125 12.3125 13.625 13.625 13.625 18.875 18.875 20.125 20.125 20.125 14.4375 14.4375 8.375 8.375 8.375 7.8125 7.8125 15.4375 15.4375
 0 0 0 0 0 0 0 0 0 0 0 0 0 0 0 0 0 0 0 0 0 0 0 0 0 0 0 0 0 0 0 0 0 0 0 0 0 0 0 0 0 0 0 0 0 0 0 0 0 0 0 0 0 0 0 0 0 0.1875 0.1875 0.1875 0.3125 0.3125 0.1875 0.1875 0.1875 0.125 0.125 0.0625 0.0625 0.0625 0 0 0 0 0 0 0 0 0 0 0 0 0 0 0 0 0 0 0 0 0 0 0 0 0 0 0 0 0 0 0 0 0 0 0 0 0 0 0 0 0 0 0 0 0 0 0 0 0 0 0 0 0 0 0 0.0625 0.0625 1.25 1.25 1.25 1.875 1.875 4.8125 4.8125 4.8125 6.3125 6.3125 4.3125 4.3125 4.3125 2.8125 2.8125 2.125 2.125 2.125 4.0625 4.0625 9.1875 9.1875 9.1875 12.3125 12.3125 13.4375 13.4375 13.4375 19.125 19.125 20.8125 20.8125 20.8125 14.375 14.375 6.9375 6.9375 6.9375 7.25 7.25 11.6875 11.6875
 0 0 0 0 0 0 0 0 0 0 0 0 0 0 0 0 0 0 0 0 0 0 0 0 0 0 0 0 0 0 0 0 0 0 0 0 0 0 0 0 0 0 0 0 0 0 0 0 0 0 0 0 0 0 0 0 0 0.1875 0.1875 0.1875 0.3125 0.3125 0.1875 0.1875 0.1875 0.125 0.125 0.0625 0.0625 0.0625 0 0 0 0 0 0 0 0 0 0 0 0 0 0 0 0 0 0 0 0 0 0 0 0 0 0 0 0 0 0 0 0 0 0 0 0 0 0 0 0 0 0 0 0 0 0 0 0 0 0 0 0 0 0 0 0.0625 0.0625 1.25 1.25 1.25 1.875 1.875 4.8125 4.8125 4.8125 6.3125 6.3125 4.3125 4.3125 4.3125 2.8125 2.8125 2.125 2.125 2.125 4.0625 4.0625 9.1875 9.1875 9.1875 12.3125 12.3125 13.4375 13.4375 13.4375 19.125 19.125 20.8125 20.8125 20.8125 14.375 14.375 6.9375 6.9375 6.9375 7.25 7.25 11.6875 11.6875
 0 0 0 0 0 0 0 0 0 0 0 0 0 0 0 0 0 0 0 0 0 0 0 0 0 0 0 0 0 0 0 0 0 0 0 0 0 0 0 0 0 0 0 0 0 0 0 0 0 0 0 0 0 0 0 0 0 0.0625 0.0625 0.0625 0.0625 0.0625 0 0 0 0.0625 0.0625 0 0 0 0 0 0 0 0 0 0 0 0 0 0 0 0 0 0 0 0 0 0 0 0 0 0 0 0 0 0 0 0 0 0 0 0 0 0 0 0 0 0 0 0 0 0 0 0 0 0 0 0 0 0 0 0.0625 0.0625 0.0625 0.4375 0.4375 1.1875 1.1875 1.1875 2.3125 2.3125 4.6875 4.6875 4.6875 3.75 3.75 2.5 2.5 2.5 3.75 3.75 2.1875 2.1875 2.1875 2.75 2.75 7 7 7 10.875 10.875 11.875 11.875 11.875 17.25 17.25 19.75 19.75 19.75 14.625 14.625 8.25 8.25 8.25 9 9 12.1875 12.1875
 0 0 0 0 0 0 0 0 0 0 0 0 0 0 0 0 0 0 0 0 0 0 0 0 0 0 0 0 0 0 0 0 0 0 0 0 0 0 0 0 0 0 0 0 0 0 0 0 0 0 0 0 0 0 0 0 0 0.0625 0.0625 0.0625 0.0625 0.0625 0 0 0 0.0625 0.0625 0 0 0 0 0 0 0 0 0 0 0 0 0 0 0 0 0 0 0 0 0 0 0 0 0 0 0 0 0 0 0 0 0 0 0 0 0 0 0 0 0 0 0 0 0 0 0 0 0 0 0 0 0 0 0 0.0625 0.0625 0.0625 0.4375 0.4375 1.1875 1.1875 1.1875 2.3125 2.3125 4.6875 4.6875 4.6875 3.75 3.75 2.5 2.5 2.5 3.75 3.75 2.1875 2.1875 2.1875 2.75 2.75 7 7 7 10.875 10.875 11.875 11.875 11.875 17.25 17.25 19.75 19.75 19.75 14.625 14.625 8.25 8.25 8.25 9 9 12.1875 12.1875
 0 0 0 0 0 0 0 0 0 0 0 0 0 0 0 0 0 0 0 0 0 0 0 0 0 0 0 0 0 0 0 0 0 0 0 0 0 0 0 0 0 0 0 0 0 0 0 0 0 0 0 0 0 0 0 0 0 0.0625 0.0625 0.0625 0.0625 0.0625 0 0 0 0.0625 0.0625 0 0 0 0 0 0 0 0 0 0 0 0 0 0 0 0 0 0 0 0 0 0 0 0 0 0 0 0 0 0 0 0 0 0 0 0 0 0 0 0 0 0 0 0 0 0 0 0 0 0 0 0 0 0 0 0.0625 0.0625 0.0625 0.4375 0.4375 1.1875 1.1875 1.1875 2.3125 2.3125 4.6875 4.6875 4.6875 3.75 3.75 2.5 2.5 2.5 3.75 3.75 2.1875 2.1875 2.1875 2.75 2.75 7 7 7 10.875 10.875 11.875 11.875 11.875 17.25 17.25 19.75 19.75 19.75 14.625 14.625 8.25 8.25 8.25 9 9 12.1875 12.1875
 0 0 0 0 0 0 0 0 0 0 0 0 0 0 0 0 0 0 0 0 0 0 0 0 0 0 0 0 0 0 0 0 0 0 0 0 0 0 0 0 0 0 0 0 0 0 0 0 0 0 0 0 0 0 0 0 0 0.0625 0.0625 0.0625 0.0625 0.0625 0.125 0.125 0.125 0.0625 0.0625 0 0 0 0 0 0 0 0 0 0 0 0 0 0 0 0 0 0 0 0 0 0 0 0 0 0 0 0 0 0 0 0 0 0 0 0 0 0 0 0 0 0 0 0 0 0 0 0 0 0 0 0 0 0 0 0.0625 0.0625 0.0625 0.5 0.5 1.375 1.375 1.375 2.5625 2.5625 3.1875 3.1875 3.1875 2.625 2.625 3.25 3.25 3.25 4 4 2.0625 2.0625 2.0625 1.9375 1.9375 4.9375 4.9375 4.9375 9 9 9 9 9 11.0625 11.0625 15.5625 15.5625 15.5625 14.375 14.375 9.6875 9.6875 9.6875 10.4375 10.4375 13 13
 0 0 0 0 0 0 0 0 0 0 0 0 0 0 0 0 0 0 0 0 0 0 0 0 0 0 0 0 0 0 0 0 0 0 0 0 0 0 0 0 0 0 0 0 0 0 0 0 0 0 0 0 0 0 0 0 0 0.0625 0.0625 0.0625 0.0625 0.0625 0.125 0.125 0.125 0.0625 0.0625 0 0 0 0 0 0 0 0 0 0 0 0 0 0 0 0 0 0 0 0 0 0 0 0 0 0 0 0 0 0 0 0 0 0 0 0 0 0 0 0 0 0 0 0 0 0 0 0 0 0 0 0 0 0 0 0.0625 0.0625 0.0625 0.5 0.5 1.375 1.375 1.375 2.5625 2.5625 3.1875 3.1875 3.1875 2.625 2.625 3.25 3.25 3.25 4 4 2.0625 2.0625 2.0625 1.9375 1.9375 4.9375 4.9375 4.9375 9 9 9 9 9 11.0625 11.0625 15.5625 15.5625 15.5625 14.375 14.375 9.6875 9.6875 9.6875 10.4375 10.4375 13 13
 0 0 0 0 0 0 0 0 0 0 0 0 0 0 0 0 0 0 0 0 0 0 0 0 0 0 0 0 0 0 0 0 0 0 0 0 0 0 0 0 0 0 0 0 0 0 0 0 0 0 0 0 0 0 0 0 0 0 0 0 0.0625 0.0625 0.25 0.25 0.25 0.125 0.125 0 0 0 0 0 0 0 0 0 0 0 0 0 0 0 0 0 0 0 0 0 0 0 0 0 0 0 0 0 0 0 0 0 0 0 0 0 0 0 0 0 0 0 0 0 0 0 0 0 0 0 0 0 0 0 0 0 0 0.125 0.125 0.8125 0.8125 0.8125 2.0625 2.0625 2.5 2.5 2.5 3 3 3.5 3.5 3.5 4 4 2.4375 2.4375 2.4375 1.9375 1.9375 4.4375 4.4375 4.4375 7.875 7.875 6.8125 6.8125 6.8125 7.375 7.375 9.9375 9.9375 9.9375 12.9375 12.9375 12.3125 12.3125 12.3125 11.25 11.25 10.9375 10.9375
 0 0 0 0 0 0 0 0 0 0 0 0 0 0 0 0 0 0 0 0 0 0 0 0 0 0 0 0 0 0 0 0 0 0 0 0 0 0 0 0 0 0 0 0 0 0 0 0 0 0 0 0 0 0 0 0 0 0 0 0 0.0625 0.0625 0.25 0.25 0.25 0.125 0.125 0 0 0 0 0 0 0 0 0 0 0 0 0 0 0 0 0 0 0 0 0 0 0 0 0 0 0 0 0 0 0 0 0 0 0 0 0 0 0 0 0 0 0 0 0 0 0 0 0 0 0 0 0 0 0 0 0 0 0.125 0.125 0.8125 0.8125 0.8125 2.0625 2.0625 2.5 2.5 2.5 3 3 3.5 3.5 3.5 4 4 2.4375 2.4375 2.4375 1.9375 1.9375 4.4375 4.4375 4.4375 7.875 7.875 6.8125 6.8125 6.8125 7.375 7.375 9.9375 9.9375 9.9375 12.9375 12.9375 12.3125 12.3125 12.3125 11.25 11.25 10.9375 10.9375
 0 0 0 0 0 0 0 0 0 0 0 0 0 0 0 0 0 0 0 0 0 0 0 0 0 0 0 0 0 0 0 0 0 0 0 0 0 0 0 0 0 0 0 0 0 0 0 0 0 0 0 0 0 0 0 0 0 0 0 0 0.0625 0.0625 0.25 0.25 0.25 0.125 0.125 0 0 0 0 0 0 0 0 0 0 0 0 0 0 0 0 0 0 0 0 0 0 0 0 0 0 0 0 0 0 0 0 0 0 0 0 0 0 0 0 0 0 0 0 0 0 0 0 0 0 0 0 0 0 0 0 0 0 0.125 0.125 0.8125 0.8125 0.8125 2.0625 2.0625 2.5 2.5 2.5 3 3 3.5 3.5 3.5 4 4 2.4375 2.4375 2.4375 1.9375 1.9375 4.4375 4.4375 4.4375 7.875 7.875 6.8125 6.8125 6.8125 7.375 7.375 9.9375 9.9375 9.9375 12.9375 12.9375 12.3125 12.3125 12.3125 11.25 11.25 10.9375 10.9375
 0 0 0 0 0 0 0 0 0 0 0 0 0 0 0 0 0 0 0 0 0 0 0 0 0 0 0 0 0 0 0 0 0 0 0 0 0 0 0 0 0 0 0 0 0 0 0 0 0 0 0 0 0 0 0 0 0 0 0 0 0.0625 0.0625 0.125 0.125 0.125 0.125 0.125 0 0 0 0 0 0 0 0 0 0 0 0 0 0 0 0 0 0 0 0 0 0 0 0 0 0 0 0 0 0 0 0 0 0 0 0 0 0 0 0 0 0 0 0 0 0 0 0 0 0 0 0 0 0 0 0 0 0 0.0625 0.0625 0.4375 0.4375 0.4375 1.4375 1.4375 2.5 2.5 2.5 2.3125 2.3125 3.1875 3.1875 3.1875 4.875 4.875 2.875 2.875 2.875 2.3125 2.3125 5.1875 5.1875 5.1875 7.4375 7.4375 5.625 5.625 5.625 6.4375 6.4375 6.5 6.5 6.5 8.1875 8.1875 10.8125 10.8125 10.8125 12.1875 12.1875 10.125 10.125
 0 0 0 0 0 0 0 0 0 0 0 0 0 0 0 0 0 0 0 0 0 0 0 0 0 0 0 0 0 0 0 0 0 0 0 0 0 0 0 0 0 0 0 0 0 0 0 0 0 0 0 0 0 0 0 0 0 0 0 0 0.0625 0.0625 0.125 0.125 0.125 0.125 0.125 0 0 0 0 0 0 0 0 0 0 0 0 0 0 0 0 0 0 0 0 0 0 0 0 0 0 0 0 0 0 0 0 0 0 0 0 0 0 0 0 0 0 0 0 0 0 0 0 0 0 0 0 0 0 0 0 0 0 0.0625 0.0625 0.4375 0.4375 0.4375 1.4375 1.4375 2.5 2.5 2.5 2.3125 2.3125 3.1875 3.1875 3.1875 4.875 4.875 2.875 2.875 2.875 2.3125 2.3125 5.1875 5.1875 5.1875 7.4375 7.4375 5.625 5.625 5.625 6.4375 6.4375 6.5 6.5 6.5 8.1875 8.1875 10.8125 10.8125 10.8125 12.1875 12.1875 10.125 10.125
 0 0 0 0 0 0 0 0 0 0 0 0 0 0 0 0 0 0 0 0 0 0 0 0 0 0 0 0 0 0 0 0 0 0 0 0 0 0 0 0 0 0 0 0 0 0 0 0 0 0 0 0 0 0 0 0 0 0 0 0 0.0625 0.0625 0.0625 0.0625 0.0625 0 0 0 0 0 0 0 0 0 0 0 0 0 0 0 0 0 0 0 0 0 0 0 0 0 0 0 0 0 0 0 0 0 0 0 0 0 0 0 0 0 0 0 0 0 0 0 0 0 0 0 0 0 0 0 0 0 0 0 0 0.4375 0.4375 1.375 1.375 1.375 2.125 2.125 1.9375 1.9375 1.9375 1.6875 1.6875 3.5 3.5 3.5 4.3125 4.3125 2.5625 2.5625 2.5625 2.625 2.625 5.8125 5.8125 5.8125 7.3125 7.3125 5.5625 5.5625 5.5625 6.875 6.875 6.0625 6.0625 6.0625 5.125 5.125 6.875 6.875 6.875 8.1875 8.1875 8.0625 8.0625
 0 0 0 0 0 0 0 0 0 0 0 0 0 0 0 0 0 0 0 0 0 0 0 0 0 0 0 0 0 0 0 0 0 0 0 0 0 0 0 0 0 0 0 0 0 0 0 0 0 0 0 0 0 0 0 0 0 0 0 0 0.0625 0.0625 0.0625 0.0625 0.0625 0 0 0 0 0 0 0 0 0 0 0 0 0 0 0 0 0 0 0 0 0 0 0 0 0 0 0 0 0 0 0 0 0 0 0 0 0 0 0 0 0 0 0 0 0 0 0 0 0 0 0 0 0 0 0 0 0 0 0 0 0.4375 0.4375 1.375 1.375 1.375 2.125 2.125 1.9375 1.9375 1.9375 1.6875 1.6875 3.5 3.5 3.5 4.3125 4.3125 2.5625 2.5625 2.5625 2.625 2.625 5.8125 5.8125 5.8125 7.3125 7.3125 5.5625 5.5625 5.5625 6.875 6.875 6.0625 6.0625 6.0625 5.125 5.125 6.875 6.875 6.875 8.1875 8.1875 8.0625 8.0625
 0 0 0 0 0 0 0 0 0 0 0 0 0 0 0 0 0 0 0 0 0 0 0 0 0 0 0 0 0 0 0 0 0 0 0 0 0 0 0 0 0 0 0 0 0 0 0 0 0 0 0 0 0 0 0 0 0 0 0 0 0.0625 0.0625 0.0625 0.0625 0.0625 0 0 0 0 0 0 0 0 0 0 0 0 0 0 0 0 0 0 0 0 0 0 0 0 0 0 0 0 0 0 0 0 0 0 0 0 0 0 0 0 0 0 0 0 0 0 0 0 0 0 0 0 0 0 0 0 0 0 0 0 0.4375 0.4375 1.375 1.375 1.375 2.125 2.125 1.9375 1.9375 1.9375 1.6875 1.6875 3.5 3.5 3.5 4.3125 4.3125 2.5625 2.5625 2.5625 2.625 2.625 5.8125 5.8125 5.8125 7.3125 7.3125 5.5625 5.5625 5.5625 6.875 6.875 6.0625 6.0625 6.0625 5.125 5.125 6.875 6.875 6.875 8.1875 8.1875 8.0625 8.0625
 0 0 0 0 0 0 0 0 0 0 0 0 0 0 0 0 0 0 0 0 0 0 0 0 0 0 0 0 0 0 0 0 0 0 0 0 0 0 0 0 0 0 0 0 0 0 0 0 0 0 0 0 0 0 0 0 0 0.0625 0.0625 0.0625 0.0625 0.0625 0 0 0 0 0 0 0 0 0 0 0 0 0 0 0 0 0 0 0 0 0 0 0 0 0 0 0 0 0 0 0 0 0 0 0 0 0 0 0 0 0 0 0 0 0 0 0 0 0 0 0 0 0 0 0 0 0 0 0 0 0.0625 0.0625 0.0625 0.4375 0.4375 1.4375 1.4375 1.4375 1.4375 1.4375 1.4375 1.4375 1.4375 1.8125 1.8125 2.75 2.75 2.75 2.3125 2.3125 2.375 2.375 2.375 3.1875 3.1875 6.3125 6.3125 6.3125 7.125 7.125 5.1875 5.1875 5.1875 7.25 7.25 7.125 7.125 7.125 5.4375 5.4375 6.25 6.25 6.25 6.125 6.125 6.875 6.875
 0 0 0 0 0 0 0 0 0 0 0 0 0 0 0 0 0 0 0 0 0 0 0 0 0 0 0 0 0 0 0 0 0 0 0 0 0 0 0 0 0 0 0 0 0 0 0 0 0 0 0 0 0 0 0 0 0 0.0625 0.0625 0.0625 0.0625 0.0625 0 0 0 0 0 0 0 0 0 0 0 0 0 0 0 0 0 0 0 0 0 0 0 0 0 0 0 0 0 0 0 0 0 0 0 0 0 0 0 0 0 0 0 0 0 0 0 0 0 0 0 0 0 0 0 0 0 0 0 0 0.0625 0.0625 0.0625 0.4375 0.4375 1.4375 1.4375 1.4375 1.4375 1.4375 1.4375 1.4375 1.4375 1.8125 1.8125 2.75 2.75 2.75 2.3125 2.3125 2.375 2.375 2.375 3.1875 3.1875 6.3125 6.3125 6.3125 7.125 7.125 5.1875 5.1875 5.1875 7.25 7.25 7.125 7.125 7.125 5.4375 5.4375 6.25 6.25 6.25 6.125 6.125 6.875 6.875
 0 0 0 0 0 0 0 0 0 0 0 0 0 0 0 0 0 0 0 0 0 0 0 0 0 0 0 0 0 0 0 0 0 0 0 0 0 0 0 0 0 0 0 0 0 0 0 0 0 0 0 0 0 0 0 0.0625 0.0625 0.125 0.125 0.125 0.0625 0.0625 0 0 0 0 0 0 0 0 0 0 0 0 0 0 0 0 0 0 0 0 0 0 0 0 0 0 0 0 0 0 0 0 0 0 0 0 0 0 0 0 0 0 0 0 0 0 0 0 0 0 0 0 0 0 0 0 0 0 0 0 0.125 0.125 0.125 0.375 0.375 0.75 0.75 0.75 1.25 1.25 1.625 1.625 1.625 1.875 1.875 2.1875 2.1875 2.1875 2.4375 2.4375 2.875 2.875 2.875 4.125 4.125 6.625 6.625 6.625 6.8125 6.8125 5.3125 5.3125 5.3125 7.625 7.625 7 7 7 6.25 6.25 7.0625 7.0625 7.0625 6.0625 6.0625 10.1875 10.1875
 0 0 0 0 0 0 0 0 0 0 0 0 0 0 0 0 0 0 0 0 0 0 0 0 0 0 0 0 0 0 0 0 0 0 0 0 0 0 0 0 0 0 0 0 0 0 0 0 0 0 0 0 0 0 0 0.0625 0.0625 0.125 0.125 0.125 0.0625 0.0625 0 0 0 0 0 0 0 0 0 0 0 0 0 0 0 0 0 0 0 0 0 0 0 0 0 0 0 0 0 0 0 0 0 0 0 0 0 0 0 0 0 0 0 0 0 0 0 0 0 0 0 0 0 0 0 0 0 0 0 0 0.125 0.125 0.125 0.375 0.375 0.75 0.75 0.75 1.25 1.25 1.625 1.625 1.625 1.875 1.875 2.1875 2.1875 2.1875 2.4375 2.4375 2.875 2.875 2.875 4.125 4.125 6.625 6.625 6.625 6.8125 6.8125 5.3125 5.3125 5.3125 7.625 7.625 7 7 7 6.25 6.25 7.0625 7.0625 7.0625 6.0625 6.0625 10.1875 10.1875
 0 0 0 0 0 0 0 0 0 0 0 0 0 0 0 0 0 0 0 0 0 0 0 0 0 0 0 0 0 0 0 0 0 0 0 0 0 0 0 0 0 0 0 0 0 0 0 0 0 0 0 0 0 0 0 0.0625 0.0625 0.125 0.125 0.125 0.0625 0.0625 0 0 0 0 0 0 0 0 0 0 0 0 0 0 0 0 0 0 0 0 0 0 0 0 0 0 0 0 0 0 0 0 0 0 0 0 0 0 0 0 0 0 0 0 0 0 0 0 0 0 0 0 0 0 0 0 0 0 0 0 0.125 0.125 0.125 0.375 0.375 0.75 0.75 0.75 1.25 1.25 1.625 1.625 1.625 1.875 1.875 2.1875 2.1875 2.1875 2.4375 2.4375 2.875 2.875 2.875 4.125 4.125 6.625 6.625 6.625 6.8125 6.8125 5.3125 5.3125 5.3125 7.625 7.625 7 7 7 6.25 6.25 7.0625 7.0625 7.0625 6.0625 6.0625 10.1875 10.1875
 0 0 0 0 0 0 0 0 0 0 0 0 0 0 0 0 0 0 0 0 0 0 0 0 0 0 0 0 0 0 0 0 0 0 0 0 0 0 0 0 0 0 0 0 0 0 0 0 0 0 0 0 0 0 0 0.0625 0.0625 0.0625 0.0625 0.0625 0 0 0 0 0 0 0 0 0 0 0 0 0 0 0 0 0 0 0 0 0 0 0 0 0 0 0 0 0 0 0 0 0 0 0 0 0 0 0 0 0 0 0 0 0 0 0 0 0 0 0 0 0 0 0 0 0 0 0 0 0 0 0.0625 0.0625 0.0625 0.4375 0.4375 0.8125 0.8125 0.8125 0.75 0.75 1.25 1.25 1.25 2.5625 2.5625 2.375 2.375 2.375 2.1875 2.1875 2.5625 2.5625 2.5625 4.4375 4.4375 6.6875 6.6875 6.6875 6.5625 6.5625 6.5625 6.5625 6.5625 7.3125 7.3125 5.9375 5.9375 5.9375 6.5625 6.5625 7.75 7.75 7.75 8.6875 8.6875 16.1875 16.1875
 0 0 0 0 0 0 0 0 0 0 0 0 0 0 0 0 0 0 0 0 0 0 0 0 0 0 0 0 0 0 0 0 0 0 0 0 0 0 0 0 0 0 0 0 0 0 0 0 0 0 0 0 0 0 0 0.0625 0.0625 0.0625 0.0625 0.0625 0 0 0 0 0 0 0 0 0 0 0 0 0 0 0 0 0 0 0 0 0 0 0 0 0 0 0 0 0 0 0 0 0 0 0 0 0 0 0 0 0 0 0 0 0 0 0 0 0 0 0 0 0 0 0 0 0 0 0 0 0 0 0.0625 0.0625 0.0625 0.4375 0.4375 0.8125 0.8125 0.8125 0.75 0.75 1.25 1.25 1.25 2.5625 2.5625 2.375 2.375 2.375 2.1875 2.1875 2.5625 2.5625 2.5625 4.4375 4.4375 6.6875 6.6875 6.6875 6.5625 6.5625 6.5625 6.5625 6.5625 7.3125 7.3125 5.9375 5.9375 5.9375 6.5625 6.5625 7.75 7.75 7.75 8.6875 8.6875 16.1875 16.1875
 0 0 0 0 0 0 0 0 0 0 0 0 0 0 0 0 0 0 0 0 0 0 0 0 0 0 0 0 0 0 0 0 0 0 0 0 0 0 0 0 0 0 0 0 0 0 0 0 0 0 0 0 0.0625 0.0625 0.0625 0.0625 0.0625 0.0625 0.0625 0.0625 0 0 0 0 0 0 0 0 0 0 0 0 0 0 0 0 0 0 0 0 0 0 0 0 0 0 0 0 0 0 0 0 0 0 0 0 0 0 0 0 0 0 0 0 0 0 0 0 0 0 0 0 0 0 0 0 0 0 0 0 0 0 0 0 0 0.0625 0.0625 0.25 0.25 0.25 0.625 0.625 1.8125 1.8125 1.8125 1.9375 1.9375 1.5 1.5 1.5 1.9375 1.9375 2.625 2.625 2.625 4.5625 4.5625 6.625 6.625 6.625 6.3125 6.3125 6.875 6.875 6.875 5.5 5.5 4.75 4.75 4.75 6.5 6.5 8.6875 8.6875 8.6875 14.125 14.125 15.3125 15.3125
 0 0 0 0 0 0 0 0 0 0 0 0 0 0 0 0 0 0 0 0 0 0 0 0 0 0 0 0 0 0 0 0 0 0 0 0 0 0 0 0 0 0 0 0 0 0 0 0 0 0 0 0 0.0625 0.0625 0.0625 0.0625 0.0625 0.0625 0.0625 0.0625 0 0 0 0 0 0 0 0 0 0 0 0 0 0 0 0 0 0 0 0 0 0 0 0 0 0 0 0 0 0 0 0 0 0 0 0 0 0 0 0 0 0 0 0 0 0 0 0 0 0 0 0 0 0 0 0 0 0 0 0 0 0 0 0 0 0.0625 0.0625 0.25 0.25 0.25 0.625 0.625 1.8125 1.8125 1.8125 1.9375 1.9375 1.5 1.5 1.5 1.9375 1.9375 2.625 2.625 2.625 4.5625 4.5625 6.625 6.625 6.625 6.3125 6.3125 6.875 6.875 6.875 5.5 5.5 4.75 4.75 4.75 6.5 6.5 8.6875 8.6875 8.6875 14.125 14.125 15.3125 15.3125
 0 0 0 0 0 0 0 0 0 0 0 0 0 0 0 0 0 0 0 0 0 0 0 0 0 0 0 0 0 0 0 0 0 0 0 0 0 0 0 0 0 0 0 0 0 0 0 0 0 0 0 0 0.0625 0.0625 0.0625 0.0625 0.0625 0.0625 0.0625 0.0625 0 0 0 0 0 0 0 0 0 0 0 0 0 0 0 0 0 0 0 0 0 0 0 0 0 0 0 0 0 0 0 0 0 0 0 0 0 0 0 0 0 0 0 0 0 0 0 0 0 0 0 0 0 0 0 0 0 0 0 0 0 0 0 0 0 0.0625 0.0625 0.25 0.25 0.25 0.625 0.625 1.8125 1.8125 1.8125 1.9375 1.9375 1.5 1.5 1.5 1.9375 1.9375 2.625 2.625 2.625 4.5625 4.5625 6.625 6.625 6.625 6.3125 6.3125 6.875 6.875 6.875 5.5 5.5 4.75 4.75 4.75 6.5 6.5 8.6875 8.6875 8.6875 14.125 14.125 15.3125 15.3125
 0 0 0 0 0 0 0 0 0 0 0 0 0 0 0 0 0 0 0 0 0 0 0 0 0 0 0 0 0 0 0 0 0 0 0 0 0 0 0 0 0 0 0 0 0 0 0 0 0 0 0 0 0 0 0 0.0625 0.0625 0.0625 0.0625 0.0625 0 0 0 0 0 0 0 0 0 0 0 0 0 0 0 0 0 0 0 0 0 0 0 0 0 0 0 0 0 0 0 0 0 0 0 0 0 0 0 0 0 0 0 0 0 0 0 0 0 0 0 0 0 0 0 0 0 0 0 0 0 0 0.0625 0.0625 0.0625 0.1875 0.1875 0.3125 0.3125 0.3125 0.5 0.5 0.8125 0.8125 0.8125 0.8125 0.8125 1.25 1.25 1.25 2.0625 2.0625 3.1875 3.1875 3.1875 4.6875 4.6875 5.875 5.875 5.875 5.3125 5.3125 5.5 5.5 5.5 3.125 3.125 2.75 2.75 2.75 5 5 11.8125 11.8125 11.8125 16.6875 16.6875 8.9375 8.9375
 0 0 0 0 0 0 0 0 0 0 0 0 0 0 0 0 0 0 0 0 0 0 0 0 0 0 0 0 0 0 0 0 0 0 0 0 0 0 0 0 0 0 0 0 0 0 0 0 0 0 0 0 0 0 0 0.0625 0.0625 0.0625 0.0625 0.0625 0 0 0 0 0 0 0 0 0 0 0 0 0 0 0 0 0 0 0 0 0 0 0 0 0 0 0 0 0 0 0 0 0 0 0 0 0 0 0 0 0 0 0 0 0 0 0 0 0 0 0 0 0 0 0 0 0 0 0 0 0 0 0.0625 0.0625 0.0625 0.1875 0.1875 0.3125 0.3125 0.3125 0.5 0.5 0.8125 0.8125 0.8125 0.8125 0.8125 1.25 1.25 1.25 2.0625 2.0625 3.1875 3.1875 3.1875 4.6875 4.6875 5.875 5.875 5.875 5.3125 5.3125 5.5 5.5 5.5 3.125 3.125 2.75 2.75 2.75 5 5 11.8125 11.8125 11.8125 16.6875 16.6875 8.9375 8.9375
 0 0 0 0 0 0 0 0 0 0 0 0 0 0 0 0 0 0 0 0 0 0 0 0 0 0 0 0 0 0 0 0 0 0 0 0 0 0 0 0 0 0 0 0 0 0 0 0 0 0 0 0 0 0 0 0 0 0 0 0 0 0 0 0 0 0 0 0 0 0 0 0 0 0 0 0 0 0 0 0 0 0 0 0 0 0 0 0 0 0 0 0 0 0 0 0 0 0 0 0 0 0 0 0 0 0 0 0 0 0 0 0 0 0 0 0 0 0 0 0 0 0 0 0 0 0.125 0.125 0.25 0.25 0.25 0.5 0.5 0.6875 0.6875 0.6875 0.625 0.625 1.4375 1.4375 1.4375 2.5 2.5 3.875 3.875 3.875 4.875 4.875 4.625 4.625 4.625 3.9375 3.9375 4.1875 4.1875 4.1875 1.75 1.75 0.875 0.875 0.875 4.6875 4.6875 16.25 16.25 16.25 10.3125 10.3125 5.3125 5.3125
 0 0 0 0 0 0 0 0 0 0 0 0 0 0 0 0 0 0 0 0 0 0 0 0 0 0 0 0 0 0 0 0 0 0 0 0 0 0 0 0 0 0 0 0 0 0 0 0 0 0 0 0 0 0 0 0 0 0 0 0 0 0 0 0 0 0 0 0 0 0 0 0 0 0 0 0 0 0 0 0 0 0 0 0 0 0 0 0 0 0 0 0 0 0 0 0 0 0 0 0 0 0 0 0 0 0 0 0 0 0 0 0 0 0 0 0 0 0 0 0 0 0 0 0 0 0.125 0.125 0.25 0.25 0.25 0.5 0.5 0.6875 0.6875 0.6875 0.625 0.625 1.4375 1.4375 1.4375 2.5 2.5 3.875 3.875 3.875 4.875 4.875 4.625 4.625 4.625 3.9375 3.9375 4.1875 4.1875 4.1875 1.75 1.75 0.875 0.875 0.875 4.6875 4.6875 16.25 16.25 16.25 10.3125 10.3125 5.3125 5.3125
 0 0 0 0 0 0 0 0 0 0 0 0 0 0 0 0 0 0 0 0 0 0 0 0 0 0 0 0 0 0 0 0 0 0 0 0 0 0 0 0 0 0 0 0 0 0 0 0 0 0 0 0 0 0 0 0 0 0 0 0 0 0 0 0 0 0 0 0 0 0 0 0 0 0 0 0 0 0 0 0 0 0 0 0 0 0 0 0 0 0 0 0 0 0 0 0 0 0 0 0 0 0 0 0 0 0 0 0 0 0 0 0 0 0 0 0 0 0 0 0 0 0 0 0 0 0.125 0.125 0.25 0.25 0.25 0.5 0.5 0.6875 0.6875 0.6875 0.625 0.625 1.4375 1.4375 1.4375 2.5 2.5 3.875 3.875 3.875 4.875 4.875 4.625 4.625 4.625 3.9375 3.9375 4.1875 4.1875 4.1875 1.75 1.75 0.875 0.875 0.875 4.6875 4.6875 16.25 16.25 16.25 10.3125 10.3125 5.3125 5.3125
 0 0 0 0 0 0 0 0 0 0 0 0 0 0 0 0 0 0 0 0 0 0 0 0 0 0 0 0 0 0 0 0 0 0 0 0 0 0 0 0 0 0 0 0 0 0 0 0 0 0 0 0 0 0 0 0 0 0 0 0 0 0 0 0 0 0 0 0 0 0 0 0 0 0 0 0 0 0 0 0 0 0 0 0 0 0 0 0 0 0 0 0 0 0 0 0 0 0 0 0 0 0 0 0 0 0 0 0 0 0 0 0 0 0 0 0 0 0 0 0 0 0 0.0625 0.0625 0.0625 0.25 0.25 0.375 0.375 0.375 0.3125 0.3125 0.3125 0.3125 0.3125 0.875 0.875 1.75 1.75 1.75 2.4375 2.4375 3.6875 3.6875 3.6875 4.8125 4.8125 3.875 3.875 3.875 3.125 3.125 3.625 3.625 3.625 1.1875 1.1875 1.0625 1.0625 1.0625 8.8125 8.8125 14.25 14.25 14.25 5.3125 5.3125 3.125 3.125
 0 0 0 0 0 0 0 0 0 0 0 0 0 0 0 0 0 0 0 0 0 0 0 0 0 0 0 0 0 0 0 0 0 0 0 0 0 0 0 0 0 0 0 0 0 0 0 0 0 0 0 0 0 0 0 0 0 0 0 0 0 0 0 0 0 0 0 0 0 0 0 0 0 0 0 0 0 0 0 0 0 0 0 0 0 0 0 0 0 0 0 0 0 0 0 0 0 0 0 0 0 0 0 0 0 0 0 0 0 0 0 0 0 0 0 0 0 0 0 0 0 0 0.0625 0.0625 0.0625 0.25 0.25 0.375 0.375 0.375 0.3125 0.3125 0.3125 0.3125 0.3125 0.875 0.875 1.75 1.75 1.75 2.4375 2.4375 3.6875 3.6875 3.6875 4.8125 4.8125 3.875 3.875 3.875 3.125 3.125 3.625 3.625 3.625 1.1875 1.1875 1.0625 1.0625 1.0625 8.8125 8.8125 14.25 14.25 14.25 5.3125 5.3125 3.125 3.125
 0 0 0 0 0 0 0 0 0 0 0 0 0 0 0 0 0 0 0 0 0 0 0 0 0 0 0 0 0 0 0 0 0 0 0 0 0 0 0 0 0 0 0 0 0 0 0 0 0 0 0 0 0 0 0 0 0 0 0 0 0 0 0 0 0 0 0 0 0 0 0 0 0 0 0 0 0 0 0 0 0 0 0 0 0 0 0 0 0 0 0 0 0 0 0 0 0 0 0 0 0 0 0 0 0 0 0 0 0 0 0 0 0 0 0 0 0 0 0 0 0 0 0.0625 0.0625 0.0625 0.25 0.25 0.3125 0.3125 0.3125 0.125 0.125 0.125 0.125 0.125 0.625 0.625 1.125 1.125 1.125 2 2 3.5 3.5 3.5 4.8125 4.8125 3.625 3.625 3.625 3 3 3 3 3 1.1875 1.1875 2.25 2.25 2.25 11.5625 11.5625 9.1875 9.1875 9.1875 4.6875 4.6875 2.9375 2.9375
 0 0 0 0 0 0 0 0 0 0 0 0 0 0 0 0 0 0 0 0 0 0 0 0 0 0 0 0 0 0 0 0 0 0 0 0 0 0 0 0 0 0 0 0 0 0 0 0 0 0 0 0 0 0 0 0 0 0 0 0 0 0 0 0 0 0 0 0 0 0 0 0 0 0 0 0 0 0 0 0 0 0 0 0 0 0 0 0 0 0 0 0 0 0 0 0 0 0 0 0 0 0 0 0 0 0 0 0 0 0 0 0 0 0 0 0 0 0 0 0 0 0 0.0625 0.0625 0.0625 0.25 0.25 0.3125 0.3125 0.3125 0.125 0.125 0.125 0.125 0.125 0.625 0.625 1.125 1.125 1.125 2 2 3.5 3.5 3.5 4.8125 4.8125 3.625 3.625 3.625 3 3 3 3 3 1.1875 1.1875 2.25 2.25 2.25 11.5625 11.5625 9.1875 9.1875 9.1875 4.6875 4.6875 2.9375 2.9375
 0 0 0 0 0 0 0 0 0 0 0 0 0 0 0 0 0 0 0 0 0 0 0 0 0 0 0 0 0 0 0 0 0 0 0 0 0 0 0 0 0 0 0 0 0 0 0 0 0 0 0 0 0 0 0 0 0 0 0 0 0 0 0 0 0 0 0 0 0 0 0 0 0 0 0 0 0 0 0 0 0 0 0 0 0 0 0 0 0 0 0 0 0 0 0 0 0 0 0 0 0 0 0 0 0 0 0 0 0 0 0 0 0 0 0 0 0 0 0 0 0 0 0.0625 0.0625 0.0625 0.25 0.25 0.3125 0.3125 0.3125 0.125 0.125 0.125 0.125 0.125 0.625 0.625 1.125 1.125 1.125 2 2 3.5 3.5 3.5 4.8125 4.8125 3.625 3.625 3.625 3 3 3 3 3 1.1875 1.1875 2.25 2.25 2.25 11.5625 11.5625 9.1875 9.1875 9.1875 4.6875 4.6875 2.9375 2.9375
 0 0 0 0 0 0 0 0 0 0 0 0 0 0 0 0 0 0 0 0 0 0 0 0 0 0 0 0 0 0 0 0 0 0 0 0 0 0 0 0 0 0 0 0 0 0 0 0 0 0 0 0 0 0 0 0 0 0 0 0 0 0 0 0 0 0 0 0 0 0 0 0 0 0 0 0 0 0 0 0 0 0 0 0 0 0 0 0 0 0 0 0 0 0 0 0 0 0 0 0 0 0 0 0 0 0 0 0 0 0 0 0 0 0 0 0 0 0 0 0 0 0 0.0625 0.0625 0.0625 0.1875 0.1875 0.125 0.125 0.125 0.0625 0.0625 0.125 0.125 0.125 0.375 0.375 0.9375 0.9375 0.9375 2.0625 2.0625 3.625 3.625 3.625 4.1875 4.1875 2.875 2.875 2.875 2.8125 2.8125 2.6875 2.6875 2.6875 1.75 1.75 4 4 4 9.25 9.25 5.75 5.75 5.75 4.4375 4.4375 3.125 3.125
 0 0 0 0 0 0 0 0 0 0 0 0 0 0 0 0 0 0 0 0 0 0 0 0 0 0 0 0 0 0 0 0 0 0 0 0 0 0 0 0 0 0 0 0 0 0 0 0 0 0 0 0 0 0 0 0 0 0 0 0 0 0 0 0 0 0 0 0 0 0 0 0 0 0 0 0 0 0 0 0 0 0 0 0 0 0 0 0 0 0 0 0 0 0 0 0 0 0 0 0 0 0 0 0 0 0 0 0 0 0 0 0 0 0 0 0 0 0 0 0 0 0 0.0625 0.0625 0.0625 0.1875 0.1875 0.125 0.125 0.125 0.0625 0.0625 0.125 0.125 0.125 0.375 0.375 0.9375 0.9375 0.9375 2.0625 2.0625 3.625 3.625 3.625 4.1875 4.1875 2.875 2.875 2.875 2.8125 2.8125 2.6875 2.6875 2.6875 1.75 1.75 4 4 4 9.25 9.25 5.75 5.75 5.75 4.4375 4.4375 3.125 3.125
 0 0 0 0 0 0 0 0 0 0 0 0 0 0 0 0 0 0 0 0 0 0 0 0 0 0 0 0 0 0 0 0 0 0 0 0 0 0 0 0 0 0 0 0 0 0 0 0 0 0 0 0 0 0 0 0 0 0 0 0 0 0 0 0 0 0 0 0 0 0 0 0 0 0 0 0 0 0 0 0 0 0 0 0 0 0 0 0 0 0 0 0 0 0 0 0 0 0 0 0 0 0 0 0 0 0 0 0 0 0 0 0 0 0 0 0 0 0.0625 0.0625 0.0625 0.125 0.125 0.125 0.125 0.125 0.1875 0.1875 0.0625 0.0625 0.0625 0.0625 0.0625 0.0625 0.0625 0.0625 0.3125 0.3125 1.375 1.375 1.375 2.5625 2.5625 4.1875 4.1875 4.1875 3.5 3.5 2.5625 2.5625 2.5625 2.6875 2.6875 3.375 3.375 3.375 2.0625 2.0625 4.1875 4.1875 4.1875 5.3125 5.3125 5 5 5 4 4 4 4
 0 0 0 0 0 0 0 0 0 0 0 0 0 0 0 0 0 0 0 0 0 0 0 0 0 0 0 0 0 0 0 0 0 0 0 0 0 0 0 0 0 0 0 0 0 0 0 0 0 0 0 0 0 0 0 0 0 0 0 0 0 0 0 0 0 0 0 0 0 0 0 0 0 0 0 0 0 0 0 0 0 0 0 0 0 0 0 0 0 0 0 0 0 0 0 0 0 0 0 0 0 0 0 0 0 0 0 0 0 0 0 0 0 0 0 0 0 0.0625 0.0625 0.0625 0.125 0.125 0.125 0.125 0.125 0.1875 0.1875 0.0625 0.0625 0.0625 0.0625 0.0625 0.0625 0.0625 0.0625 0.3125 0.3125 1.375 1.375 1.375 2.5625 2.5625 4.1875 4.1875 4.1875 3.5 3.5 2.5625 2.5625 2.5625 2.6875 2.6875 3.375 3.375 3.375 2.0625 2.0625 4.1875 4.1875 4.1875 5.3125 5.3125 5 5 5 4 4 4 4
 0 0 0 0 0 0 0 0 0 0 0 0 0 0 0 0 0 0 0 0 0 0 0 0 0 0 0 0 0 0 0 0 0 0 0 0 0 0 0 0 0 0 0 0 0 0 0 0 0 0 0 0 0 0 0 0 0 0 0 0 0 0 0 0 0 0 0 0 0 0 0 0 0 0 0 0 0 0 0 0 0 0 0 0 0 0 0 0 0 0 0 0 0 0 0 0 0 0 0 0 0 0 0 0 0 0 0 0 0 0 0 0 0 0 0 0 0 0.0625 0.0625 0.0625 0.125 0.125 0.125 0.125 0.125 0.1875 0.1875 0.0625 0.0625 0.0625 0.0625 0.0625 0.0625 0.0625 0.0625 0.3125 0.3125 1.375 1.375 1.375 2.5625 2.5625 4.1875 4.1875 4.1875 3.5 3.5 2.5625 2.5625 2.5625 2.6875 2.6875 3.375 3.375 3.375 2.0625 2.0625 4.1875 4.1875 4.1875 5.3125 5.3125 5 5 5 4 4 4 4
 0 0 0 0 0 0 0 0 0 0 0 0 0 0 0 0 0 0 0 0 0 0 0 0 0 0 0 0 0 0 0 0 0 0 0 0 0 0 0 0 0 0 0 0 0 0 0 0 0 0 0 0 0 0 0 0 0 0 0 0 0 0 0 0 0 0 0 0 0 0 0 0 0 0 0 0 0 0 0 0 0 0 0 0 0 0 0 0 0 0 0 0 0 0 0 0 0 0 0 0 0 0 0 0 0 0 0 0 0 0 0 0 0 0 0 0.0625 0.0625 0.25 0.25 0.25 0.3125 0.3125 0.1875 0.1875 0.1875 0.0625 0.0625 0 0 0 0 0 0.125 0.125 0.125 0.875 0.875 1.6875 1.6875 1.6875 2.875 2.875 4.25 4.25 4.25 3.1875 3.1875 2.4375 2.4375 2.4375 2.875 2.875 3.5 3.5 3.5 1.5625 1.5625 2.5625 2.5625 2.5625 3.25 3.25 4.0625 4.0625 4.0625 4.8125 4.8125 4 4
 0 0 0 0 0 0 0 0 0 0 0 0 0 0 0 0 0 0 0 0 0 0 0 0 0 0 0 0 0 0 0 0 0 0 0 0 0 0 0 0 0 0 0 0 0 0 0 0 0 0 0 0 0 0 0 0 0 0 0 0 0 0 0 0 0 0 0 0 0 0 0 0 0 0 0 0 0 0 0 0 0 0 0 0 0 0 0 0 0 0 0 0 0 0 0 0 0 0 0 0 0 0 0 0 0 0 0 0 0 0 0 0 0 0 0 0.0625 0.0625 0.25 0.25 0.25 0.3125 0.3125 0.1875 0.1875 0.1875 0.0625 0.0625 0 0 0 0 0 0.125 0.125 0.125 0.875 0.875 1.6875 1.6875 1.6875 2.875 2.875 4.25 4.25 4.25 3.1875 3.1875 2.4375 2.4375 2.4375 2.875 2.875 3.5 3.5 3.5 1.5625 1.5625 2.5625 2.5625 2.5625 3.25 3.25 4.0625 4.0625 4.0625 4.8125 4.8125 4 4
 0 0 0 0 0 0 0 0 0 0 0 0 0 0 0 0 0 0 0 0 0 0 0 0 0 0 0 0 0 0 0 0 0 0 0 0 0 0 0 0 0 0 0 0 0 0 0 0 0 0 0 0 0 0 0 0 0 0 0 0 0 0 0 0 0 0 0 0 0 0 0 0 0 0 0 0 0 0 0 0 0 0 0 0 0 0 0 0 0 0 0 0 0 0 0 0 0 0 0 0 0 0 0 0 0 0 0 0 0 0 0 0 0.0625 0.0625 0.0625 0.1875 0.1875 0.25 0.25 0.25 0.1875 0.1875 0.125 0.125 0.125 0 0 0 0 0 0.0625 0.0625 0.5 0.5 0.5 1.375 1.375 1.5 1.5 1.5 2.5 2.5 3.4375 3.4375 3.4375 2.75 2.75 2.5 2.5 2.5 3.5625 3.5625 2.1875 2.1875 2.1875 1.0625 1.0625 1.8125 1.8125 1.8125 2.375 2.375 3.25 3.25 3.25 3.4375 3.4375 4.125 4.125
 0 0 0 0 0 0 0 0 0 0 0 0 0 0 0 0 0 0 0 0 0 0 0 0 0 0 0 0 0 0 0 0 0 0 0 0 0 0 0 0 0 0 0 0 0 0 0 0 0 0 0 0 0 0 0 0 0 0 0 0 0 0 0 0 0 0 0 0 0 0 0 0 0 0 0 0 0 0 0 0 0 0 0 0 0 0 0 0 0 0 0 0 0 0 0 0 0 0 0 0 0 0 0 0 0 0 0 0 0 0 0 0 0.0625 0.0625 0.0625 0.1875 0.1875 0.25 0.25 0.25 0.1875 0.1875 0.125 0.125 0.125 0 0 0 0 0 0.0625 0.0625 0.5 0.5 0.5 1.375 1.375 1.5 1.5 1.5 2.5 2.5 3.4375 3.4375 3.4375 2.75 2.75 2.5 2.5 2.5 3.5625 3.5625 2.1875 2.1875 2.1875 1.0625 1.0625 1.8125 1.8125 1.8125 2.375 2.375 3.25 3.25 3.25 3.4375 3.4375 4.125 4.125
 0 0 0 0 0 0 0 0 0 0 0 0 0 0 0 0 0 0 0 0 0 0 0 0 0 0 0 0 0 0 0 0 0 0 0 0 0 0 0 0 0 0 0 0 0 0 0 0 0 0 0 0 0 0 0 0 0 0 0 0 0 0 0 0 0 0 0 0 0 0 0 0 0 0 0 0 0 0 0 0 0 0 0 0 0 0 0 0 0 0 0 0 0 0 0 0 0 0 0 0 0 0 0 0 0 0 0 0 0 0 0 0 0.0625 0.0625 0.0625 0.1875 0.1875 0.25 0.25 0.25 0.1875 0.1875 0.125 0.125 0.125 0 0 0 0 0 0.0625 0.0625 0.5 0.5 0.5 1.375 1.375 1.5 1.5 1.5 2.5 2.5 3.4375 3.4375 3.4375 2.75 2.75 2.5 2.5 2.5 3.5625 3.5625 2.1875 2.1875 2.1875 1.0625 1.0625 1.8125 1.8125 1.8125 2.375 2.375 3.25 3.25 3.25 3.4375 3.4375 4.125 4.125
 0 0 0 0 0 0 0 0 0 0 0 0 0 0 0 0 0 0 0 0 0 0 0 0 0 0 0 0 0 0 0 0 0 0 0 0 0 0 0 0 0 0 0 0 0 0 0 0 0 0 0 0 0 0 0 0 0 0 0 0 0 0 0 0 0 0 0 0 0 0 0 0 0 0 0 0 0 0 0 0 0 0 0 0 0 0 0 0 0 0 0 0 0 0 0 0 0 0 0 0 0 0 0 0 0 0 0 0 0 0 0.0625 0.0625 0.125 0.125 0.125 0.125 0.125 0.125 0.125 0.125 0.1875 0.1875 0.125 0.125 0.125 0.0625 0.0625 0.0625 0.0625 0.0625 0.1875 0.1875 0.8125 0.8125 0.8125 1.125 1.125 1.375 1.375 1.375 2.375 2.375 3.0625 3.0625 3.0625 2.5625 2.5625 3.4375 3.4375 3.4375 2.9375 2.9375 0.5625 0.5625 0.5625 0.75 0.75 1.25 1.25 1.25 1.9375 1.9375 2.375 2.375 2.375 3 3 5.1875 5.1875
 0 0 0 0 0 0 0 0 0 0 0 0 0 0 0 0 0 0 0 0 0 0 0 0 0 0 0 0 0 0 0 0 0 0 0 0 0 0 0 0 0 0 0 0 0 0 0 0 0 0 0 0 0 0 0 0 0 0 0 0 0 0 0 0 0 0 0 0 0 0 0 0 0 0 0 0 0 0 0 0 0 0 0 0 0 0 0 0 0 0 0 0 0 0 0 0 0 0 0 0 0 0 0 0 0 0 0 0 0 0 0.0625 0.0625 0.125 0.125 0.125 0.125 0.125 0.125 0.125 0.125 0.1875 0.1875 0.125 0.125 0.125 0.0625 0.0625 0.0625 0.0625 0.0625 0.1875 0.1875 0.8125 0.8125 0.8125 1.125 1.125 1.375 1.375 1.375 2.375 2.375 3.0625 3.0625 3.0625 2.5625 2.5625 3.4375 3.4375 3.4375 2.9375 2.9375 0.5625 0.5625 0.5625 0.75 0.75 1.25 1.25 1.25 1.9375 1.9375 2.375 2.375 2.375 3 3 5.1875 5.1875
 0 0 0 0 0 0 0 0 0 0 0 0 0 0 0 0 0 0 0 0 0 0 0 0 0 0 0 0 0 0 0 0 0 0 0 0 0 0 0 0 0 0 0 0 0 0 0 0 0 0 0 0 0 0 0 0 0 0 0 0 0 0 0 0 0 0 0 0 0 0 0 0 0 0 0 0 0 0 0 0 0 0 0 0 0 0 0 0 0 0 0 0 0 0 0 0 0 0 0 0 0 0 0 0 0 0 0 0 0 0 0.0625 0.0625 0.0625 0.0625 0.0625 0.0625 0.0625 0.125 0.125 0.125 0.125 0.125 0.0625 0.0625 0.0625 0.0625 0.0625 0.125 0.125 0.125 0.375 0.375 0.4375 0.4375 0.4375 0.625 0.625 1.8125 1.8125 1.8125 3.375 3.375 3.0625 3.0625 3.0625 3.75 3.75 4.125 4.125 4.125 1.25 1.25 0.0625 0.0625 0.0625 0.1875 0.1875 0.6875 0.6875 0.6875 1.1875 1.1875 1.875 1.875 1.875 3.3125 3.3125 4.5 4.5
 0 0 0 0 0 0 0 0 0 0 0 0 0 0 0 0 0 0 0 0 0 0 0 0 0 0 0 0 0 0 0 0 0 0 0 0 0 0 0 0 0 0 0 0 0 0 0 0 0 0 0 0 0 0 0 0 0 0 0 0 0 0 0 0 0 0 0 0 0 0 0 0 0 0 0 0 0 0 0 0 0 0 0 0 0 0 0 0 0 0 0 0 0 0 0 0 0 0 0 0 0 0 0 0 0 0 0 0 0 0 0.0625 0.0625 0.0625 0.0625 0.0625 0.0625 0.0625 0.125 0.125 0.125 0.125 0.125 0.0625 0.0625 0.0625 0.0625 0.0625 0.125 0.125 0.125 0.375 0.375 0.4375 0.4375 0.4375 0.625 0.625 1.8125 1.8125 1.8125 3.375 3.375 3.0625 3.0625 3.0625 3.75 3.75 4.125 4.125 4.125 1.25 1.25 0.0625 0.0625 0.0625 0.1875 0.1875 0.6875 0.6875 0.6875 1.1875 1.1875 1.875 1.875 1.875 3.3125 3.3125 4.5 4.5
 0 0 0 0 0 0 0 0 0 0 0 0 0 0 0 0 0 0 0 0 0 0 0 0 0 0 0 0 0 0 0 0 0 0 0 0 0 0 0 0 0 0 0 0 0 0 0 0 0 0 0 0 0 0 0 0 0 0 0 0 0 0 0 0 0 0 0 0 0 0 0 0 0 0 0 0 0 0 0 0 0 0 0 0 0 0 0 0 0 0 0 0 0 0 0 0 0 0 0 0 0 0 0 0 0 0 0 0 0 0 0.0625 0.0625 0.0625 0.0625 0.0625 0.0625 0.0625 0.125 0.125 0.125 0.125 0.125 0.0625 0.0625 0.0625 0.0625 0.0625 0.125 0.125 0.125 0.375 0.375 0.4375 0.4375 0.4375 0.625 0.625 1.8125 1.8125 1.8125 3.375 3.375 3.0625 3.0625 3.0625 3.75 3.75 4.125 4.125 4.125 1.25 1.25 0.0625 0.0625 0.0625 0.1875 0.1875 0.6875 0.6875 0.6875 1.1875 1.1875 1.875 1.875 1.875 3.3125 3.3125 4.5 4.5
 0 0 0 0 0 0 0 0 0 0 0 0 0 0 0 0 0 0 0 0 0 0 0 0 0 0 0 0 0 0 0 0 0 0 0 0 0 0 0 0 0 0 0 0 0 0 0 0 0 0 0 0 0 0 0 0 0 0 0 0 0 0 0 0 0 0 0 0 0 0 0 0 0 0 0 0 0 0 0 0 0 0 0 0 0 0 0 0 0 0 0 0 0 0 0 0 0 0 0 0 0 0 0 0 0 0 0 0 0 0 0.0625 0.0625 0.0625 0.0625 0.0625 0.0625 0.0625 0.125 0.125 0.125 0.0625 0.0625 0.0625 0.0625 0.0625 0.1875 0.1875 0.3125 0.3125 0.3125 0.3125 0.3125 0.125 0.125 0.125 0.875 0.875 3.375 3.375 3.375 3.9375 3.9375 4.375 4.375 4.375 5.125 5.125 2.4375 2.4375 2.4375 0.25 0.25 0 0 0 0 0 0.25 0.25 0.25 0.625 0.625 1.5625 1.5625 1.5625 4.0625 4.0625 6 6
 0 0 0 0 0 0 0 0 0 0 0 0 0 0 0 0 0 0 0 0 0 0 0 0 0 0 0 0 0 0 0 0 0 0 0 0 0 0 0 0 0 0 0 0 0 0 0 0 0 0 0 0 0 0 0 0 0 0 0 0 0 0 0 0 0 0 0 0 0 0 0 0 0 0 0 0 0 0 0 0 0 0 0 0 0 0 0 0 0 0 0 0 0 0 0 0 0 0 0 0 0 0 0 0 0 0 0 0 0 0 0.0625 0.0625 0.0625 0.0625 0.0625 0.0625 0.0625 0.125 0.125 0.125 0.0625 0.0625 0.0625 0.0625 0.0625 0.1875 0.1875 0.3125 0.3125 0.3125 0.3125 0.3125 0.125 0.125 0.125 0.875 0.875 3.375 3.375 3.375 3.9375 3.9375 4.375 4.375 4.375 5.125 5.125 2.4375 2.4375 2.4375 0.25 0.25 0 0 0 0 0 0.25 0.25 0.25 0.625 0.625 1.5625 1.5625 1.5625 4.0625 4.0625 6 6
 0 0 0 0 0 0 0 0 0 0 0 0 0 0 0 0 0 0 0 0 0 0 0 0 0 0 0 0 0 0 0 0 0 0 0 0 0 0 0 0 0 0 0 0 0 0 0 0 0 0 0 0 0 0 0 0 0 0 0 0 0 0 0 0 0 0 0 0 0 0 0 0 0 0 0 0 0 0 0 0 0 0 0 0 0 0 0 0 0 0 0 0 0 0 0 0 0 0 0 0 0 0 0 0 0 0 0 0 0 0 0 0 0.0625 0.0625 0.0625 0.0625 0.0625 0.125 0.125 0.125 0.0625 0.0625 0.0625 0.0625 0.0625 0.1875 0.1875 0.25 0.25 0.25 0.125 0.125 0.3125 0.3125 0.3125 2.0625 2.0625 4.5 4.5 4.5 4.9375 4.9375 5.5625 5.5625 5.5625 3.25 3.25 0.5 0.5 0.5 0 0 0 0 0 0.0625 0.0625 0.25 0.25 0.25 0.5625 0.5625 1.375 1.375 1.375 3.9375 3.9375 5.9375 5.9375
 0 0 0 0 0 0 0 0 0 0 0 0 0 0 0 0 0 0 0 0 0 0 0 0 0 0 0 0 0 0 0 0 0 0 0 0 0 0 0 0 0 0 0 0 0 0 0 0 0 0 0 0 0 0 0 0 0 0 0 0 0 0 0 0 0 0 0 0 0 0 0 0 0 0 0 0 0 0 0 0 0 0 0 0 0 0 0 0 0 0 0 0 0 0 0 0 0 0 0 0 0 0 0 0 0 0 0 0 0 0 0 0 0.0625 0.0625 0.0625 0.0625 0.0625 0.125 0.125 0.125 0.0625 0.0625 0.0625 0.0625 0.0625 0.1875 0.1875 0.25 0.25 0.25 0.125 0.125 0.3125 0.3125 0.3125 2.0625 2.0625 4.5 4.5 4.5 4.9375 4.9375 5.5625 5.5625 5.5625 3.25 3.25 0.5 0.5 0.5 0 0 0 0 0 0.0625 0.0625 0.25 0.25 0.25 0.5625 0.5625 1.375 1.375 1.375 3.9375 3.9375 5.9375 5.9375
 0 0 0 0 0 0 0 0 0 0 0 0 0 0 0 0 0 0 0 0 0 0 0 0 0 0 0 0 0 0 0 0 0 0 0 0 0 0 0 0 0 0 0 0 0 0 0 0 0 0 0 0 0 0 0 0 0 0 0 0 0 0 0 0 0 0 0 0 0 0 0 0 0 0 0 0 0 0 0 0 0 0 0 0 0 0 0 0 0 0 0 0 0 0 0 0 0 0 0 0 0 0 0 0 0 0 0 0 0 0 0 0 0.0625 0.0625 0.0625 0.0625 0.0625 0.125 0.125 0.125 0.0625 0.0625 0.0625 0.0625 0.0625 0.1875 0.1875 0.25 0.25 0.25 0.125 0.125 0.3125 0.3125 0.3125 2.0625 2.0625 4.5 4.5 4.5 4.9375 4.9375 5.5625 5.5625 5.5625 3.25 3.25 0.5 0.5 0.5 0 0 0 0 0 0.0625 0.0625 0.25 0.25 0.25 0.5625 0.5625 1.375 1.375 1.375 3.9375 3.9375 5.9375 5.9375
 0 0 0 0 0 0 0 0 0 0 0 0 0 0 0 0 0 0 0 0 0 0 0 0 0 0 0 0 0 0 0 0 0 0 0 0 0 0 0 0 0 0 0 0 0 0 0 0 0 0 0 0 0 0 0 0 0 0 0 0 0 0 0 0 0 0 0 0 0 0 0 0 0 0 0 0 0 0 0 0 0 0 0 0 0 0 0 0 0 0 0 0 0 0 0 0 0 0 0 0 0 0 0 0 0 0 0 0 0 0 0 0 0.0625 0.0625 0.0625 0.0625 0.0625 0.0625 0.0625 0.0625 0.0625 0.0625 0.0625 0.0625 0.0625 0.0625 0.0625 0 0 0 0.0625 0.0625 0.6875 0.6875 0.6875 3.1875 3.1875 5.0625 5.0625 5.0625 4.75 4.75 3.3125 3.3125 3.3125 0.75 0.75 0.0625 0.0625 0.0625 0 0 0 0 0 0.1875 0.1875 0.375 0.375 0.375 0.875 0.875 2.625 2.625 2.625 3.25 3.25 4.875 4.875
 0 0 0 0 0 0 0 0 0 0 0 0 0 0 0 0 0 0 0 0 0 0 0 0 0 0 0 0 0 0 0 0 0 0 0 0 0 0 0 0 0 0 0 0 0 0 0 0 0 0 0 0 0 0 0 0 0 0 0 0 0 0 0 0 0 0 0 0 0 0 0 0 0 0 0 0 0 0 0 0 0 0 0 0 0 0 0 0 0 0 0 0 0 0 0 0 0 0 0 0 0 0 0 0 0 0 0 0 0 0 0 0 0.0625 0.0625 0.0625 0.0625 0.0625 0.0625 0.0625 0.0625 0.0625 0.0625 0.0625 0.0625 0.0625 0.0625 0.0625 0 0 0 0.0625 0.0625 0.6875 0.6875 0.6875 3.1875 3.1875 5.0625 5.0625 5.0625 4.75 4.75 3.3125 3.3125 3.3125 0.75 0.75 0.0625 0.0625 0.0625 0 0 0 0 0 0.1875 0.1875 0.375 0.375 0.375 0.875 0.875 2.625 2.625 2.625 3.25 3.25 4.875 4.875
 0 0 0 0 0 0 0 0 0 0 0 0 0 0 0 0 0 0 0 0 0 0 0 0 0 0 0 0 0 0 0 0 0 0 0 0 0 0 0 0 0 0 0 0 0 0 0 0 0 0 0 0 0 0 0 0 0 0 0 0 0 0 0 0 0 0 0 0 0 0 0 0 0 0 0 0 0 0 0 0 0 0 0 0 0 0 0 0 0 0 0 0 0 0 0 0 0 0 0 0 0 0 0 0 0 0 0 0 0 0 0 0 0 0 0 0 0 0 0 0 0 0 0 0 0 0 0 0 0 0 0.1875 0.1875 1.5 1.5 1.5 3.375 3.375 2.9375 2.9375 2.9375 1.9375 1.9375 0.75 0.75 0.75 0.0625 0.0625 0 0 0 0 0 0.25 0.25 0.25 0.6875 0.6875 1.25 1.25 1.25 2.0625 2.0625 2.625 2.625 2.625 2.375 2.375 5.5625 5.5625
 0 0 0 0 0 0 0 0 0 0 0 0 0 0 0 0 0 0 0 0 0 0 0 0 0 0 0 0 0 0 0 0 0 0 0 0 0 0 0 0 0 0 0 0 0 0 0 0 0 0 0 0 0 0 0 0 0 0 0 0 0 0 0 0 0 0 0 0 0 0 0 0 0 0 0 0 0 0 0 0 0 0 0 0 0 0 0 0 0 0 0 0 0 0 0 0 0 0 0 0 0 0 0 0 0 0 0 0 0 0 0 0 0 0 0 0 0 0 0 0 0 0 0 0 0 0 0 0 0 0 0.1875 0.1875 1.5 1.5 1.5 3.375 3.375 2.9375 2.9375 2.9375 1.9375 1.9375 0.75 0.75 0.75 0.0625 0.0625 0 0 0 0 0 0.25 0.25 0.25 0.6875 0.6875 1.25 1.25 1.25 2.0625 2.0625 2.625 2.625 2.625 2.375 2.375 5.5625 5.5625
 0 0 0 0 0 0 0 0 0 0 0 0 0 0 0 0 0 0 0 0 0 0 0 0 0 0 0 0 0 0 0 0 0 0 0 0 0 0 0 0 0 0 0 0 0 0 0 0 0 0 0 0 0 0 0 0 0 0 0 0 0 0 0 0 0 0 0 0 0 0 0 0 0 0 0 0 0 0 0 0 0 0 0 0 0 0 0 0 0 0 0 0 0 0 0 0 0 0 0 0 0 0 0 0 0 0 0 0 0 0 0 0 0 0 0 0 0 0 0 0 0 0 0 0 0 0 0 0 0 0 0.1875 0.1875 1.5 1.5 1.5 3.375 3.375 2.9375 2.9375 2.9375 1.9375 1.9375 0.75 0.75 0.75 0.0625 0.0625 0 0 0 0 0 0.25 0.25 0.25 0.6875 0.6875 1.25 1.25 1.25 2.0625 2.0625 2.625 2.625 2.625 2.375 2.375 5.5625 5.5625
 0 0 0 0 0 0 0 0 0 0 0 0 0 0 0 0 0 0 0 0 0 0 0 0 0 0 0 0 0 0 0 0 0 0 0 0 0 0 0 0 0 0 0 0 0 0 0 0 0 0 0 0 0 0 0 0 0 0 0 0 0 0 0 0 0 0 0 0 0 0 0 0 0 0 0 0 0 0 0 0 0 0 0 0 0 0 0 0 0 0 0 0 0 0 0 0 0 0 0 0 0 0 0 0 0 0 0 0 0 0 0 0 0 0 0 0 0 0 0 0 0 0 0 0 0 0 0 0.0625 0.0625 0.0625 0.6875 0.6875 1.875 1.875 1.875 1.5625 1.5625 0.8125 0.8125 0.8125 0.8125 0.8125 0.5625 0.5625 0.5625 0.0625 0.0625 0 0 0 0.125 0.125 0.6875 0.6875 0.6875 1.25 1.25 1.75 1.75 1.75 2.0625 2.0625 2.6875 2.6875 2.6875 3.625 3.625 4.75 4.75
 0 0 0 0 0 0 0 0 0 0 0 0 0 0 0 0 0 0 0 0 0 0 0 0 0 0 0 0 0 0 0 0 0 0 0 0 0 0 0 0 0 0 0 0 0 0 0 0 0 0 0 0 0 0 0 0 0 0 0 0 0 0 0 0 0 0 0 0 0 0 0 0 0 0 0 0 0 0 0 0 0 0 0 0 0 0 0 0 0 0 0 0 0 0 0 0 0 0 0 0 0 0 0 0 0 0 0 0 0 0 0 0 0 0 0 0 0 0 0 0 0 0 0 0 0 0 0 0.0625 0.0625 0.0625 0.6875 0.6875 1.875 1.875 1.875 1.5625 1.5625 0.8125 0.8125 0.8125 0.8125 0.8125 0.5625 0.5625 0.5625 0.0625 0.0625 0 0 0 0.125 0.125 0.6875 0.6875 0.6875 1.25 1.25 1.75 1.75 1.75 2.0625 2.0625 2.6875 2.6875 2.6875 3.625 3.625 4.75 4.75
 0 0 0 0 0 0 0 0 0 0 0 0 0 0 0 0 0 0 0 0 0 0 0 0 0 0 0 0 0 0 0 0 0 0 0 0 0 0 0 0 0 0 0 0 0 0 0 0 0 0 0 0 0 0 0 0 0 0 0 0 0 0 0 0 0 0 0 0 0 0 0 0 0 0 0 0 0 0 0 0 0 0 0 0 0 0 0 0 0 0 0 0 0 0 0 0 0 0 0 0 0 0 0 0 0 0 0 0 0 0 0 0 0 0 0 0 0 0 0 0 0 0 0 0 0 0 0 0.125 0.125 0.125 0.5625 0.5625 0.6875 0.6875 0.6875 0.25 0.25 0.8125 0.8125 0.8125 1.1875 1.1875 0.25 0.25 0.25 0 0 0.0625 0.0625 0.0625 0.5625 0.5625 1.25 1.25 1.25 1.375 1.375 1.625 1.625 1.625 2.375 2.375 3.75 3.75 3.75 4.0625 4.0625 2.625 2.625
 0 0 0 0 0 0 0 0 0 0 0 0 0 0 0 0 0 0 0 0 0 0 0 0 0 0 0 0 0 0 0 0 0 0 0 0 0 0 0 0 0 0 0 0 0 0 0 0 0 0 0 0 0 0 0 0 0 0 0 0 0 0 0 0 0 0 0 0 0 0 0 0 0 0 0 0 0 0 0 0 0 0 0 0 0 0 0 0 0 0 0 0 0 0 0 0 0 0 0 0 0 0 0 0 0 0 0 0 0 0 0 0 0 0 0 0 0 0 0 0 0 0 0 0 0 0 0 0.125 0.125 0.125 0.5625 0.5625 0.6875 0.6875 0.6875 0.25 0.25 0.8125 0.8125 0.8125 1.1875 1.1875 0.25 0.25 0.25 0 0 0.0625 0.0625 0.0625 0.5625 0.5625 1.25 1.25 1.25 1.375 1.375 1.625 1.625 1.625 2.375 2.375 3.75 3.75 3.75 4.0625 4.0625 2.625 2.625
 0 0 0 0 0 0 0 0 0 0 0 0 0 0 0 0 0 0 0 0 0 0 0 0 0 0 0 0 0 0 0 0 0 0 0 0 0 0 0 0 0 0 0 0 0 0 0 0 0 0 0 0 0 0 0 0 0 0 0 0 0 0 0 0 0 0 0 0 0 0 0 0 0 0 0 0 0 0 0 0 0 0 0 0 0 0 0 0 0 0 0 0 0 0 0 0 0 0 0 0 0 0 0 0 0 0 0 0 0 0 0 0 0 0 0 0 0 0 0 0 0 0 0 0 0 0 0 0.125 0.125 0.125 0.5625 0.5625 0.6875 0.6875 0.6875 0.25 0.25 0.8125 0.8125 0.8125 1.1875 1.1875 0.25 0.25 0.25 0 0 0.0625 0.0625 0.0625 0.5625 0.5625 1.25 1.25 1.25 1.375 1.375 1.625 1.625 1.625 2.375 2.375 3.75 3.75 3.75 4.0625 4.0625 2.625 2.625
 0 0 0 0 0 0 0 0 0 0 0 0 0 0 0 0 0 0 0 0 0 0 0 0 0 0 0 0 0 0 0 0 0 0 0 0 0 0 0 0 0 0 0 0 0 0 0 0 0 0 0 0 0 0 0 0 0 0 0 0 0 0 0 0 0 0 0 0 0 0 0 0 0 0 0 0 0 0 0 0 0 0 0 0 0 0 0 0 0 0 0 0 0 0 0 0 0 0 0 0 0 0 0 0 0 0 0 0 0 0 0 0 0 0 0 0 0 0 0 0 0 0 0 0 0 0.125 0.125 0.0625 0.0625 0.0625 0.0625 0.0625 0.0625 0.0625 0.0625 0.8125 0.8125 1.5 1.5 1.5 0.75 0.75 0.125 0.125 0.125 0 0 0.0625 0.0625 0.0625 0.625 0.625 1.25 1.25 1.25 1 1 1.9375 1.9375 1.9375 3.4375 3.4375 3.4375 3.4375 3.4375 2.4375 2.4375 1.3125 1.3125
 0 0 0 0 0 0 0 0 0 0 0 0 0 0 0 0 0 0 0 0 0 0 0 0 0 0 0 0 0 0 0 0 0 0 0 0 0 0 0 0 0 0 0 0 0 0 0 0 0 0 0 0 0 0 0 0 0 0 0 0 0 0 0 0 0 0 0 0 0 0 0 0 0 0 0 0 0 0 0 0 0 0 0 0 0 0 0 0 0 0 0 0 0 0 0 0 0 0 0 0 0 0 0 0 0 0 0 0 0 0 0 0 0 0 0 0 0 0 0 0 0 0 0 0 0 0.125 0.125 0.0625 0.0625 0.0625 0.0625 0.0625 0.0625 0.0625 0.0625 0.8125 0.8125 1.5 1.5 1.5 0.75 0.75 0.125 0.125 0.125 0 0 0.0625 0.0625 0.0625 0.625 0.625 1.25 1.25 1.25 1 1 1.9375 1.9375 1.9375 3.4375 3.4375 3.4375 3.4375 3.4375 2.4375 2.4375 1.3125 1.3125
 0 0 0 0 0 0 0 0 0 0 0 0 0 0 0 0 0 0 0 0 0 0 0 0 0 0 0 0 0 0 0 0 0 0 0 0 0 0 0 0 0 0 0 0 0 0 0 0 0 0 0 0 0 0 0 0 0 0 0 0 0 0 0 0 0 0 0 0 0 0 0 0 0 0 0 0 0 0 0 0 0 0 0 0 0 0 0 0 0 0 0 0 0 0 0 0 0 0 0 0 0 0 0 0 0 0 0 0 0 0 0 0 0 0 0 0 0 0 0 0 0 0 0.125 0.125 0.125 0.125 0.125 0 0 0 0.0625 0.0625 0.5625 0.5625 0.5625 0.9375 0.9375 0.6875 0.6875 0.6875 0.3125 0.3125 0.0625 0.0625 0.0625 0 0 0.0625 0.0625 0.0625 0.25 0.25 0.5625 0.5625 0.5625 1.0625 1.0625 2.625 2.625 2.625 2.875 2.875 2 2 2 1.625 1.625 0.875 0.875
 0 0 0 0 0 0 0 0 0 0 0 0 0 0 0 0 0 0 0 0 0 0 0 0 0 0 0 0 0 0 0 0 0 0 0 0 0 0 0 0 0 0 0 0 0 0 0 0 0 0 0 0 0 0 0 0 0 0 0 0 0 0 0 0 0 0 0 0 0 0 0 0 0 0 0 0 0 0 0 0 0 0 0 0 0 0 0 0 0 0 0 0 0 0 0 0 0 0 0 0 0 0 0 0 0 0 0 0 0 0 0 0 0 0 0 0 0 0 0 0 0 0 0.125 0.125 0.125 0.125 0.125 0 0 0 0.0625 0.0625 0.5625 0.5625 0.5625 0.9375 0.9375 0.6875 0.6875 0.6875 0.3125 0.3125 0.0625 0.0625 0.0625 0 0 0.0625 0.0625 0.0625 0.25 0.25 0.5625 0.5625 0.5625 1.0625 1.0625 2.625 2.625 2.625 2.875 2.875 2 2 2 1.625 1.625 0.875 0.875
 0 0 0 0 0 0 0 0 0 0 0 0 0 0 0 0 0 0 0 0 0 0 0 0 0 0 0 0 0 0 0 0 0 0 0 0 0 0 0 0 0 0 0 0 0 0 0 0 0 0 0 0 0 0 0 0 0 0 0 0 0 0 0 0 0 0 0 0 0 0 0 0 0 0 0 0 0 0 0 0 0 0 0 0 0 0 0 0 0 0 0 0 0 0 0 0 0 0 0 0 0 0 0 0 0 0 0 0 0 0 0 0 0 0 0 0 0 0 0 0 0 0 0.125 0.125 0.125 0.125 0.125 0 0 0 0.0625 0.0625 0.5625 0.5625 0.5625 0.9375 0.9375 0.6875 0.6875 0.6875 0.3125 0.3125 0.0625 0.0625 0.0625 0 0 0.0625 0.0625 0.0625 0.25 0.25 0.5625 0.5625 0.5625 1.0625 1.0625 2.625 2.625 2.625 2.875 2.875 2 2 2 1.625 1.625 0.875 0.875
 0 0 0 0 0 0 0 0 0 0 0 0 0 0 0 0 0 0 0 0 0 0 0 0 0 0 0 0 0 0 0 0 0 0 0 0 0 0 0 0 0 0 0 0 0 0 0 0 0 0 0 0 0 0 0 0 0 0 0 0 0 0 0 0 0 0 0 0 0 0 0 0 0 0 0 0 0 0 0 0 0 0 0 0 0 0 0 0 0 0 0 0 0 0 0 0 0 0 0 0 0 0 0 0 0 0 0 0 0 0 0 0 0 0 0 0 0 0 0 0 0 0 0.0625 0.0625 0.0625 0 0 0.0625 0.0625 0.0625 0.375 0.375 0.5625 0.5625 0.5625 0.3125 0.3125 0.25 0.25 0.25 0.0625 0.0625 0 0 0 0 0 0 0 0 0.0625 0.0625 0.3125 0.3125 0.3125 1.4375 1.4375 2.1875 2.1875 2.1875 1.75 1.75 1.125 1.125 1.125 0.8125 0.8125 0.25 0.25
 0 0 0 0 0 0 0 0 0 0 0 0 0 0 0 0 0 0 0 0 0 0 0 0 0 0 0 0 0 0 0 0 0 0 0 0 0 0 0 0 0 0 0 0 0 0 0 0 0 0 0 0 0 0 0 0 0 0 0 0 0 0 0 0 0 0 0 0 0 0 0 0 0 0 0 0 0 0 0 0 0 0 0 0 0 0 0 0 0 0 0 0 0 0 0 0 0 0 0 0 0 0 0 0 0 0 0 0 0 0 0 0 0 0 0 0 0 0 0 0 0 0 0.0625 0.0625 0.0625 0 0 0.0625 0.0625 0.0625 0.375 0.375 0.5625 0.5625 0.5625 0.3125 0.3125 0.25 0.25 0.25 0.0625 0.0625 0 0 0 0 0 0 0 0 0.0625 0.0625 0.3125 0.3125 0.3125 1.4375 1.4375 2.1875 2.1875 2.1875 1.75 1.75 1.125 1.125 1.125 0.8125 0.8125 0.25 0.25
 0 0 0 0 0 0 0 0 0 0 0 0 0 0 0 0 0 0 0 0 0 0 0 0 0 0 0 0 0 0 0 0 0 0 0 0 0 0 0 0 0 0 0 0 0 0 0 0 0 0 0 0 0 0 0 0 0 0 0 0 0 0 0 0 0 0 0 0 0 0 0 0 0 0 0 0 0 0 0 0 0 0 0 0 0 0 0 0 0 0 0 0 0 0 0 0 0 0 0 0 0 0 0 0 0 0 0 0 0 0 0 0 0 0 0 0 0 0 0 0 0 0 0 0 0 0 0 0.25 0.25 0.25 0.375 0.375 0.125 0.125 0.125 0.0625 0.0625 0.0625 0.0625 0.0625 0 0 0 0 0 0 0 0 0 0 0.0625 0.0625 0.4375 0.4375 0.4375 0.8125 0.8125 1.3125 1.3125 1.3125 1.0625 1.0625 0.625 0.625 0.625 0.25 0.25 0 0
 0 0 0 0 0 0 0 0 0 0 0 0 0 0 0 0 0 0 0 0 0 0 0 0 0 0 0 0 0 0 0 0 0 0 0 0 0 0 0 0 0 0 0 0 0 0 0 0 0 0 0 0 0 0 0 0 0 0 0 0 0 0 0 0 0 0 0 0 0 0 0 0 0 0 0 0 0 0 0 0 0 0 0 0 0 0 0 0 0 0 0 0 0 0 0 0 0 0 0 0 0 0 0 0 0 0 0 0 0 0 0 0 0 0 0 0 0 0 0 0 0 0 0 0 0 0 0 0.25 0.25 0.25 0.375 0.375 0.125 0.125 0.125 0.0625 0.0625 0.0625 0.0625 0.0625 0 0 0 0 0 0 0 0 0 0 0.0625 0.0625 0.4375 0.4375 0.4375 0.8125 0.8125 1.3125 1.3125 1.3125 1.0625 1.0625 0.625 0.625 0.625 0.25 0.25 0 0
 0 0 0 0 0 0 0 0 0 0 0 0 0 0 0 0 0 0 0 0 0 0 0 0 0 0 0 0 0 0 0 0 0 0 0 0 0 0 0 0 0 0 0 0 0 0 0 0 0 0 0 0 0 0 0 0 0 0 0 0 0 0 0 0 0 0 0 0 0 0 0 0 0 0 0 0 0 0 0 0 0 0 0 0 0 0 0 0 0 0 0 0 0 0 0 0 0 0 0 0 0 0 0 0 0 0 0 0 0 0 0 0 0 0 0 0 0 0 0 0 0 0 0 0 0 0 0 0.25 0.25 0.25 0.375 0.375 0.125 0.125 0.125 0.0625 0.0625 0.0625 0.0625 0.0625 0 0 0 0 0 0 0 0 0 0 0.0625 0.0625 0.4375 0.4375 0.4375 0.8125 0.8125 1.3125 1.3125 1.3125 1.0625 1.0625 0.625 0.625 0.625 0.25 0.25 0 0
 0 0 0 0 0 0 0 0 0 0 0 0 0 0 0 0 0 0 0 0 0 0 0 0 0 0 0 0 0 0 0 0 0 0 0 0 0 0 0 0 0 0 0 0 0 0 0 0 0 0 0 0 0 0 0 0 0 0 0 0 0 0 0 0 0 0 0 0 0 0 0 0 0 0 0 0 0 0 0 0 0 0 0 0 0 0 0 0 0 0 0 0 0 0 0 0 0 0 0 0 0 0 0 0 0 0 0 0 0 0 0 0 0 0 0 0 0 0 0 0 0 0 0 0 0 0.125 0.125 0.3125 0.3125 0.3125 0.0625 0.0625 0 0 0 0 0 0 0 0 0 0 0 0 0 0 0 0 0 0 0.1875 0.1875 0.375 0.375 0.375 0.5 0.5 0.9375 0.9375 0.9375 0.5625 0.5625 0.125 0.125 0.125 0 0 0 0
 0 0 0 0 0 0 0 0 0 0 0 0 0 0 0 0 0 0 0 0 0 0 0 0 0 0 0 0 0 0 0 0 0 0 0 0 0 0 0 0 0 0 0 0 0 0 0 0 0 0 0 0 0 0 0 0 0 0 0 0 0 0 0 0 0 0 0 0 0 0 0 0 0 0 0 0 0 0 0 0 0 0 0 0 0 0 0 0 0 0 0 0 0 0 0 0 0 0 0 0 0 0 0 0 0 0 0 0 0 0 0 0 0 0 0 0 0 0 0 0 0 0 0 0 0 0.125 0.125 0.3125 0.3125 0.3125 0.0625 0.0625 0 0 0 0 0 0 0 0 0 0 0 0 0 0 0 0 0 0 0.1875 0.1875 0.375 0.375 0.375 0.5 0.5 0.9375 0.9375 0.9375 0.5625 0.5625 0.125 0.125 0.125 0 0 0 0
 0 0 0 0 0 0 0 0 0 0 0 0 0 0 0 0 0 0 0 0 0 0 0 0 0 0 0 0 0 0 0 0 0 0 0 0 0 0 0 0 0 0 0 0 0 0 0 0 0 0 0 0 0 0 0 0 0 0 0 0 0 0 0 0 0 0 0 0 0 0 0 0 0 0 0 0 0 0 0 0 0 0 0 0 0 0 0 0 0 0 0 0 0 0 0 0 0 0 0 0 0 0 0 0 0 0 0 0 0 0 0 0 0 0 0 0 0 0 0 0 0 0 0 0 0 0 0 0 0 0 0 0 0 0 0 0 0 0 0 0 0 0 0 0 0 0 0 0 0 0 0.1875 0.1875 0.3125 0.3125 0.3125 0.3125 0.3125 0.3125 0.3125 0.3125 0.125 0.125 0 0 0 0 0 0 0
 0 0 0 0 0 0 0 0 0 0 0 0 0 0 0 0 0 0 0 0 0 0 0 0 0 0 0 0 0 0 0 0 0 0 0 0 0 0 0 0 0 0 0 0 0 0 0 0 0 0 0 0 0 0 0 0 0 0 0 0 0 0 0 0 0 0 0 0 0 0 0 0 0 0 0 0 0 0 0 0 0 0 0 0 0 0 0 0 0 0 0 0 0 0 0 0 0 0 0 0 0 0 0 0 0 0 0 0 0 0 0 0 0 0 0 0 0 0 0 0 0 0 0 0 0 0 0 0 0 0 0 0 0 0 0 0 0 0 0 0 0 0 0 0 0 0 0 0 0 0 0.1875 0.1875 0.3125 0.3125 0.3125 0.3125 0.3125 0.3125 0.3125 0.3125 0.125 0.125 0 0 0 0 0 0 0
