ncols        169
nrows        134
xllcorner    60.900000000000
yllcorner    23.700000000000
cellsize     0.100000000000
NODATA_value  -9999
 0.0 0 0 0 0 0 0 0 0 0 0 0 0 0 0 0 0 0 0 0 0 0 0 0 0 0 0 0 0 0 0 0 0 0 0 0 0 0 0 0 0 0 0.0625 0.0625 0.0625 0 0 0 0 0 0.0625 0.0625 0.0625 0.0625 0.0625 0 0 0 0 0 0 0 0 0 0 0 0 0 0 0 0 0 0 0 0 0 0 0 0 0 0 0 0 0 0 0 0 0.25 0.25 0.25 0.1875 0.1875 0.4375 0.4375 0.4375 0.4375 0.4375 0.4375 0.4375 0.4375 0.375 0.375 0.25 0.25 0.25 0.25 0.25 0.375 0.375 0.375 0.3125 0.3125 0.375 0.375 0.375 0.5625 0.5625 1.375 1.375 1.375 1.75 1.75 1.5625 1.5625 1.5625 2.75 2.75 2.9375 2.9375 2.9375 2.4375 2.4375 3.0625 3.0625 3.0625 2.625 2.625 2.875 2.875 2.875 3 3 2.5625 2.5625 2.5625 2.3125 2.3125 2.5625 2.5625 2.5625 2.0625 2.0625 1.5625 1.5625 1.5625 1.3125 1.3125 1.0625 1.0625 1.0625 1.0625 1.0625 1.4375 1.4375 1.4375 1.375 1.375 0.9375 0.9375
 0 0 0 0 0 0 0 0 0 0 0 0 0 0 0 0 0 0 0 0 0 0 0 0 0 0 0 0 0 0 0 0 0 0 0 0 0 0 0 0 0 0 0.0625 0.0625 0.0625 0 0 0 0 0 0.0625 0.0625 0.0625 0.0625 0.0625 0 0 0 0 0 0 0 0 0 0 0 0 0 0 0 0 0 0 0 0 0 0 0 0 0 0 0 0 0 0 0 0 0.25 0.25 0.25 0.1875 0.1875 0.4375 0.4375 0.4375 0.4375 0.4375 0.4375 0.4375 0.4375 0.375 0.375 0.25 0.25 0.25 0.25 0.25 0.375 0.375 0.375 0.3125 0.3125 0.375 0.375 0.375 0.5625 0.5625 1.375 1.375 1.375 1.75 1.75 1.5625 1.5625 1.5625 2.75 2.75 2.9375 2.9375 2.9375 2.4375 2.4375 3.0625 3.0625 3.0625 2.625 2.625 2.875 2.875 2.875 3 3 2.5625 2.5625 2.5625 2.3125 2.3125 2.5625 2.5625 2.5625 2.0625 2.0625 1.5625 1.5625 1.5625 1.3125 1.3125 1.0625 1.0625 1.0625 1.0625 1.0625 1.4375 1.4375 1.4375 1.375 1.375 0.9375 0.9375
 0 0 0 0 0 0 0 0 0 0 0 0 0 0 0 0 0 0 0 0 0 0 0 0 0 0 0 0 0 0 0 0 0 0 0 0 0 0 0 0 0 0 0 0 0 0 0 0 0 0 0.0625 0.0625 0.0625 0.0625 0.0625 0 0 0 0 0 0 0 0.125 0.125 0.125 0.1875 0.1875 0.0625 0.0625 0.0625 0.125 0.125 0.0625 0.0625 0.0625 0 0 0 0 0 0 0 0 0 0 0 0 0.0625 0.0625 0.0625 0.125 0.125 0.25 0.25 0.25 0.1875 0.1875 0.3125 0.3125 0.3125 0.5 0.5 0.25 0.25 0.25 0.3125 0.3125 0.5625 0.5625 0.5625 0.625 0.625 0.8125 0.8125 0.8125 0.625 0.625 0.8125 0.8125 0.8125 1.375 1.375 1.8125 1.8125 1.8125 3.0625 3.0625 2.1875 2.1875 2.1875 2.8125 2.8125 2.6875 2.6875 2.6875 1.625 1.625 3.625 3.625 3.625 3.8125 3.8125 3.3125 3.3125 3.3125 3.25 3.25 3.1875 3.1875 3.1875 2.25 2.25 1.0625 1.0625 1.0625 1.125 1.125 1.375 1.375 1.375 1.625 1.625 1.75 1.75 1.75 1.3125 1.3125 0.9375 0.9375
 0 0 0 0 0 0 0 0 0 0 0 0 0 0 0 0 0 0 0 0 0 0 0 0 0 0 0 0 0 0 0 0 0 0 0 0 0 0 0 0 0 0 0 0 0 0 0 0 0 0 0.0625 0.0625 0.0625 0.0625 0.0625 0 0 0 0 0 0 0 0.125 0.125 0.125 0.1875 0.1875 0.0625 0.0625 0.0625 0.125 0.125 0.0625 0.0625 0.0625 0 0 0 0 0 0 0 0 0 0 0 0 0.0625 0.0625 0.0625 0.125 0.125 0.25 0.25 0.25 0.1875 0.1875 0.3125 0.3125 0.3125 0.5 0.5 0.25 0.25 0.25 0.3125 0.3125 0.5625 0.5625 0.5625 0.625 0.625 0.8125 0.8125 0.8125 0.625 0.625 0.8125 0.8125 0.8125 1.375 1.375 1.8125 1.8125 1.8125 3.0625 3.0625 2.1875 2.1875 2.1875 2.8125 2.8125 2.6875 2.6875 2.6875 1.625 1.625 3.625 3.625 3.625 3.8125 3.8125 3.3125 3.3125 3.3125 3.25 3.25 3.1875 3.1875 3.1875 2.25 2.25 1.0625 1.0625 1.0625 1.125 1.125 1.375 1.375 1.375 1.625 1.625 1.75 1.75 1.75 1.3125 1.3125 0.9375 0.9375
 0 0 0 0 0 0 0 0 0 0 0 0 0 0 0 0 0 0 0 0 0 0 0 0 0 0 0 0 0 0 0 0 0 0 0 0 0 0 0 0 0 0 0 0 0 0 0 0 0 0 0.0625 0.0625 0.0625 0.0625 0.0625 0 0 0 0 0 0 0 0.125 0.125 0.125 0.1875 0.1875 0.0625 0.0625 0.0625 0.125 0.125 0.0625 0.0625 0.0625 0 0 0 0 0 0 0 0 0 0 0 0 0.0625 0.0625 0.0625 0.125 0.125 0.25 0.25 0.25 0.1875 0.1875 0.3125 0.3125 0.3125 0.5 0.5 0.25 0.25 0.25 0.3125 0.3125 0.5625 0.5625 0.5625 0.625 0.625 0.8125 0.8125 0.8125 0.625 0.625 0.8125 0.8125 0.8125 1.375 1.375 1.8125 1.8125 1.8125 3.0625 3.0625 2.1875 2.1875 2.1875 2.8125 2.8125 2.6875 2.6875 2.6875 1.625 1.625 3.625 3.625 3.625 3.8125 3.8125 3.3125 3.3125 3.3125 3.25 3.25 3.1875 3.1875 3.1875 2.25 2.25 1.0625 1.0625 1.0625 1.125 1.125 1.375 1.375 1.375 1.625 1.625 1.75 1.75 1.75 1.3125 1.3125 0.9375 0.9375
 0 0 0 0 0 0 0 0 0 0 0 0 0 0 0 0 0 0 0 0 0 0 0 0 0 0 0 0 0 0 0 0 0 0 0 0.0625 0.0625 0 0 0 0 0 0 0 0 0 0 0 0 0 0 0 0 0 0 0.0625 0.0625 0 0 0 0 0 0.1875 0.1875 0.1875 0.5 0.5 0.3125 0.3125 0.3125 0.4375 0.4375 0.1875 0.1875 0.1875 0 0 0 0 0 0 0 0.0625 0.0625 0.0625 0.1875 0.1875 0.1875 0.1875 0.1875 0.1875 0.1875 0.1875 0.1875 0.1875 0.1875 0.1875 0.3125 0.3125 0.3125 0.625 0.625 0.375 0.375 0.375 0.4375 0.4375 0.5 0.5 0.5 0.3125 0.3125 0.0625 0.0625 0.0625 0.25 0.25 0.9375 0.9375 0.9375 1.25 1.25 2.375 2.375 2.375 2.9375 2.9375 1.375 1.375 1.375 2.625 2.625 2.4375 2.4375 2.4375 1 1 2.6875 2.6875 2.6875 3.3125 3.3125 2.5 2.5 2.5 3.4375 3.4375 1.125 1.125 1.125 1.625 1.625 1.9375 1.9375 1.9375 1.9375 1.9375 2 2 2 1.75 1.75 1.75 1.75 1.75 1.125 1.125 1.1875 1.1875
 0 0 0 0 0 0 0 0 0 0 0 0 0 0 0 0 0 0 0 0 0 0 0 0 0 0 0 0 0 0 0 0 0 0 0 0.0625 0.0625 0 0 0 0 0 0 0 0 0 0 0 0 0 0 0 0 0 0 0.0625 0.0625 0 0 0 0 0 0.1875 0.1875 0.1875 0.5 0.5 0.3125 0.3125 0.3125 0.4375 0.4375 0.1875 0.1875 0.1875 0 0 0 0 0 0 0 0.0625 0.0625 0.0625 0.1875 0.1875 0.1875 0.1875 0.1875 0.1875 0.1875 0.1875 0.1875 0.1875 0.1875 0.1875 0.3125 0.3125 0.3125 0.625 0.625 0.375 0.375 0.375 0.4375 0.4375 0.5 0.5 0.5 0.3125 0.3125 0.0625 0.0625 0.0625 0.25 0.25 0.9375 0.9375 0.9375 1.25 1.25 2.375 2.375 2.375 2.9375 2.9375 1.375 1.375 1.375 2.625 2.625 2.4375 2.4375 2.4375 1 1 2.6875 2.6875 2.6875 3.3125 3.3125 2.5 2.5 2.5 3.4375 3.4375 1.125 1.125 1.125 1.625 1.625 1.9375 1.9375 1.9375 1.9375 1.9375 2 2 2 1.75 1.75 1.75 1.75 1.75 1.125 1.125 1.1875 1.1875
 0 0 0 0 0 0 0 0 0 0 0 0 0 0 0 0 0 0 0 0 0 0 0 0 0 0 0 0 0 0 0 0 0 0 0 0 0 0 0 0 0 0 0 0 0 0 0 0.0625 0.0625 0.0625 0.0625 0.0625 0.0625 0.0625 0.0625 0.125 0.125 0.0625 0.0625 0.0625 0 0 0.0625 0.0625 0.0625 0.25 0.25 0.3125 0.3125 0.3125 0.375 0.375 0.125 0.125 0.125 0 0 0 0 0 0.0625 0.0625 0.1875 0.1875 0.1875 0.25 0.25 0.3125 0.3125 0.3125 0.25 0.25 0.1875 0.1875 0.1875 0.125 0.125 0.25 0.25 0.25 0.5 0.5 0.5 0.5 0.5 0.25 0.25 0.0625 0.0625 0.0625 0 0 0.1875 0.1875 0.1875 1.125 1.125 1.625 1.625 1.625 1.5 1.5 3.0625 3.0625 3.0625 2.125 2.125 0.875 0.875 0.875 2.3125 2.3125 2.8125 2.8125 2.8125 2.875 2.875 2.5 2.5 2.5 3.125 3.125 2.8125 2.8125 2.8125 1.3125 1.3125 1.25 1.25 1.25 1.25 1.25 1.125 1.125 1.125 2.625 2.625 2.625 2.625 2.625 2.4375 2.4375 1.25 1.25 1.25 0.875 0.875 1.125 1.125
 0 0 0 0 0 0 0 0 0 0 0 0 0 0 0 0 0 0 0 0 0 0 0 0 0 0 0 0 0 0 0 0 0 0 0 0 0 0 0 0 0 0 0 0 0 0 0 0.0625 0.0625 0.0625 0.0625 0.0625 0.0625 0.0625 0.0625 0.125 0.125 0.0625 0.0625 0.0625 0 0 0.0625 0.0625 0.0625 0.25 0.25 0.3125 0.3125 0.3125 0.375 0.375 0.125 0.125 0.125 0 0 0 0 0 0.0625 0.0625 0.1875 0.1875 0.1875 0.25 0.25 0.3125 0.3125 0.3125 0.25 0.25 0.1875 0.1875 0.1875 0.125 0.125 0.25 0.25 0.25 0.5 0.5 0.5 0.5 0.5 0.25 0.25 0.0625 0.0625 0.0625 0 0 0.1875 0.1875 0.1875 1.125 1.125 1.625 1.625 1.625 1.5 1.5 3.0625 3.0625 3.0625 2.125 2.125 0.875 0.875 0.875 2.3125 2.3125 2.8125 2.8125 2.8125 2.875 2.875 2.5 2.5 2.5 3.125 3.125 2.8125 2.8125 2.8125 1.3125 1.3125 1.25 1.25 1.25 1.25 1.25 1.125 1.125 1.125 2.625 2.625 2.625 2.625 2.625 2.4375 2.4375 1.25 1.25 1.25 0.875 0.875 1.125 1.125
 0 0 0 0 0 0 0 0 0 0 0 0 0 0 0 0 0 0 0 0 0 0 0 0 0 0 0 0 0 0 0 0 0 0 0 0 0 0 0 0 0 0 0 0 0 0 0 0.0625 0.0625 0.0625 0.0625 0.0625 0.0625 0.0625 0.0625 0.125 0.125 0.0625 0.0625 0.0625 0 0 0.0625 0.0625 0.0625 0.25 0.25 0.3125 0.3125 0.3125 0.375 0.375 0.125 0.125 0.125 0 0 0 0 0 0.0625 0.0625 0.1875 0.1875 0.1875 0.25 0.25 0.3125 0.3125 0.3125 0.25 0.25 0.1875 0.1875 0.1875 0.125 0.125 0.25 0.25 0.25 0.5 0.5 0.5 0.5 0.5 0.25 0.25 0.0625 0.0625 0.0625 0 0 0.1875 0.1875 0.1875 1.125 1.125 1.625 1.625 1.625 1.5 1.5 3.0625 3.0625 3.0625 2.125 2.125 0.875 0.875 0.875 2.3125 2.3125 2.8125 2.8125 2.8125 2.875 2.875 2.5 2.5 2.5 3.125 3.125 2.8125 2.8125 2.8125 1.3125 1.3125 1.25 1.25 1.25 1.25 1.25 1.125 1.125 1.125 2.625 2.625 2.625 2.625 2.625 2.4375 2.4375 1.25 1.25 1.25 0.875 0.875 1.125 1.125
 0 0 0 0 0 0 0 0 0 0 0 0 0 0 0 0 0 0 0 0 0 0 0 0 0 0 0 0 0 0 0 0 0 0 0 0 0 0 0 0 0 0 0 0 0 0.0625 0.0625 0.125 0.125 0.125 0.1875 0.1875 0.375 0.375 0.375 0.1875 0.1875 0.0625 0.0625 0.0625 0.0625 0.0625 0.0625 0.0625 0.0625 0.25 0.25 0.3125 0.3125 0.3125 0.375 0.375 0.125 0.125 0.125 0.1875 0.1875 0.125 0.125 0.125 0.5 0.5 0.5 0.5 0.5 0.25 0.25 0.3125 0.3125 0.3125 0.1875 0.1875 0.125 0.125 0.125 0.25 0.25 0.5625 0.5625 0.5625 0.75 0.75 0.3125 0.3125 0.3125 0.375 0.375 0.125 0.125 0.125 0.25 0.25 1 1 1 2 2 2.4375 2.4375 2.4375 2.1875 2.1875 3.1875 3.1875 3.1875 1.5625 1.5625 1.1875 1.1875 1.1875 2.0625 2.0625 2.875 2.875 2.875 3.375 3.375 3.8125 3.8125 3.8125 3.8125 3.8125 3.5625 3.5625 3.5625 2.875 2.875 3.75 3.75 3.75 2.9375 2.9375 2.625 2.625 2.625 1.5625 1.5625 1.875 1.875 1.875 1.75 1.75 1.1875 1.1875 1.1875 1.8125 1.8125 0.75 0.75
 0 0 0 0 0 0 0 0 0 0 0 0 0 0 0 0 0 0 0 0 0 0 0 0 0 0 0 0 0 0 0 0 0 0 0 0 0 0 0 0 0 0 0 0 0 0.0625 0.0625 0.125 0.125 0.125 0.1875 0.1875 0.375 0.375 0.375 0.1875 0.1875 0.0625 0.0625 0.0625 0.0625 0.0625 0.0625 0.0625 0.0625 0.25 0.25 0.3125 0.3125 0.3125 0.375 0.375 0.125 0.125 0.125 0.1875 0.1875 0.125 0.125 0.125 0.5 0.5 0.5 0.5 0.5 0.25 0.25 0.3125 0.3125 0.3125 0.1875 0.1875 0.125 0.125 0.125 0.25 0.25 0.5625 0.5625 0.5625 0.75 0.75 0.3125 0.3125 0.3125 0.375 0.375 0.125 0.125 0.125 0.25 0.25 1 1 1 2 2 2.4375 2.4375 2.4375 2.1875 2.1875 3.1875 3.1875 3.1875 1.5625 1.5625 1.1875 1.1875 1.1875 2.0625 2.0625 2.875 2.875 2.875 3.375 3.375 3.8125 3.8125 3.8125 3.8125 3.8125 3.5625 3.5625 3.5625 2.875 2.875 3.75 3.75 3.75 2.9375 2.9375 2.625 2.625 2.625 1.5625 1.5625 1.875 1.875 1.875 1.75 1.75 1.1875 1.1875 1.1875 1.8125 1.8125 0.75 0.75
 0 0 0 0 0 0 0 0 0 0 0 0 0 0 0 0 0 0 0 0 0 0 0 0 0 0 0 0 0 0 0 0 0 0 0 0 0 0 0 0 0 0 0 0 0 0 0 0 0 0 0.0625 0.0625 0.125 0.125 0.125 0.0625 0.0625 0.0625 0.0625 0.0625 0.0625 0.0625 0.0625 0.0625 0.0625 0.125 0.125 0.25 0.25 0.25 0.125 0.125 0.125 0.125 0.125 0.125 0.125 0.1875 0.1875 0.1875 0.4375 0.4375 0.5 0.5 0.5 0.4375 0.4375 0.125 0.125 0.125 0 0 0 0 0 0.1875 0.1875 0.4375 0.4375 0.4375 0.4375 0.4375 0.125 0.125 0.125 0.1875 0.1875 0.0625 0.0625 0.0625 0.5 0.5 1.4375 1.4375 1.4375 2.3125 2.3125 2.875 2.875 2.875 3.375 3.375 3.8125 3.8125 3.8125 2.4375 2.4375 3.1875 3.1875 3.1875 4 4 4.0625 4.0625 4.0625 4 4 6.25 6.25 6.25 2.4375 2.4375 1.6875 1.6875 1.6875 3.625 3.625 2.8125 2.8125 2.8125 3.3125 3.3125 2.4375 2.4375 2.4375 1.625 1.625 1.6875 1.6875 1.6875 2.1875 2.1875 2.0625 2.0625 2.0625 1.6875 1.6875 0.875 0.875
 0 0 0 0 0 0 0 0 0 0 0 0 0 0 0 0 0 0 0 0 0 0 0 0 0 0 0 0 0 0 0 0 0 0 0 0 0 0 0 0 0 0 0 0 0 0 0 0 0 0 0.0625 0.0625 0.125 0.125 0.125 0.0625 0.0625 0.0625 0.0625 0.0625 0.0625 0.0625 0.0625 0.0625 0.0625 0.125 0.125 0.25 0.25 0.25 0.125 0.125 0.125 0.125 0.125 0.125 0.125 0.1875 0.1875 0.1875 0.4375 0.4375 0.5 0.5 0.5 0.4375 0.4375 0.125 0.125 0.125 0 0 0 0 0 0.1875 0.1875 0.4375 0.4375 0.4375 0.4375 0.4375 0.125 0.125 0.125 0.1875 0.1875 0.0625 0.0625 0.0625 0.5 0.5 1.4375 1.4375 1.4375 2.3125 2.3125 2.875 2.875 2.875 3.375 3.375 3.8125 3.8125 3.8125 2.4375 2.4375 3.1875 3.1875 3.1875 4 4 4.0625 4.0625 4.0625 4 4 6.25 6.25 6.25 2.4375 2.4375 1.6875 1.6875 1.6875 3.625 3.625 2.8125 2.8125 2.8125 3.3125 3.3125 2.4375 2.4375 2.4375 1.625 1.625 1.6875 1.6875 1.6875 2.1875 2.1875 2.0625 2.0625 2.0625 1.6875 1.6875 0.875 0.875
 0 0 0 0 0 0 0 0 0 0 0 0 0 0 0 0 0 0 0 0 0 0 0 0 0 0 0 0 0 0 0 0 0 0 0 0 0 0 0 0 0 0 0 0 0 0 0 0 0 0 0.0625 0.0625 0.125 0.125 0.125 0.0625 0.0625 0.0625 0.0625 0.0625 0.0625 0.0625 0.0625 0.0625 0.0625 0.125 0.125 0.25 0.25 0.25 0.125 0.125 0.125 0.125 0.125 0.125 0.125 0.1875 0.1875 0.1875 0.4375 0.4375 0.5 0.5 0.5 0.4375 0.4375 0.125 0.125 0.125 0 0 0 0 0 0.1875 0.1875 0.4375 0.4375 0.4375 0.4375 0.4375 0.125 0.125 0.125 0.1875 0.1875 0.0625 0.0625 0.0625 0.5 0.5 1.4375 1.4375 1.4375 2.3125 2.3125 2.875 2.875 2.875 3.375 3.375 3.8125 3.8125 3.8125 2.4375 2.4375 3.1875 3.1875 3.1875 4 4 4.0625 4.0625 4.0625 4 4 6.25 6.25 6.25 2.4375 2.4375 1.6875 1.6875 1.6875 3.625 3.625 2.8125 2.8125 2.8125 3.3125 3.3125 2.4375 2.4375 2.4375 1.625 1.625 1.6875 1.6875 1.6875 2.1875 2.1875 2.0625 2.0625 2.0625 1.6875 1.6875 0.875 0.875
 0 0 0 0 0 0 0 0 0 0 0 0 0 0 0 0 0 0 0 0 0 0 0 0 0 0 0 0 0 0 0 0 0 0 0 0 0 0 0 0 0 0 0 0 0 0 0 0 0 0 0 0 0 0 0 0.0625 0.0625 0.0625 0.0625 0.0625 0.0625 0.0625 0.0625 0.0625 0.0625 0.1875 0.1875 0.25 0.25 0.25 0.1875 0.1875 0.125 0.125 0.125 0.1875 0.1875 0.3125 0.3125 0.3125 0.4375 0.4375 0.375 0.375 0.375 0.25 0.25 0 0 0 0 0 0 0 0 0 0 0 0 0 0.0625 0.0625 0 0 0 0.0625 0.0625 0.1875 0.1875 0.1875 0.5 0.5 1.875 1.875 1.875 3.4375 3.4375 3.1875 3.1875 3.1875 3.5 3.5 4.3125 4.3125 4.3125 3.375 3.375 5.0625 5.0625 5.0625 5.1875 5.1875 3.875 3.875 3.875 3.75 3.75 4.6875 4.6875 4.6875 1.9375 1.9375 2.4375 2.4375 2.4375 2.0625 2.0625 2.375 2.375 2.375 3.625 3.625 1.875 1.875 1.875 1.6875 1.6875 2.5 2.5 2.5 2.9375 2.9375 2.3125 2.3125 2.3125 2.0625 2.0625 1.9375 1.9375
 0 0 0 0 0 0 0 0 0 0 0 0 0 0 0 0 0 0 0 0 0 0 0 0 0 0 0 0 0 0 0 0 0 0 0 0 0 0 0 0 0 0 0 0 0 0 0 0 0 0 0 0 0 0 0 0.0625 0.0625 0.0625 0.0625 0.0625 0.0625 0.0625 0.0625 0.0625 0.0625 0.1875 0.1875 0.25 0.25 0.25 0.1875 0.1875 0.125 0.125 0.125 0.1875 0.1875 0.3125 0.3125 0.3125 0.4375 0.4375 0.375 0.375 0.375 0.25 0.25 0 0 0 0 0 0 0 0 0 0 0 0 0 0.0625 0.0625 0 0 0 0.0625 0.0625 0.1875 0.1875 0.1875 0.5 0.5 1.875 1.875 1.875 3.4375 3.4375 3.1875 3.1875 3.1875 3.5 3.5 4.3125 4.3125 4.3125 3.375 3.375 5.0625 5.0625 5.0625 5.1875 5.1875 3.875 3.875 3.875 3.75 3.75 4.6875 4.6875 4.6875 1.9375 1.9375 2.4375 2.4375 2.4375 2.0625 2.0625 2.375 2.375 2.375 3.625 3.625 1.875 1.875 1.875 1.6875 1.6875 2.5 2.5 2.5 2.9375 2.9375 2.3125 2.3125 2.3125 2.0625 2.0625 1.9375 1.9375
 0 0 0 0 0 0 0 0 0 0 0 0 0 0 0 0 0 0 0 0 0 0 0 0 0 0 0 0 0 0 0 0 0 0 0 0 0 0 0 0 0 0 0 0 0 0 0 0.0625 0.0625 0.0625 0.0625 0.0625 0 0 0 0.0625 0.0625 0 0 0 0.0625 0.0625 0.125 0.125 0.125 0.1875 0.1875 0.3125 0.3125 0.3125 0.1875 0.1875 0.125 0.125 0.125 0.375 0.375 0.25 0.25 0.25 0.1875 0.1875 0.0625 0.0625 0.0625 0 0 0 0 0 0 0 0 0 0 0 0 0.0625 0.0625 0.0625 0.1875 0.1875 0.125 0.125 0.125 0.625 0.625 0.9375 0.9375 0.9375 0.9375 0.9375 4.625 4.625 4.625 5.6875 5.6875 5 5 5 3.75 3.75 5.875 5.875 5.875 5.1875 5.1875 5.4375 5.4375 5.4375 4.375 4.375 3.3125 3.3125 3.3125 3.6875 3.6875 2.875 2.875 2.875 5.0625 5.0625 4.625 4.625 4.625 2.125 2.125 3.3125 3.3125 3.3125 2.5 2.5 1.5 1.5 1.5 2.125 2.125 3.5 3.5 3.5 2.6875 2.6875 2.25 2.25 2.25 3.25 3.25 2.9375 2.9375
 0 0 0 0 0 0 0 0 0 0 0 0 0 0 0 0 0 0 0 0 0 0 0 0 0 0 0 0 0 0 0 0 0 0 0 0 0 0 0 0 0 0 0 0 0 0 0 0.0625 0.0625 0.0625 0.0625 0.0625 0 0 0 0.0625 0.0625 0 0 0 0.0625 0.0625 0.125 0.125 0.125 0.1875 0.1875 0.3125 0.3125 0.3125 0.1875 0.1875 0.125 0.125 0.125 0.375 0.375 0.25 0.25 0.25 0.1875 0.1875 0.0625 0.0625 0.0625 0 0 0 0 0 0 0 0 0 0 0 0 0.0625 0.0625 0.0625 0.1875 0.1875 0.125 0.125 0.125 0.625 0.625 0.9375 0.9375 0.9375 0.9375 0.9375 4.625 4.625 4.625 5.6875 5.6875 5 5 5 3.75 3.75 5.875 5.875 5.875 5.1875 5.1875 5.4375 5.4375 5.4375 4.375 4.375 3.3125 3.3125 3.3125 3.6875 3.6875 2.875 2.875 2.875 5.0625 5.0625 4.625 4.625 4.625 2.125 2.125 3.3125 3.3125 3.3125 2.5 2.5 1.5 1.5 1.5 2.125 2.125 3.5 3.5 3.5 2.6875 2.6875 2.25 2.25 2.25 3.25 3.25 2.9375 2.9375
 0 0 0 0 0 0 0 0 0 0 0 0 0 0 0 0 0 0 0 0 0 0 0 0 0 0 0 0 0 0 0 0 0 0 0 0 0 0 0 0 0 0 0 0 0 0 0 0.0625 0.0625 0.0625 0.0625 0.0625 0 0 0 0.0625 0.0625 0 0 0 0.0625 0.0625 0.125 0.125 0.125 0.1875 0.1875 0.3125 0.3125 0.3125 0.1875 0.1875 0.125 0.125 0.125 0.375 0.375 0.25 0.25 0.25 0.1875 0.1875 0.0625 0.0625 0.0625 0 0 0 0 0 0 0 0 0 0 0 0 0.0625 0.0625 0.0625 0.1875 0.1875 0.125 0.125 0.125 0.625 0.625 0.9375 0.9375 0.9375 0.9375 0.9375 4.625 4.625 4.625 5.6875 5.6875 5 5 5 3.75 3.75 5.875 5.875 5.875 5.1875 5.1875 5.4375 5.4375 5.4375 4.375 4.375 3.3125 3.3125 3.3125 3.6875 3.6875 2.875 2.875 2.875 5.0625 5.0625 4.625 4.625 4.625 2.125 2.125 3.3125 3.3125 3.3125 2.5 2.5 1.5 1.5 1.5 2.125 2.125 3.5 3.5 3.5 2.6875 2.6875 2.25 2.25 2.25 3.25 3.25 2.9375 2.9375
 0 0 0 0 0 0 0 0 0 0 0 0 0 0 0 0 0 0 0 0 0 0 0 0 0 0 0 0 0 0 0 0 0 0 0 0 0 0 0 0 0 0 0 0 0 0 0 0.0625 0.0625 0.0625 0 0 0.0625 0.0625 0.0625 0.0625 0.0625 0.0625 0.0625 0.0625 0.0625 0.0625 0.0625 0.0625 0.0625 0.125 0.125 0.1875 0.1875 0.1875 0.1875 0.1875 0.125 0.125 0.125 0.0625 0.0625 0 0 0 0 0 0 0 0 0 0 0 0 0 0 0 0 0 0 0 0 0.0625 0.0625 0.0625 0.1875 0.1875 0.3125 0.3125 0.3125 1.4375 1.4375 0.9375 0.9375 0.9375 1.5 1.5 4.8125 4.8125 4.8125 7.1875 7.1875 6.875 6.875 6.875 6.125 6.125 6.625 6.625 6.625 5.875 5.875 6.625 6.625 6.625 6.5 6.5 8.375 8.375 8.375 7.5625 7.5625 6.125 6.125 6.125 7.5625 7.5625 5.625 5.625 5.625 5.1875 5.1875 4.3125 4.3125 4.3125 1.9375 1.9375 2.1875 2.1875 2.1875 3.5 3.5 2.6875 2.6875 2.6875 2.125 2.125 1.9375 1.9375 1.9375 4.0625 4.0625 3.3125 3.3125
 0 0 0 0 0 0 0 0 0 0 0 0 0 0 0 0 0 0 0 0 0 0 0 0 0 0 0 0 0 0 0 0 0 0 0 0 0 0 0 0 0 0 0 0 0 0 0 0.0625 0.0625 0.0625 0 0 0.0625 0.0625 0.0625 0.0625 0.0625 0.0625 0.0625 0.0625 0.0625 0.0625 0.0625 0.0625 0.0625 0.125 0.125 0.1875 0.1875 0.1875 0.1875 0.1875 0.125 0.125 0.125 0.0625 0.0625 0 0 0 0 0 0 0 0 0 0 0 0 0 0 0 0 0 0 0 0 0.0625 0.0625 0.0625 0.1875 0.1875 0.3125 0.3125 0.3125 1.4375 1.4375 0.9375 0.9375 0.9375 1.5 1.5 4.8125 4.8125 4.8125 7.1875 7.1875 6.875 6.875 6.875 6.125 6.125 6.625 6.625 6.625 5.875 5.875 6.625 6.625 6.625 6.5 6.5 8.375 8.375 8.375 7.5625 7.5625 6.125 6.125 6.125 7.5625 7.5625 5.625 5.625 5.625 5.1875 5.1875 4.3125 4.3125 4.3125 1.9375 1.9375 2.1875 2.1875 2.1875 3.5 3.5 2.6875 2.6875 2.6875 2.125 2.125 1.9375 1.9375 1.9375 4.0625 4.0625 3.3125 3.3125
 0 0 0 0 0 0 0 0 0 0 0 0 0 0 0 0 0 0 0 0 0 0 0 0 0 0 0 0 0 0 0 0 0 0 0 0 0 0 0 0 0 0 0 0 0 0.0625 0.0625 0 0 0 0.0625 0.0625 0.0625 0.0625 0.0625 0.0625 0.0625 0.0625 0.0625 0.0625 0 0 0.0625 0.0625 0.0625 0.0625 0.0625 0 0 0 0.125 0.125 0.0625 0.0625 0.0625 0 0 0 0 0 0 0 0 0 0 0 0 0 0 0 0 0 0 0 0 0 0 0 0 0 0 0 0.125 0.125 0.125 0.5 0.5 0.6875 0.6875 0.6875 1.5 1.5 4.25 4.25 4.25 6.8125 6.8125 5.125 5.125 5.125 5.1875 5.1875 6.5625 6.5625 6.5625 7.75 7.75 8.0625 8.0625 8.0625 7.625 7.625 9.8125 9.8125 9.8125 10.25 10.25 10.875 10.875 10.875 10.875 10.875 8.75 8.75 8.75 7.5 7.5 4.375 4.375 4.375 2.5625 2.5625 4.9375 4.9375 4.9375 3.75 3.75 1.9375 1.9375 1.9375 2.3125 2.3125 2.25 2.25 2.25 3.8125 3.8125 3.375 3.375
 0 0 0 0 0 0 0 0 0 0 0 0 0 0 0 0 0 0 0 0 0 0 0 0 0 0 0 0 0 0 0 0 0 0 0 0 0 0 0 0 0 0 0 0 0 0.0625 0.0625 0 0 0 0.0625 0.0625 0.0625 0.0625 0.0625 0.0625 0.0625 0.0625 0.0625 0.0625 0 0 0.0625 0.0625 0.0625 0.0625 0.0625 0 0 0 0.125 0.125 0.0625 0.0625 0.0625 0 0 0 0 0 0 0 0 0 0 0 0 0 0 0 0 0 0 0 0 0 0 0 0 0 0 0 0.125 0.125 0.125 0.5 0.5 0.6875 0.6875 0.6875 1.5 1.5 4.25 4.25 4.25 6.8125 6.8125 5.125 5.125 5.125 5.1875 5.1875 6.5625 6.5625 6.5625 7.75 7.75 8.0625 8.0625 8.0625 7.625 7.625 9.8125 9.8125 9.8125 10.25 10.25 10.875 10.875 10.875 10.875 10.875 8.75 8.75 8.75 7.5 7.5 4.375 4.375 4.375 2.5625 2.5625 4.9375 4.9375 4.9375 3.75 3.75 1.9375 1.9375 1.9375 2.3125 2.3125 2.25 2.25 2.25 3.8125 3.8125 3.375 3.375
 0 0 0 0 0 0 0 0 0 0 0 0 0 0 0 0 0 0 0 0 0 0 0 0 0 0 0 0 0 0 0 0 0 0 0 0 0 0 0 0 0 0 0 0 0 0.0625 0.0625 0 0 0 0.0625 0.0625 0.0625 0.0625 0.0625 0.0625 0.0625 0.0625 0.0625 0.0625 0 0 0.0625 0.0625 0.0625 0.0625 0.0625 0 0 0 0.125 0.125 0.0625 0.0625 0.0625 0 0 0 0 0 0 0 0 0 0 0 0 0 0 0 0 0 0 0 0 0 0 0 0 0 0 0 0.125 0.125 0.125 0.5 0.5 0.6875 0.6875 0.6875 1.5 1.5 4.25 4.25 4.25 6.8125 6.8125 5.125 5.125 5.125 5.1875 5.1875 6.5625 6.5625 6.5625 7.75 7.75 8.0625 8.0625 8.0625 7.625 7.625 9.8125 9.8125 9.8125 10.25 10.25 10.875 10.875 10.875 10.875 10.875 8.75 8.75 8.75 7.5 7.5 4.375 4.375 4.375 2.5625 2.5625 4.9375 4.9375 4.9375 3.75 3.75 1.9375 1.9375 1.9375 2.3125 2.3125 2.25 2.25 2.25 3.8125 3.8125 3.375 3.375
 0 0 0 0 0 0 0 0 0 0 0 0 0 0 0 0 0 0 0 0 0 0 0 0 0 0 0 0 0 0 0 0 0 0 0 0 0 0 0 0 0 0 0 0 0 0 0 0.0625 0.0625 0.0625 0.0625 0.0625 0.0625 0.0625 0.0625 0.0625 0.0625 0.0625 0.0625 0.0625 0 0 0 0 0 0 0 0 0 0 0 0 0 0 0 0 0 0 0 0 0 0 0 0 0 0 0 0 0 0 0 0 0 0 0 0 0 0 0 0 0 0 0 0 0 0.0625 0.0625 0.5625 0.5625 0.5625 1.5 1.5 3.125 3.125 3.125 3.125 3.125 4.0625 4.0625 4.0625 4.5625 4.5625 4.3125 4.3125 4.3125 6.8125 6.8125 9.5 9.5 9.5 9.0625 9.0625 9 9 9 14.1875 14.1875 16.375 16.375 16.375 13 13 10.8125 10.8125 10.8125 8.875 8.875 5.1875 5.1875 5.1875 3.5 3.5 4.625 4.625 4.625 3.9375 3.9375 4.375 4.375 4.375 3 3 2.8125 2.8125 2.8125 2.5625 2.5625 2.8125 2.8125
 0 0 0 0 0 0 0 0 0 0 0 0 0 0 0 0 0 0 0 0 0 0 0 0 0 0 0 0 0 0 0 0 0 0 0 0 0 0 0 0 0 0 0 0 0 0 0 0.0625 0.0625 0.0625 0.0625 0.0625 0.0625 0.0625 0.0625 0.0625 0.0625 0.0625 0.0625 0.0625 0 0 0 0 0 0 0 0 0 0 0 0 0 0 0 0 0 0 0 0 0 0 0 0 0 0 0 0 0 0 0 0 0 0 0 0 0 0 0 0 0 0 0 0 0 0.0625 0.0625 0.5625 0.5625 0.5625 1.5 1.5 3.125 3.125 3.125 3.125 3.125 4.0625 4.0625 4.0625 4.5625 4.5625 4.3125 4.3125 4.3125 6.8125 6.8125 9.5 9.5 9.5 9.0625 9.0625 9 9 9 14.1875 14.1875 16.375 16.375 16.375 13 13 10.8125 10.8125 10.8125 8.875 8.875 5.1875 5.1875 5.1875 3.5 3.5 4.625 4.625 4.625 3.9375 3.9375 4.375 4.375 4.375 3 3 2.8125 2.8125 2.8125 2.5625 2.5625 2.8125 2.8125
 0 0 0 0 0 0 0 0 0 0 0 0 0 0 0 0 0 0 0 0 0 0 0 0 0 0 0 0 0 0 0 0 0 0 0 0 0 0 0 0 0 0 0 0 0 0 0 0 0 0 0 0 0 0 0 0 0 0 0 0 0 0 0 0 0 0.0625 0.0625 0.0625 0.0625 0.0625 0 0 0 0 0 0 0 0 0 0 0 0 0 0 0 0 0 0 0 0 0 0 0 0 0 0 0 0 0 0 0 0 0 0 0 0 0 0.1875 0.1875 0.1875 0.8125 0.8125 1.3125 1.3125 1.3125 1.625 1.625 3.25 3.25 3.25 4.0625 4.0625 5.1875 5.1875 5.1875 7.6875 7.6875 12.3125 12.3125 12.3125 12.625 12.625 9.25 9.25 9.25 12.25 12.25 15.125 15.125 15.125 12.9375 12.9375 10.9375 10.9375 10.9375 11.5625 11.5625 9.0625 9.0625 9.0625 6.375 6.375 5.3125 5.3125 5.3125 3.875 3.875 3.5625 3.5625 3.5625 3.9375 3.9375 3.9375 3.9375 3.9375 2.875 2.875 2.6875 2.6875
 0 0 0 0 0 0 0 0 0 0 0 0 0 0 0 0 0 0 0 0 0 0 0 0 0 0 0 0 0 0 0 0 0 0 0 0 0 0 0 0 0 0 0 0 0 0 0 0 0 0 0 0 0 0 0 0 0 0 0 0 0 0 0 0 0 0.0625 0.0625 0.0625 0.0625 0.0625 0 0 0 0 0 0 0 0 0 0 0 0 0 0 0 0 0 0 0 0 0 0 0 0 0 0 0 0 0 0 0 0 0 0 0 0 0 0.1875 0.1875 0.1875 0.8125 0.8125 1.3125 1.3125 1.3125 1.625 1.625 3.25 3.25 3.25 4.0625 4.0625 5.1875 5.1875 5.1875 7.6875 7.6875 12.3125 12.3125 12.3125 12.625 12.625 9.25 9.25 9.25 12.25 12.25 15.125 15.125 15.125 12.9375 12.9375 10.9375 10.9375 10.9375 11.5625 11.5625 9.0625 9.0625 9.0625 6.375 6.375 5.3125 5.3125 5.3125 3.875 3.875 3.5625 3.5625 3.5625 3.9375 3.9375 3.9375 3.9375 3.9375 2.875 2.875 2.6875 2.6875
 0 0 0 0 0 0 0 0 0 0 0 0 0 0 0 0 0 0 0 0 0 0 0 0 0 0 0 0 0 0 0 0 0 0 0 0 0 0 0 0 0 0 0 0 0 0 0 0 0 0 0 0 0 0 0 0 0 0 0 0 0 0 0 0 0 0.0625 0.0625 0.0625 0.0625 0.0625 0 0 0 0 0 0 0 0 0 0 0 0 0 0 0 0 0 0 0 0 0 0 0 0 0 0 0 0 0 0 0 0 0 0 0 0 0 0.1875 0.1875 0.1875 0.8125 0.8125 1.3125 1.3125 1.3125 1.625 1.625 3.25 3.25 3.25 4.0625 4.0625 5.1875 5.1875 5.1875 7.6875 7.6875 12.3125 12.3125 12.3125 12.625 12.625 9.25 9.25 9.25 12.25 12.25 15.125 15.125 15.125 12.9375 12.9375 10.9375 10.9375 10.9375 11.5625 11.5625 9.0625 9.0625 9.0625 6.375 6.375 5.3125 5.3125 5.3125 3.875 3.875 3.5625 3.5625 3.5625 3.9375 3.9375 3.9375 3.9375 3.9375 2.875 2.875 2.6875 2.6875
 0 0 0 0 0 0 0 0 0 0 0 0 0 0 0 0 0 0 0 0 0 0 0 0 0 0 0 0 0 0 0 0 0 0 0 0 0 0 0 0 0 0 0 0 0 0 0 0 0 0 0 0 0 0 0 0 0 0 0 0 0 0 0.125 0.125 0.125 0.1875 0.1875 0.0625 0.0625 0.0625 0 0 0 0 0 0 0 0 0 0 0 0 0 0 0 0 0 0 0 0 0 0 0.0625 0.0625 0.0625 0.125 0.125 0.0625 0.0625 0.0625 0 0 0 0 0 0 0 0 0 0 0.25 0.25 0.625 0.625 0.625 0.9375 0.9375 1.875 1.875 1.875 3.9375 3.9375 6.5625 6.5625 6.5625 10.125 10.125 15.0625 15.0625 15.0625 18.75 18.75 14.3125 14.3125 14.3125 9.9375 9.9375 10.0625 10.0625 10.0625 10.875 10.875 10.375 10.375 10.375 13.9375 13.9375 14.25 14.25 14.25 10.375 10.375 7.1875 7.1875 7.1875 5 5 3.4375 3.4375 3.4375 3.5 3.5 4.0625 4.0625 4.0625 3.9375 3.9375 3.0625 3.0625
 0 0 0 0 0 0 0 0 0 0 0 0 0 0 0 0 0 0 0 0 0 0 0 0 0 0 0 0 0 0 0 0 0 0 0 0 0 0 0 0 0 0 0 0 0 0 0 0 0 0 0 0 0 0 0 0 0 0 0 0 0 0 0.125 0.125 0.125 0.1875 0.1875 0.0625 0.0625 0.0625 0 0 0 0 0 0 0 0 0 0 0 0 0 0 0 0 0 0 0 0 0 0 0.0625 0.0625 0.0625 0.125 0.125 0.0625 0.0625 0.0625 0 0 0 0 0 0 0 0 0 0 0.25 0.25 0.625 0.625 0.625 0.9375 0.9375 1.875 1.875 1.875 3.9375 3.9375 6.5625 6.5625 6.5625 10.125 10.125 15.0625 15.0625 15.0625 18.75 18.75 14.3125 14.3125 14.3125 9.9375 9.9375 10.0625 10.0625 10.0625 10.875 10.875 10.375 10.375 10.375 13.9375 13.9375 14.25 14.25 14.25 10.375 10.375 7.1875 7.1875 7.1875 5 5 3.4375 3.4375 3.4375 3.5 3.5 4.0625 4.0625 4.0625 3.9375 3.9375 3.0625 3.0625
 0 0 0 0 0 0 0 0 0 0 0 0 0 0 0 0 0 0 0 0 0 0 0 0 0 0 0 0 0 0 0 0 0 0 0 0 0 0 0 0 0 0 0 0 0 0 0 0 0 0 0 0 0 0 0 0 0 0 0 0 0.0625 0.0625 0.125 0.125 0.125 0.0625 0.0625 0 0 0 0 0 0 0 0 0 0 0 0 0 0.0625 0.0625 0.1875 0.1875 0.1875 0.125 0.125 0 0 0 0 0 0.4375 0.4375 0.4375 0.75 0.75 0.5 0.5 0.5 0.5625 0.5625 0.125 0.125 0.125 0 0 0 0 0 0.125 0.125 0.1875 0.1875 0.1875 0.5625 0.5625 0.75 0.75 0.75 1.9375 1.9375 5.375 5.375 5.375 10.875 10.875 19 19 19 23.6875 23.6875 24.0625 24.0625 24.0625 13.8125 13.8125 10.6875 10.6875 10.6875 13.25 13.25 13.3125 13.3125 13.3125 17.125 17.125 17.875 17.875 17.875 15.125 15.125 10.6875 10.6875 10.6875 6.875 6.875 3.9375 3.9375 3.9375 3.875 3.875 4.0625 4.0625 4.0625 4.0625 4.0625 2.5 2.5
 0 0 0 0 0 0 0 0 0 0 0 0 0 0 0 0 0 0 0 0 0 0 0 0 0 0 0 0 0 0 0 0 0 0 0 0 0 0 0 0 0 0 0 0 0 0 0 0 0 0 0 0 0 0 0 0 0 0 0 0 0.0625 0.0625 0.125 0.125 0.125 0.0625 0.0625 0 0 0 0 0 0 0 0 0 0 0 0 0 0.0625 0.0625 0.1875 0.1875 0.1875 0.125 0.125 0 0 0 0 0 0.4375 0.4375 0.4375 0.75 0.75 0.5 0.5 0.5 0.5625 0.5625 0.125 0.125 0.125 0 0 0 0 0 0.125 0.125 0.1875 0.1875 0.1875 0.5625 0.5625 0.75 0.75 0.75 1.9375 1.9375 5.375 5.375 5.375 10.875 10.875 19 19 19 23.6875 23.6875 24.0625 24.0625 24.0625 13.8125 13.8125 10.6875 10.6875 10.6875 13.25 13.25 13.3125 13.3125 13.3125 17.125 17.125 17.875 17.875 17.875 15.125 15.125 10.6875 10.6875 10.6875 6.875 6.875 3.9375 3.9375 3.9375 3.875 3.875 4.0625 4.0625 4.0625 4.0625 4.0625 2.5 2.5
 0 0 0 0 0 0 0 0 0 0 0 0 0 0 0 0 0 0 0 0 0 0 0 0 0 0 0 0 0 0 0 0 0 0 0 0 0 0 0 0 0 0 0 0 0 0 0 0 0 0 0 0 0 0 0 0 0 0 0 0 0.0625 0.0625 0.125 0.125 0.125 0.0625 0.0625 0 0 0 0 0 0 0 0 0 0 0 0 0 0.0625 0.0625 0.1875 0.1875 0.1875 0.125 0.125 0 0 0 0 0 0.4375 0.4375 0.4375 0.75 0.75 0.5 0.5 0.5 0.5625 0.5625 0.125 0.125 0.125 0 0 0 0 0 0.125 0.125 0.1875 0.1875 0.1875 0.5625 0.5625 0.75 0.75 0.75 1.9375 1.9375 5.375 5.375 5.375 10.875 10.875 19 19 19 23.6875 23.6875 24.0625 24.0625 24.0625 13.8125 13.8125 10.6875 10.6875 10.6875 13.25 13.25 13.3125 13.3125 13.3125 17.125 17.125 17.875 17.875 17.875 15.125 15.125 10.6875 10.6875 10.6875 6.875 6.875 3.9375 3.9375 3.9375 3.875 3.875 4.0625 4.0625 4.0625 4.0625 4.0625 2.5 2.5
 0 0 0 0 0 0 0 0 0 0 0 0 0 0 0 0 0 0 0 0 0 0 0 0 0 0 0 0 0 0 0 0 0 0 0 0 0 0 0 0 0 0 0 0 0 0 0 0 0 0 0 0 0 0 0 0 0 0.0625 0.0625 0.0625 0 0 0 0 0 0 0 0 0 0 0 0 0 0 0 0.0625 0.0625 0.125 0.125 0.125 0.375 0.375 0.3125 0.3125 0.3125 0.0625 0.0625 0 0 0 0 0 0.125 0.125 0.125 0.5 0.5 0.875 0.875 0.875 1.5 1.5 0.75 0.75 0.75 0.0625 0.0625 0 0 0 0 0 0.0625 0.0625 0.0625 0.1875 0.1875 0.25 0.25 0.25 0.5 0.5 2.125 2.125 2.125 6.5 6.5 17.5 17.5 17.5 24.5 24.5 30.4375 30.4375 30.4375 25.1875 25.1875 23.9375 23.9375 23.9375 20.9375 20.9375 20.8125 20.8125 20.8125 23.0625 23.0625 21.625 21.625 21.625 17 17 14.3125 14.3125 14.3125 11.375 11.375 5 5 5 4.8125 4.8125 6.125 6.125 6.125 5.25 5.25 3 3
 0 0 0 0 0 0 0 0 0 0 0 0 0 0 0 0 0 0 0 0 0 0 0 0 0 0 0 0 0 0 0 0 0 0 0 0 0 0 0 0 0 0 0 0 0 0 0 0 0 0 0 0 0 0 0 0 0 0.0625 0.0625 0.0625 0 0 0 0 0 0 0 0 0 0 0 0 0 0 0 0.0625 0.0625 0.125 0.125 0.125 0.375 0.375 0.3125 0.3125 0.3125 0.0625 0.0625 0 0 0 0 0 0.125 0.125 0.125 0.5 0.5 0.875 0.875 0.875 1.5 1.5 0.75 0.75 0.75 0.0625 0.0625 0 0 0 0 0 0.0625 0.0625 0.0625 0.1875 0.1875 0.25 0.25 0.25 0.5 0.5 2.125 2.125 2.125 6.5 6.5 17.5 17.5 17.5 24.5 24.5 30.4375 30.4375 30.4375 25.1875 25.1875 23.9375 23.9375 23.9375 20.9375 20.9375 20.8125 20.8125 20.8125 23.0625 23.0625 21.625 21.625 21.625 17 17 14.3125 14.3125 14.3125 11.375 11.375 5 5 5 4.8125 4.8125 6.125 6.125 6.125 5.25 5.25 3 3
 0 0 0 0 0 0 0 0 0 0 0 0 0 0 0 0 0 0 0 0 0 0 0 0 0 0 0 0 0 0 0 0 0 0 0 0 0 0 0 0 0 0 0 0 0 0.0625 0.0625 0 0 0 0 0 0.0625 0.0625 0.0625 0 0 0.125 0.125 0.125 0.125 0.125 0 0 0 0 0 0 0 0 0 0 0 0 0 0.0625 0.0625 0.125 0.125 0.125 0.25 0.25 0.125 0.125 0.125 0 0 0 0 0 0 0 0 0 0 0.0625 0.0625 0.125 0.125 0.125 0.1875 0.1875 0.1875 0.1875 0.1875 0.0625 0.0625 0 0 0 0 0 0.0625 0.0625 0.0625 0.0625 0.0625 0.0625 0.0625 0.0625 0.3125 0.3125 0.9375 0.9375 0.9375 2.5625 2.5625 9.8125 9.8125 9.8125 18.5625 18.5625 27.75 27.75 27.75 33.75 33.75 35.4375 35.4375 35.4375 30.875 30.875 28.625 28.625 28.625 28.9375 28.9375 24.0625 24.0625 24.0625 20.5 20.5 15.9375 15.9375 15.9375 14.0625 14.0625 9.5625 9.5625 9.5625 7.9375 7.9375 9.1875 9.1875 9.1875 6.1875 6.1875 4 4
 0 0 0 0 0 0 0 0 0 0 0 0 0 0 0 0 0 0 0 0 0 0 0 0 0 0 0 0 0 0 0 0 0 0 0 0 0 0 0 0 0 0 0 0 0 0.0625 0.0625 0 0 0 0 0 0.0625 0.0625 0.0625 0 0 0.125 0.125 0.125 0.125 0.125 0 0 0 0 0 0 0 0 0 0 0 0 0 0.0625 0.0625 0.125 0.125 0.125 0.25 0.25 0.125 0.125 0.125 0 0 0 0 0 0 0 0 0 0 0.0625 0.0625 0.125 0.125 0.125 0.1875 0.1875 0.1875 0.1875 0.1875 0.0625 0.0625 0 0 0 0 0 0.0625 0.0625 0.0625 0.0625 0.0625 0.0625 0.0625 0.0625 0.3125 0.3125 0.9375 0.9375 0.9375 2.5625 2.5625 9.8125 9.8125 9.8125 18.5625 18.5625 27.75 27.75 27.75 33.75 33.75 35.4375 35.4375 35.4375 30.875 30.875 28.625 28.625 28.625 28.9375 28.9375 24.0625 24.0625 24.0625 20.5 20.5 15.9375 15.9375 15.9375 14.0625 14.0625 9.5625 9.5625 9.5625 7.9375 7.9375 9.1875 9.1875 9.1875 6.1875 6.1875 4 4
 0 0 0 0 0 0 0 0 0 0 0 0 0 0 0 0 0 0 0 0 0 0 0 0 0 0 0 0 0 0 0 0 0 0 0 0 0 0 0 0 0 0 0 0 0 0.0625 0.0625 0 0 0 0 0 0.0625 0.0625 0.0625 0 0 0.125 0.125 0.125 0.125 0.125 0 0 0 0 0 0 0 0 0 0 0 0 0 0.0625 0.0625 0.125 0.125 0.125 0.25 0.25 0.125 0.125 0.125 0 0 0 0 0 0 0 0 0 0 0.0625 0.0625 0.125 0.125 0.125 0.1875 0.1875 0.1875 0.1875 0.1875 0.0625 0.0625 0 0 0 0 0 0.0625 0.0625 0.0625 0.0625 0.0625 0.0625 0.0625 0.0625 0.3125 0.3125 0.9375 0.9375 0.9375 2.5625 2.5625 9.8125 9.8125 9.8125 18.5625 18.5625 27.75 27.75 27.75 33.75 33.75 35.4375 35.4375 35.4375 30.875 30.875 28.625 28.625 28.625 28.9375 28.9375 24.0625 24.0625 24.0625 20.5 20.5 15.9375 15.9375 15.9375 14.0625 14.0625 9.5625 9.5625 9.5625 7.9375 7.9375 9.1875 9.1875 9.1875 6.1875 6.1875 4 4
 0 0 0 0 0 0 0 0 0 0 0 0 0 0 0 0 0 0 0 0 0 0 0 0 0 0 0 0 0 0 0 0 0 0 0 0 0 0 0 0 0.0625 0.0625 0.0625 0.0625 0.0625 0.1875 0.1875 0.125 0.125 0.125 0.1875 0.1875 0.375 0.375 0.375 0.3125 0.3125 0.3125 0.3125 0.3125 0.1875 0.1875 0 0 0 0 0 0 0 0 0 0 0.0625 0.0625 0.0625 0.1875 0.1875 0.1875 0.1875 0.1875 0.125 0.125 0 0 0 0 0 0 0 0 0 0 0 0 0 0 0 0 0 0 0.0625 0.0625 0.0625 0.0625 0.0625 0.0625 0.0625 0 0 0 0 0 0 0 0 0 0 0 0 0 0.25 0.25 0.375 0.375 0.375 0.75 0.75 3.875 3.875 3.875 12.4375 12.4375 19.1875 19.1875 19.1875 28.9375 28.9375 40.125 40.125 40.125 37.0625 37.0625 30.3125 30.3125 30.3125 31.875 31.875 32.6875 32.6875 32.6875 31.875 31.875 24.125 24.125 24.125 17.4375 17.4375 14.75 14.75 14.75 13.9375 13.9375 13.375 13.375 13.375 8.5 8.5 6.6875 6.6875
 0 0 0 0 0 0 0 0 0 0 0 0 0 0 0 0 0 0 0 0 0 0 0 0 0 0 0 0 0 0 0 0 0 0 0 0 0 0 0 0 0.0625 0.0625 0.0625 0.0625 0.0625 0.1875 0.1875 0.125 0.125 0.125 0.1875 0.1875 0.375 0.375 0.375 0.3125 0.3125 0.3125 0.3125 0.3125 0.1875 0.1875 0 0 0 0 0 0 0 0 0 0 0.0625 0.0625 0.0625 0.1875 0.1875 0.1875 0.1875 0.1875 0.125 0.125 0 0 0 0 0 0 0 0 0 0 0 0 0 0 0 0 0 0 0.0625 0.0625 0.0625 0.0625 0.0625 0.0625 0.0625 0 0 0 0 0 0 0 0 0 0 0 0 0 0.25 0.25 0.375 0.375 0.375 0.75 0.75 3.875 3.875 3.875 12.4375 12.4375 19.1875 19.1875 19.1875 28.9375 28.9375 40.125 40.125 40.125 37.0625 37.0625 30.3125 30.3125 30.3125 31.875 31.875 32.6875 32.6875 32.6875 31.875 31.875 24.125 24.125 24.125 17.4375 17.4375 14.75 14.75 14.75 13.9375 13.9375 13.375 13.375 13.375 8.5 8.5 6.6875 6.6875
 0 0 0 0 0 0 0 0 0 0 0 0 0 0 0 0 0 0 0 0 0 0 0 0 0 0 0 0 0 0 0 0 0 0 0 0 0 0 0 0 0.0625 0.0625 0.0625 0.0625 0.0625 0.125 0.125 0.1875 0.1875 0.1875 0.375 0.375 0.5625 0.5625 0.5625 0.3125 0.3125 0.0625 0.0625 0.0625 0 0 0.0625 0.0625 0.0625 0.0625 0.0625 0 0 0 0 0 0.125 0.125 0.125 0.3125 0.3125 0.25 0.25 0.25 0 0 0 0 0 0 0 0 0 0 0 0 0 0 0 0 0 0 0 0 0 0 0 0 0 0 0 0 0 0 0 0 0 0 0 0 0 0 0 0 0.125 0.125 0.125 0.125 0.125 0.3125 0.3125 2 2 2 7.75 7.75 13 13 13 16.125 16.125 25.9375 25.9375 25.9375 31.4375 31.4375 32.875 32.875 32.875 39 39 42.8125 42.8125 42.8125 42.625 42.625 29.3125 29.3125 29.3125 20.875 20.875 18 18 18 18.875 18.875 18.4375 18.4375 18.4375 13.6875 13.6875 10.3125 10.3125
 0 0 0 0 0 0 0 0 0 0 0 0 0 0 0 0 0 0 0 0 0 0 0 0 0 0 0 0 0 0 0 0 0 0 0 0 0 0 0 0 0.0625 0.0625 0.0625 0.0625 0.0625 0.125 0.125 0.1875 0.1875 0.1875 0.375 0.375 0.5625 0.5625 0.5625 0.3125 0.3125 0.0625 0.0625 0.0625 0 0 0.0625 0.0625 0.0625 0.0625 0.0625 0 0 0 0 0 0.125 0.125 0.125 0.3125 0.3125 0.25 0.25 0.25 0 0 0 0 0 0 0 0 0 0 0 0 0 0 0 0 0 0 0 0 0 0 0 0 0 0 0 0 0 0 0 0 0 0 0 0 0 0 0 0 0.125 0.125 0.125 0.125 0.125 0.3125 0.3125 2 2 2 7.75 7.75 13 13 13 16.125 16.125 25.9375 25.9375 25.9375 31.4375 31.4375 32.875 32.875 32.875 39 39 42.8125 42.8125 42.8125 42.625 42.625 29.3125 29.3125 29.3125 20.875 20.875 18 18 18 18.875 18.875 18.4375 18.4375 18.4375 13.6875 13.6875 10.3125 10.3125
 0 0 0 0 0 0 0 0 0 0 0 0 0 0 0 0 0 0 0 0 0 0 0 0 0 0 0 0 0 0 0 0 0 0 0 0 0 0 0 0 0.0625 0.0625 0.0625 0.0625 0.0625 0.125 0.125 0.1875 0.1875 0.1875 0.375 0.375 0.5625 0.5625 0.5625 0.3125 0.3125 0.0625 0.0625 0.0625 0 0 0.0625 0.0625 0.0625 0.0625 0.0625 0 0 0 0 0 0.125 0.125 0.125 0.3125 0.3125 0.25 0.25 0.25 0 0 0 0 0 0 0 0 0 0 0 0 0 0 0 0 0 0 0 0 0 0 0 0 0 0 0 0 0 0 0 0 0 0 0 0 0 0 0 0 0.125 0.125 0.125 0.125 0.125 0.3125 0.3125 2 2 2 7.75 7.75 13 13 13 16.125 16.125 25.9375 25.9375 25.9375 31.4375 31.4375 32.875 32.875 32.875 39 39 42.8125 42.8125 42.8125 42.625 42.625 29.3125 29.3125 29.3125 20.875 20.875 18 18 18 18.875 18.875 18.4375 18.4375 18.4375 13.6875 13.6875 10.3125 10.3125
 0 0 0 0 0 0 0 0 0 0 0 0 0 0 0 0 0 0 0 0 0 0 0 0 0 0 0 0 0 0 0.0625 0.0625 0.0625 0.0625 0.0625 0 0 0.0625 0.0625 0.0625 0.125 0.125 0.125 0.125 0.125 0.1875 0.1875 0.125 0.125 0.125 0.25 0.25 0.1875 0.1875 0.1875 0 0 0.125 0.125 0.125 0.25 0.25 0.375 0.375 0.375 0.375 0.375 0.125 0.125 0.125 0 0 0.0625 0.0625 0.0625 0.1875 0.1875 0.125 0.125 0.125 0 0 0 0 0 0 0 0 0 0 0 0 0 0 0 0 0 0 0 0 0 0 0 0 0 0 0 0 0 0 0 0 0 0 0 0 0 0.0625 0.0625 0.0625 0.1875 0.1875 0.0625 0.0625 0.0625 0.125 0.125 1.125 1.125 1.125 5.625 5.625 10.4375 10.4375 10.4375 11.75 11.75 16.3125 16.3125 16.3125 19.4375 19.4375 28.25 28.25 28.25 40.1875 40.1875 38.625 38.625 38.625 39.4375 39.4375 36.6875 36.6875 36.6875 28.5625 28.5625 23.6875 23.6875 23.6875 21.9375 21.9375 23.625 23.625 23.625 19.875 19.875 13.75 13.75
 0 0 0 0 0 0 0 0 0 0 0 0 0 0 0 0 0 0 0 0 0 0 0 0 0 0 0 0 0 0 0.0625 0.0625 0.0625 0.0625 0.0625 0 0 0.0625 0.0625 0.0625 0.125 0.125 0.125 0.125 0.125 0.1875 0.1875 0.125 0.125 0.125 0.25 0.25 0.1875 0.1875 0.1875 0 0 0.125 0.125 0.125 0.25 0.25 0.375 0.375 0.375 0.375 0.375 0.125 0.125 0.125 0 0 0.0625 0.0625 0.0625 0.1875 0.1875 0.125 0.125 0.125 0 0 0 0 0 0 0 0 0 0 0 0 0 0 0 0 0 0 0 0 0 0 0 0 0 0 0 0 0 0 0 0 0 0 0 0 0 0.0625 0.0625 0.0625 0.1875 0.1875 0.0625 0.0625 0.0625 0.125 0.125 1.125 1.125 1.125 5.625 5.625 10.4375 10.4375 10.4375 11.75 11.75 16.3125 16.3125 16.3125 19.4375 19.4375 28.25 28.25 28.25 40.1875 40.1875 38.625 38.625 38.625 39.4375 39.4375 36.6875 36.6875 36.6875 28.5625 28.5625 23.6875 23.6875 23.6875 21.9375 21.9375 23.625 23.625 23.625 19.875 19.875 13.75 13.75
 0 0 0 0 0 0 0 0 0 0 0 0 0 0 0 0 0 0 0 0 0 0 0 0 0 0 0 0 0 0 0.0625 0.0625 0 0 0 0.0625 0.0625 0.0625 0.0625 0.0625 0.0625 0.0625 0.125 0.125 0.125 0.1875 0.1875 0.125 0.125 0.125 0.25 0.25 0.375 0.375 0.375 0.375 0.375 0.5 0.5 0.5 0.75 0.75 0.6875 0.6875 0.6875 0.3125 0.3125 0.125 0.125 0.125 0.125 0.125 0.0625 0.0625 0.0625 0.0625 0.0625 0 0 0 0 0 0 0 0 0 0 0 0 0 0 0 0 0 0 0 0 0 0 0 0 0 0 0 0 0 0 0 0 0 0 0 0 0 0 0 0 0 0 0 0.0625 0.0625 0.0625 0.0625 0.0625 0.125 0.125 1.3125 1.3125 1.3125 5.3125 5.3125 8.5 8.5 8.5 8.4375 8.4375 10.9375 10.9375 10.9375 11.25 11.25 16.9375 16.9375 16.9375 27 27 33.0625 33.0625 33.0625 35.4375 35.4375 41.375 41.375 41.375 39.75 39.75 31.125 31.125 31.125 26 26 27.0625 27.0625 27.0625 24.3125 24.3125 17.25 17.25
 0 0 0 0 0 0 0 0 0 0 0 0 0 0 0 0 0 0 0 0 0 0 0 0 0 0 0 0 0 0 0.0625 0.0625 0 0 0 0.0625 0.0625 0.0625 0.0625 0.0625 0.0625 0.0625 0.125 0.125 0.125 0.1875 0.1875 0.125 0.125 0.125 0.25 0.25 0.375 0.375 0.375 0.375 0.375 0.5 0.5 0.5 0.75 0.75 0.6875 0.6875 0.6875 0.3125 0.3125 0.125 0.125 0.125 0.125 0.125 0.0625 0.0625 0.0625 0.0625 0.0625 0 0 0 0 0 0 0 0 0 0 0 0 0 0 0 0 0 0 0 0 0 0 0 0 0 0 0 0 0 0 0 0 0 0 0 0 0 0 0 0 0 0 0 0.0625 0.0625 0.0625 0.0625 0.0625 0.125 0.125 1.3125 1.3125 1.3125 5.3125 5.3125 8.5 8.5 8.5 8.4375 8.4375 10.9375 10.9375 10.9375 11.25 11.25 16.9375 16.9375 16.9375 27 27 33.0625 33.0625 33.0625 35.4375 35.4375 41.375 41.375 41.375 39.75 39.75 31.125 31.125 31.125 26 26 27.0625 27.0625 27.0625 24.3125 24.3125 17.25 17.25
 0 0 0 0 0 0 0 0 0 0 0 0 0 0 0 0 0 0 0 0 0 0 0 0 0 0 0 0 0 0 0.0625 0.0625 0 0 0 0.0625 0.0625 0.0625 0.0625 0.0625 0.0625 0.0625 0.125 0.125 0.125 0.1875 0.1875 0.125 0.125 0.125 0.25 0.25 0.375 0.375 0.375 0.375 0.375 0.5 0.5 0.5 0.75 0.75 0.6875 0.6875 0.6875 0.3125 0.3125 0.125 0.125 0.125 0.125 0.125 0.0625 0.0625 0.0625 0.0625 0.0625 0 0 0 0 0 0 0 0 0 0 0 0 0 0 0 0 0 0 0 0 0 0 0 0 0 0 0 0 0 0 0 0 0 0 0 0 0 0 0 0 0 0 0 0.0625 0.0625 0.0625 0.0625 0.0625 0.125 0.125 1.3125 1.3125 1.3125 5.3125 5.3125 8.5 8.5 8.5 8.4375 8.4375 10.9375 10.9375 10.9375 11.25 11.25 16.9375 16.9375 16.9375 27 27 33.0625 33.0625 33.0625 35.4375 35.4375 41.375 41.375 41.375 39.75 39.75 31.125 31.125 31.125 26 26 27.0625 27.0625 27.0625 24.3125 24.3125 17.25 17.25
 0 0 0 0 0 0 0 0 0 0 0 0 0 0 0 0 0 0 0 0 0 0 0 0 0 0 0 0 0 0 0 0 0 0 0 0 0 0.0625 0.0625 0.0625 0 0 0.0625 0.0625 0.0625 0.0625 0.0625 0.0625 0.0625 0.0625 0.0625 0.0625 0.3125 0.3125 0.3125 0.5 0.5 0.5625 0.5625 0.5625 0.8125 0.8125 0.5 0.5 0.5 0.1875 0.1875 0.1875 0.1875 0.1875 0.125 0.125 0 0 0 0 0 0 0 0 0 0 0 0 0 0 0 0 0 0 0 0 0 0 0 0 0 0 0 0 0 0 0 0 0 0 0 0 0 0 0 0 0 0 0 0 0 0 0 0 0 0 0 0 0 0.125 0.125 1.75 1.75 1.75 4.25 4.25 6.1875 6.1875 6.1875 5.8125 5.8125 8.3125 8.3125 8.3125 7.75 7.75 11.75 11.75 11.75 18.1875 18.1875 24.3125 24.3125 24.3125 30.1875 30.1875 32.625 32.625 32.625 37.8125 37.8125 32.3125 32.3125 32.3125 25.25 25.25 24.8125 24.8125 24.8125 25 25 25.0625 25.0625
 0 0 0 0 0 0 0 0 0 0 0 0 0 0 0 0 0 0 0 0 0 0 0 0 0 0 0 0 0 0 0 0 0 0 0 0 0 0.0625 0.0625 0.0625 0 0 0.0625 0.0625 0.0625 0.0625 0.0625 0.0625 0.0625 0.0625 0.0625 0.0625 0.3125 0.3125 0.3125 0.5 0.5 0.5625 0.5625 0.5625 0.8125 0.8125 0.5 0.5 0.5 0.1875 0.1875 0.1875 0.1875 0.1875 0.125 0.125 0 0 0 0 0 0 0 0 0 0 0 0 0 0 0 0 0 0 0 0 0 0 0 0 0 0 0 0 0 0 0 0 0 0 0 0 0 0 0 0 0 0 0 0 0 0 0 0 0 0 0 0 0 0.125 0.125 1.75 1.75 1.75 4.25 4.25 6.1875 6.1875 6.1875 5.8125 5.8125 8.3125 8.3125 8.3125 7.75 7.75 11.75 11.75 11.75 18.1875 18.1875 24.3125 24.3125 24.3125 30.1875 30.1875 32.625 32.625 32.625 37.8125 37.8125 32.3125 32.3125 32.3125 25.25 25.25 24.8125 24.8125 24.8125 25 25 25.0625 25.0625
 0 0 0 0 0 0 0 0 0 0 0 0 0 0 0 0 0 0 0 0 0 0 0 0 0 0 0 0 0 0 0 0 0 0 0 0 0 0 0 0 0 0 0.0625 0.0625 0.0625 0.0625 0.0625 0 0 0 0 0 0 0 0 0.0625 0.0625 0.5 0.5 0.5 1.125 1.125 0.25 0.25 0.25 0.1875 0.1875 0.1875 0.1875 0.1875 0.0625 0.0625 0 0 0 0 0 0 0 0 0 0 0 0 0 0 0 0 0 0 0 0 0 0 0 0 0 0 0 0 0 0 0 0 0 0 0 0 0 0 0 0 0 0 0 0 0 0 0 0 0 0 0 0 0 0.125 0.125 1.5 1.5 1.5 2.4375 2.4375 4.25 4.25 4.25 6.125 6.125 7.75 7.75 7.75 5.4375 5.4375 8.1875 8.1875 8.1875 15.125 15.125 21.5 21.5 21.5 26.375 26.375 31.0625 31.0625 31.0625 35.5 35.5 35.3125 35.3125 35.3125 28.3125 28.3125 22.6875 22.6875 22.6875 23 23 30.6875 30.6875
 0 0 0 0 0 0 0 0 0 0 0 0 0 0 0 0 0 0 0 0 0 0 0 0 0 0 0 0 0 0 0 0 0 0 0 0 0 0 0 0 0 0 0.0625 0.0625 0.0625 0.0625 0.0625 0 0 0 0 0 0 0 0 0.0625 0.0625 0.5 0.5 0.5 1.125 1.125 0.25 0.25 0.25 0.1875 0.1875 0.1875 0.1875 0.1875 0.0625 0.0625 0 0 0 0 0 0 0 0 0 0 0 0 0 0 0 0 0 0 0 0 0 0 0 0 0 0 0 0 0 0 0 0 0 0 0 0 0 0 0 0 0 0 0 0 0 0 0 0 0 0 0 0 0 0.125 0.125 1.5 1.5 1.5 2.4375 2.4375 4.25 4.25 4.25 6.125 6.125 7.75 7.75 7.75 5.4375 5.4375 8.1875 8.1875 8.1875 15.125 15.125 21.5 21.5 21.5 26.375 26.375 31.0625 31.0625 31.0625 35.5 35.5 35.3125 35.3125 35.3125 28.3125 28.3125 22.6875 22.6875 22.6875 23 23 30.6875 30.6875
 0 0 0 0 0 0 0 0 0 0 0 0 0 0 0 0 0 0 0 0 0 0 0 0 0 0 0 0 0 0 0 0 0 0 0 0 0 0 0 0 0 0 0.0625 0.0625 0.0625 0.0625 0.0625 0 0 0 0 0 0 0 0 0.0625 0.0625 0.5 0.5 0.5 1.125 1.125 0.25 0.25 0.25 0.1875 0.1875 0.1875 0.1875 0.1875 0.0625 0.0625 0 0 0 0 0 0 0 0 0 0 0 0 0 0 0 0 0 0 0 0 0 0 0 0 0 0 0 0 0 0 0 0 0 0 0 0 0 0 0 0 0 0 0 0 0 0 0 0 0 0 0 0 0 0.125 0.125 1.5 1.5 1.5 2.4375 2.4375 4.25 4.25 4.25 6.125 6.125 7.75 7.75 7.75 5.4375 5.4375 8.1875 8.1875 8.1875 15.125 15.125 21.5 21.5 21.5 26.375 26.375 31.0625 31.0625 31.0625 35.5 35.5 35.3125 35.3125 35.3125 28.3125 28.3125 22.6875 22.6875 22.6875 23 23 30.6875 30.6875
 0 0 0 0 0 0 0 0 0 0 0 0 0 0 0 0 0 0 0 0 0 0 0 0 0 0 0 0 0 0 0 0 0 0 0 0 0 0 0 0 0 0 0 0 0 0 0 0 0 0 0 0 0 0 0 0.0625 0.0625 0.3125 0.3125 0.3125 0.625 0.625 0.3125 0.3125 0.3125 0.3125 0.3125 0.1875 0.1875 0.1875 0.0625 0.0625 0 0 0 0 0 0 0 0 0 0 0 0 0 0 0 0 0 0 0 0 0 0 0 0 0 0 0 0 0 0 0 0 0 0 0 0 0 0 0 0 0 0 0 0 0 0 0 0 0 0 0 0 0 0.0625 0.0625 1.25 1.25 1.25 1.875 1.875 4.9375 4.9375 4.9375 6.8125 6.8125 4.875 4.875 4.875 4 4 5.375 5.375 5.375 10.5625 10.5625 18.375 18.375 18.375 24.625 24.625 28.8125 28.8125 28.8125 35.9375 35.9375 37.6875 37.6875 37.6875 30.0625 30.0625 20.8125 20.8125 20.8125 21.0625 21.0625 26.3125 26.3125
 0 0 0 0 0 0 0 0 0 0 0 0 0 0 0 0 0 0 0 0 0 0 0 0 0 0 0 0 0 0 0 0 0 0 0 0 0 0 0 0 0 0 0 0 0 0 0 0 0 0 0 0 0 0 0 0.0625 0.0625 0.3125 0.3125 0.3125 0.625 0.625 0.3125 0.3125 0.3125 0.3125 0.3125 0.1875 0.1875 0.1875 0.0625 0.0625 0 0 0 0 0 0 0 0 0 0 0 0 0 0 0 0 0 0 0 0 0 0 0 0 0 0 0 0 0 0 0 0 0 0 0 0 0 0 0 0 0 0 0 0 0 0 0 0 0 0 0 0 0 0.0625 0.0625 1.25 1.25 1.25 1.875 1.875 4.9375 4.9375 4.9375 6.8125 6.8125 4.875 4.875 4.875 4 4 5.375 5.375 5.375 10.5625 10.5625 18.375 18.375 18.375 24.625 24.625 28.8125 28.8125 28.8125 35.9375 35.9375 37.6875 37.6875 37.6875 30.0625 30.0625 20.8125 20.8125 20.8125 21.0625 21.0625 26.3125 26.3125
 0 0 0 0 0 0 0 0 0 0 0 0 0 0 0 0 0 0 0 0 0 0 0 0 0 0 0 0 0 0 0 0 0 0 0 0 0 0 0 0 0 0 0 0 0 0 0 0 0 0 0 0 0 0 0 0.0625 0.0625 0.1875 0.1875 0.1875 0.125 0.125 0.125 0.125 0.125 0.1875 0.1875 0.0625 0.0625 0.0625 0 0 0 0 0 0 0 0 0 0 0 0 0 0 0 0 0 0 0 0 0 0 0 0 0 0 0 0 0 0 0 0 0 0 0 0 0 0 0 0 0 0 0 0 0 0 0 0 0 0 0 0 0.0625 0.0625 0.0625 0.4375 0.4375 1.1875 1.1875 1.1875 2.3125 2.3125 4.8125 4.8125 4.8125 4.0625 4.0625 2.8125 2.8125 2.8125 4.375 4.375 4.0625 4.0625 4.0625 7.4375 7.4375 14.625 14.625 14.625 20.5 20.5 24.5 24.5 24.5 32.8125 32.8125 38.1875 38.1875 38.1875 32.6875 32.6875 23.125 23.125 23.125 23.25 23.25 25.75 25.75
 0 0 0 0 0 0 0 0 0 0 0 0 0 0 0 0 0 0 0 0 0 0 0 0 0 0 0 0 0 0 0 0 0 0 0 0 0 0 0 0 0 0 0 0 0 0 0 0 0 0 0 0 0 0 0 0.0625 0.0625 0.1875 0.1875 0.1875 0.125 0.125 0.125 0.125 0.125 0.1875 0.1875 0.0625 0.0625 0.0625 0 0 0 0 0 0 0 0 0 0 0 0 0 0 0 0 0 0 0 0 0 0 0 0 0 0 0 0 0 0 0 0 0 0 0 0 0 0 0 0 0 0 0 0 0 0 0 0 0 0 0 0 0.0625 0.0625 0.0625 0.4375 0.4375 1.1875 1.1875 1.1875 2.3125 2.3125 4.8125 4.8125 4.8125 4.0625 4.0625 2.8125 2.8125 2.8125 4.375 4.375 4.0625 4.0625 4.0625 7.4375 7.4375 14.625 14.625 14.625 20.5 20.5 24.5 24.5 24.5 32.8125 32.8125 38.1875 38.1875 38.1875 32.6875 32.6875 23.125 23.125 23.125 23.25 23.25 25.75 25.75
 0 0 0 0 0 0 0 0 0 0 0 0 0 0 0 0 0 0 0 0 0 0 0 0 0 0 0 0 0 0 0 0 0 0 0 0 0 0 0 0 0 0 0 0 0 0 0 0 0 0 0 0 0 0 0 0.0625 0.0625 0.1875 0.1875 0.1875 0.125 0.125 0.125 0.125 0.125 0.1875 0.1875 0.0625 0.0625 0.0625 0 0 0 0 0 0 0 0 0 0 0 0 0 0 0 0 0 0 0 0 0 0 0 0 0 0 0 0 0 0 0 0 0 0 0 0 0 0 0 0 0 0 0 0 0 0 0 0 0 0 0 0 0.0625 0.0625 0.0625 0.4375 0.4375 1.1875 1.1875 1.1875 2.3125 2.3125 4.8125 4.8125 4.8125 4.0625 4.0625 2.8125 2.8125 2.8125 4.375 4.375 4.0625 4.0625 4.0625 7.4375 7.4375 14.625 14.625 14.625 20.5 20.5 24.5 24.5 24.5 32.8125 32.8125 38.1875 38.1875 38.1875 32.6875 32.6875 23.125 23.125 23.125 23.25 23.25 25.75 25.75
 0 0 0 0 0 0 0 0 0 0 0 0 0 0 0 0 0 0 0 0 0 0 0 0 0 0 0 0 0 0 0 0 0 0 0 0 0 0 0 0 0 0 0 0 0 0 0 0 0 0 0 0 0 0 0 0.0625 0.0625 0.125 0.125 0.125 0.125 0.125 0.125 0.125 0.125 0.125 0.125 0 0 0 0 0 0 0 0 0 0 0 0 0 0 0 0 0 0 0 0 0 0 0 0 0 0 0 0 0 0 0 0 0 0 0 0 0 0 0 0 0 0 0 0 0 0 0 0 0 0 0 0 0 0 0 0.0625 0.0625 0.0625 0.5 0.5 1.375 1.375 1.375 2.5625 2.5625 3.5 3.5 3.5 3.1875 3.1875 3.5625 3.5625 3.5625 4.5625 4.5625 4.625 4.625 4.625 7.5625 7.5625 12.25 12.25 12.25 15.25 15.25 18.375 18.375 18.375 24.375 24.375 32.9375 32.9375 32.9375 33.5625 33.5625 26.5625 26.5625 26.5625 25.375 25.375 27.4375 27.4375
 0 0 0 0 0 0 0 0 0 0 0 0 0 0 0 0 0 0 0 0 0 0 0 0 0 0 0 0 0 0 0 0 0 0 0 0 0 0 0 0 0 0 0 0 0 0 0 0 0 0 0 0 0 0 0 0.0625 0.0625 0.125 0.125 0.125 0.125 0.125 0.125 0.125 0.125 0.125 0.125 0 0 0 0 0 0 0 0 0 0 0 0 0 0 0 0 0 0 0 0 0 0 0 0 0 0 0 0 0 0 0 0 0 0 0 0 0 0 0 0 0 0 0 0 0 0 0 0 0 0 0 0 0 0 0 0.0625 0.0625 0.0625 0.5 0.5 1.375 1.375 1.375 2.5625 2.5625 3.5 3.5 3.5 3.1875 3.1875 3.5625 3.5625 3.5625 4.5625 4.5625 4.625 4.625 4.625 7.5625 7.5625 12.25 12.25 12.25 15.25 15.25 18.375 18.375 18.375 24.375 24.375 32.9375 32.9375 32.9375 33.5625 33.5625 26.5625 26.5625 26.5625 25.375 25.375 27.4375 27.4375
 0 0 0 0 0 0 0 0 0 0 0 0 0 0 0 0 0 0 0 0 0 0 0 0 0 0 0 0 0 0 0 0 0 0 0 0 0 0 0 0 0 0 0 0 0 0 0 0 0 0 0 0 0 0 0 0.0625 0.0625 0 0 0 0.125 0.125 0.375 0.375 0.375 0.25 0.25 0 0 0 0 0 0 0 0 0 0 0 0 0 0 0 0 0 0 0 0 0 0 0 0 0 0 0 0 0 0 0 0 0 0 0 0 0 0 0 0 0 0 0 0 0 0 0 0 0 0 0 0 0 0 0 0 0 0 0.125 0.125 0.8125 0.8125 0.8125 2.0625 2.0625 2.8125 2.8125 2.8125 3.5625 3.5625 3.75 3.75 3.75 4.75 4.75 6.3125 6.3125 6.3125 8.0625 8.0625 9.1875 9.1875 9.1875 12 12 14.0625 14.0625 14.0625 18.375 18.375 24.8125 24.8125 24.8125 30.8125 30.8125 28.6875 28.6875 28.6875 26.75 26.75 29.0625 29.0625
 0 0 0 0 0 0 0 0 0 0 0 0 0 0 0 0 0 0 0 0 0 0 0 0 0 0 0 0 0 0 0 0 0 0 0 0 0 0 0 0 0 0 0 0 0 0 0 0 0 0 0 0 0 0 0 0.0625 0.0625 0 0 0 0.125 0.125 0.375 0.375 0.375 0.25 0.25 0 0 0 0 0 0 0 0 0 0 0 0 0 0 0 0 0 0 0 0 0 0 0 0 0 0 0 0 0 0 0 0 0 0 0 0 0 0 0 0 0 0 0 0 0 0 0 0 0 0 0 0 0 0 0 0 0 0 0.125 0.125 0.8125 0.8125 0.8125 2.0625 2.0625 2.8125 2.8125 2.8125 3.5625 3.5625 3.75 3.75 3.75 4.75 4.75 6.3125 6.3125 6.3125 8.0625 8.0625 9.1875 9.1875 9.1875 12 12 14.0625 14.0625 14.0625 18.375 18.375 24.8125 24.8125 24.8125 30.8125 30.8125 28.6875 28.6875 28.6875 26.75 26.75 29.0625 29.0625
 0 0 0 0 0 0 0 0 0 0 0 0 0 0 0 0 0 0 0 0 0 0 0 0 0 0 0 0 0 0 0 0 0 0 0 0 0 0 0 0 0 0 0 0 0 0 0 0 0 0 0 0 0 0 0 0.0625 0.0625 0 0 0 0.125 0.125 0.375 0.375 0.375 0.25 0.25 0 0 0 0 0 0 0 0 0 0 0 0 0 0 0 0 0 0 0 0 0 0 0 0 0 0 0 0 0 0 0 0 0 0 0 0 0 0 0 0 0 0 0 0 0 0 0 0 0 0 0 0 0 0 0 0 0 0 0.125 0.125 0.8125 0.8125 0.8125 2.0625 2.0625 2.8125 2.8125 2.8125 3.5625 3.5625 3.75 3.75 3.75 4.75 4.75 6.3125 6.3125 6.3125 8.0625 8.0625 9.1875 9.1875 9.1875 12 12 14.0625 14.0625 14.0625 18.375 18.375 24.8125 24.8125 24.8125 30.8125 30.8125 28.6875 28.6875 28.6875 26.75 26.75 29.0625 29.0625
 0 0 0 0 0 0 0 0 0 0 0 0 0 0 0 0 0 0 0 0 0 0 0 0 0 0 0 0 0 0 0 0 0 0 0 0 0 0 0 0 0 0 0 0 0 0 0 0 0 0 0 0 0 0 0 0 0 0 0 0 0.0625 0.0625 0.25 0.25 0.25 0.125 0.125 0 0 0 0 0 0 0 0 0 0 0 0 0 0 0 0 0 0 0 0 0 0 0 0 0 0 0 0 0 0 0 0 0 0 0 0 0 0 0 0 0 0 0 0 0 0 0 0 0 0 0 0 0 0 0 0 0 0 0.0625 0.0625 0.4375 0.4375 0.4375 1.4375 1.4375 2.5625 2.5625 2.5625 2.5 2.5 3.375 3.375 3.375 5.6875 5.6875 6.3125 6.3125 6.3125 5.4375 5.4375 7.0625 7.0625 7.0625 10.0625 10.0625 10.9375 10.9375 10.9375 15.8125 15.8125 18.5 18.5 18.5 22.875 22.875 23.0625 23.0625 23.0625 24.4375 24.4375 29.6875 29.6875
 0 0 0 0 0 0 0 0 0 0 0 0 0 0 0 0 0 0 0 0 0 0 0 0 0 0 0 0 0 0 0 0 0 0 0 0 0 0 0 0 0 0 0 0 0 0 0 0 0 0 0 0 0 0 0 0 0 0 0 0 0.0625 0.0625 0.25 0.25 0.25 0.125 0.125 0 0 0 0 0 0 0 0 0 0 0 0 0 0 0 0 0 0 0 0 0 0 0 0 0 0 0 0 0 0 0 0 0 0 0 0 0 0 0 0 0 0 0 0 0 0 0 0 0 0 0 0 0 0 0 0 0 0 0.0625 0.0625 0.4375 0.4375 0.4375 1.4375 1.4375 2.5625 2.5625 2.5625 2.5 2.5 3.375 3.375 3.375 5.6875 5.6875 6.3125 6.3125 6.3125 5.4375 5.4375 7.0625 7.0625 7.0625 10.0625 10.0625 10.9375 10.9375 10.9375 15.8125 15.8125 18.5 18.5 18.5 22.875 22.875 23.0625 23.0625 23.0625 24.4375 24.4375 29.6875 29.6875
 0 0 0 0 0 0 0 0 0 0 0 0 0 0 0 0 0 0 0 0 0 0 0 0 0 0 0 0 0 0 0 0 0 0 0 0 0 0 0 0 0 0 0 0 0 0 0 0 0 0 0 0 0 0 0 0 0 0.0625 0.0625 0.0625 0.125 0.125 0.0625 0.0625 0.0625 0 0 0 0 0 0 0 0 0 0 0 0 0 0 0 0 0 0 0 0 0 0 0 0 0 0 0 0 0 0 0 0 0 0 0 0 0 0 0 0 0 0 0 0 0 0 0 0 0 0 0 0 0 0 0 0 0 0 0 0 0.4375 0.4375 1.375 1.375 1.375 2.125 2.125 2.125 2.125 2.125 2 2 3.75 3.75 3.75 4.6875 4.6875 3.75 3.75 3.75 4 4 7.125 7.125 7.125 9.125 9.125 9.25 9.25 9.25 14.375 14.375 15.25 15.25 15.25 16.6875 16.6875 16.75 16.75 16.75 17 17 23.0625 23.0625
 0 0 0 0 0 0 0 0 0 0 0 0 0 0 0 0 0 0 0 0 0 0 0 0 0 0 0 0 0 0 0 0 0 0 0 0 0 0 0 0 0 0 0 0 0 0 0 0 0 0 0 0 0 0 0 0 0 0.0625 0.0625 0.0625 0.125 0.125 0.0625 0.0625 0.0625 0 0 0 0 0 0 0 0 0 0 0 0 0 0 0 0 0 0 0 0 0 0 0 0 0 0 0 0 0 0 0 0 0 0 0 0 0 0 0 0 0 0 0 0 0 0 0 0 0 0 0 0 0 0 0 0 0 0 0 0 0.4375 0.4375 1.375 1.375 1.375 2.125 2.125 2.125 2.125 2.125 2 2 3.75 3.75 3.75 4.6875 4.6875 3.75 3.75 3.75 4 4 7.125 7.125 7.125 9.125 9.125 9.25 9.25 9.25 14.375 14.375 15.25 15.25 15.25 16.6875 16.6875 16.75 16.75 16.75 17 17 23.0625 23.0625
 0 0 0 0 0 0 0 0 0 0 0 0 0 0 0 0 0 0 0 0 0 0 0 0 0 0 0 0 0 0 0 0 0 0 0 0 0 0 0 0 0 0 0 0 0 0 0 0 0 0 0 0 0 0 0 0 0 0.0625 0.0625 0.0625 0.125 0.125 0.0625 0.0625 0.0625 0 0 0 0 0 0 0 0 0 0 0 0 0 0 0 0 0 0 0 0 0 0 0 0 0 0 0 0 0 0 0 0 0 0 0 0 0 0 0 0 0 0 0 0 0 0 0 0 0 0 0 0 0 0 0 0 0 0 0 0 0.4375 0.4375 1.375 1.375 1.375 2.125 2.125 2.125 2.125 2.125 2 2 3.75 3.75 3.75 4.6875 4.6875 3.75 3.75 3.75 4 4 7.125 7.125 7.125 9.125 9.125 9.25 9.25 9.25 14.375 14.375 15.25 15.25 15.25 16.6875 16.6875 16.75 16.75 16.75 17 17 23.0625 23.0625
 0 0 0 0 0 0 0 0 0 0 0 0 0 0 0 0 0 0 0 0 0 0 0 0 0 0 0 0 0 0 0 0 0 0 0 0 0 0 0 0 0 0 0 0 0 0 0 0 0 0 0 0 0.0625 0.0625 0.0625 0.0625 0.0625 0.125 0.125 0.125 0.125 0.125 0 0 0 0 0 0 0 0 0 0 0 0 0 0 0 0 0 0 0 0 0 0 0 0 0 0 0 0 0 0 0 0 0 0 0 0 0 0 0 0 0 0 0 0 0 0 0 0 0 0 0 0 0 0 0 0 0 0 0 0 0.0625 0.0625 0.0625 0.4375 0.4375 1.4375 1.4375 1.4375 1.5 1.5 1.625 1.625 1.625 2.125 2.125 2.875 2.875 2.875 2.5 2.5 3.3125 3.3125 3.3125 4.8125 4.8125 7.5 7.5 7.5 8.5625 8.5625 8.5625 8.5625 8.5625 13.125 13.125 13.1875 13.1875 13.1875 13.9375 13.9375 14.8125 14.8125 14.8125 13.75 13.75 20.375 20.375
 0 0 0 0 0 0 0 0 0 0 0 0 0 0 0 0 0 0 0 0 0 0 0 0 0 0 0 0 0 0 0 0 0 0 0 0 0 0 0 0 0 0 0 0 0 0 0 0 0 0 0 0 0.0625 0.0625 0.0625 0.0625 0.0625 0.125 0.125 0.125 0.125 0.125 0 0 0 0 0 0 0 0 0 0 0 0 0 0 0 0 0 0 0 0 0 0 0 0 0 0 0 0 0 0 0 0 0 0 0 0 0 0 0 0 0 0 0 0 0 0 0 0 0 0 0 0 0 0 0 0 0 0 0 0 0.0625 0.0625 0.0625 0.4375 0.4375 1.4375 1.4375 1.4375 1.5 1.5 1.625 1.625 1.625 2.125 2.125 2.875 2.875 2.875 2.5 2.5 3.3125 3.3125 3.3125 4.8125 4.8125 7.5 7.5 7.5 8.5625 8.5625 8.5625 8.5625 8.5625 13.125 13.125 13.1875 13.1875 13.1875 13.9375 13.9375 14.8125 14.8125 14.8125 13.75 13.75 20.375 20.375
 0 0 0 0 0 0 0 0 0 0 0 0 0 0 0 0 0 0 0 0 0 0 0 0 0 0 0 0 0 0 0 0 0 0 0 0 0 0 0 0 0 0 0 0 0 0 0 0 0 0 0 0 0.0625 0.0625 0.0625 0.0625 0.0625 0.125 0.125 0.125 0.125 0.125 0 0 0 0 0 0 0 0 0 0 0 0 0 0 0 0 0 0 0 0 0 0 0 0 0 0 0 0 0 0 0 0 0 0 0 0 0 0 0 0 0 0 0 0 0 0 0 0 0 0 0 0 0 0 0 0 0 0 0 0 0.125 0.125 0.125 0.375 0.375 0.75 0.75 0.75 1.25 1.25 1.625 1.625 1.625 1.9375 1.9375 2.5 2.5 2.5 3 3 3.75 3.75 3.75 5.5 5.5 8.25 8.25 8.25 7.9375 7.9375 8.25 8.25 8.25 12.125 12.125 11.375 11.375 11.375 13.3125 13.3125 15.3125 15.3125 15.3125 14.125 14.125 24.1875 24.1875
 0 0 0 0 0 0 0 0 0 0 0 0 0 0 0 0 0 0 0 0 0 0 0 0 0 0 0 0 0 0 0 0 0 0 0 0 0 0 0 0 0 0 0 0 0 0 0 0 0 0 0 0 0.0625 0.0625 0.0625 0.0625 0.0625 0.125 0.125 0.125 0.125 0.125 0 0 0 0 0 0 0 0 0 0 0 0 0 0 0 0 0 0 0 0 0 0 0 0 0 0 0 0 0 0 0 0 0 0 0 0 0 0 0 0 0 0 0 0 0 0 0 0 0 0 0 0 0 0 0 0 0 0 0 0 0.125 0.125 0.125 0.375 0.375 0.75 0.75 0.75 1.25 1.25 1.625 1.625 1.625 1.9375 1.9375 2.5 2.5 2.5 3 3 3.75 3.75 3.75 5.5 5.5 8.25 8.25 8.25 7.9375 7.9375 8.25 8.25 8.25 12.125 12.125 11.375 11.375 11.375 13.3125 13.3125 15.3125 15.3125 15.3125 14.125 14.125 24.1875 24.1875
 0 0 0 0 0 0 0 0 0 0 0 0 0 0 0 0 0 0 0 0 0 0 0 0 0 0 0 0 0 0 0 0 0 0 0 0 0 0 0 0 0 0 0 0 0 0 0 0 0 0 0 0 0.0625 0.0625 0.0625 0.0625 0.0625 0.125 0.125 0.125 0.125 0.125 0 0 0 0 0 0 0 0 0 0 0 0 0 0 0 0 0 0 0 0 0 0 0 0 0 0 0 0 0 0 0 0 0 0 0 0 0 0 0 0 0 0 0 0 0 0 0 0 0 0 0 0 0 0 0 0 0 0 0 0 0.125 0.125 0.125 0.375 0.375 0.75 0.75 0.75 1.25 1.25 1.625 1.625 1.625 1.9375 1.9375 2.5 2.5 2.5 3 3 3.75 3.75 3.75 5.5 5.5 8.25 8.25 8.25 7.9375 7.9375 8.25 8.25 8.25 12.125 12.125 11.375 11.375 11.375 13.3125 13.3125 15.3125 15.3125 15.3125 14.125 14.125 24.1875 24.1875
 0 0 0 0 0 0 0 0 0 0 0 0 0 0 0 0 0 0 0 0 0 0 0 0 0 0 0 0 0 0 0 0 0 0 0 0 0 0 0 0 0 0 0 0 0 0 0 0 0 0 0 0 0.0625 0.0625 0.0625 0.0625 0.0625 0.125 0.125 0.125 0 0 0 0 0 0 0 0 0 0 0 0 0 0 0 0 0 0 0 0 0 0 0 0 0 0 0 0 0 0 0 0 0 0 0 0 0 0 0 0 0 0 0 0 0 0 0 0 0 0 0 0 0 0 0 0 0 0 0 0 0 0 0.0625 0.0625 0.0625 0.4375 0.4375 0.8125 0.8125 0.8125 0.75 0.75 1.3125 1.3125 1.3125 2.9375 2.9375 3 3 3 2.875 2.875 3.875 3.875 3.875 5.5625 5.5625 7.25 7.25 7.25 7 7 8.375 8.375 8.375 10.5 10.5 9.5 9.5 9.5 13.4375 13.4375 16.4375 16.4375 16.4375 18 18 30.1875 30.1875
 0 0 0 0 0 0 0 0 0 0 0 0 0 0 0 0 0 0 0 0 0 0 0 0 0 0 0 0 0 0 0 0 0 0 0 0 0 0 0 0 0 0 0 0 0 0 0 0 0 0 0 0 0.0625 0.0625 0.0625 0.0625 0.0625 0.125 0.125 0.125 0 0 0 0 0 0 0 0 0 0 0 0 0 0 0 0 0 0 0 0 0 0 0 0 0 0 0 0 0 0 0 0 0 0 0 0 0 0 0 0 0 0 0 0 0 0 0 0 0 0 0 0 0 0 0 0 0 0 0 0 0 0 0.0625 0.0625 0.0625 0.4375 0.4375 0.8125 0.8125 0.8125 0.75 0.75 1.3125 1.3125 1.3125 2.9375 2.9375 3 3 3 2.875 2.875 3.875 3.875 3.875 5.5625 5.5625 7.25 7.25 7.25 7 7 8.375 8.375 8.375 10.5 10.5 9.5 9.5 9.5 13.4375 13.4375 16.4375 16.4375 16.4375 18 18 30.1875 30.1875
 0 0 0 0 0 0 0 0 0 0 0 0 0 0 0 0 0 0 0 0 0 0 0 0 0 0 0 0 0 0 0 0 0 0 0 0 0 0 0 0 0 0 0 0 0 0 0 0 0 0 0 0 0.0625 0.0625 0.0625 0.0625 0.0625 0.0625 0.0625 0.0625 0 0 0 0 0 0 0 0 0 0 0 0 0 0 0 0 0 0 0 0 0 0 0 0 0 0 0 0 0 0 0 0 0 0 0 0 0 0 0 0 0 0 0 0 0 0 0 0 0 0 0 0 0 0 0 0 0 0 0 0 0 0 0 0 0 0.0625 0.0625 0.25 0.25 0.25 0.625 0.625 1.875 1.875 1.875 2.1875 2.1875 1.875 1.875 1.875 2.875 2.875 3.4375 3.4375 3.4375 4.75 4.75 6.75 6.75 6.75 6.5625 6.5625 7.8125 7.8125 7.8125 7.6875 7.6875 7.625 7.625 7.625 13.25 13.25 18.375 18.375 18.375 25.3125 25.3125 28.25 28.25
 0 0 0 0 0 0 0 0 0 0 0 0 0 0 0 0 0 0 0 0 0 0 0 0 0 0 0 0 0 0 0 0 0 0 0 0 0 0 0 0 0 0 0 0 0 0 0 0 0 0 0 0 0.0625 0.0625 0.0625 0.0625 0.0625 0.0625 0.0625 0.0625 0 0 0 0 0 0 0 0 0 0 0 0 0 0 0 0 0 0 0 0 0 0 0 0 0 0 0 0 0 0 0 0 0 0 0 0 0 0 0 0 0 0 0 0 0 0 0 0 0 0 0 0 0 0 0 0 0 0 0 0 0 0 0 0 0 0.0625 0.0625 0.25 0.25 0.25 0.625 0.625 1.875 1.875 1.875 2.1875 2.1875 1.875 1.875 1.875 2.875 2.875 3.4375 3.4375 3.4375 4.75 4.75 6.75 6.75 6.75 6.5625 6.5625 7.8125 7.8125 7.8125 7.6875 7.6875 7.625 7.625 7.625 13.25 13.25 18.375 18.375 18.375 25.3125 25.3125 28.25 28.25
 0 0 0 0 0 0 0 0 0 0 0 0 0 0 0 0 0 0 0 0 0 0 0 0 0 0 0 0 0 0 0 0 0 0 0 0 0 0 0 0 0 0 0 0 0 0 0 0 0 0 0 0 0.0625 0.0625 0.0625 0.0625 0.0625 0.0625 0.0625 0.0625 0 0 0 0 0 0 0 0 0 0 0 0 0 0 0 0 0 0 0 0 0 0 0 0 0 0 0 0 0 0 0 0 0 0 0 0 0 0 0 0 0 0 0 0 0 0 0 0 0 0 0 0 0 0 0 0 0 0 0 0 0 0 0 0 0 0.0625 0.0625 0.25 0.25 0.25 0.625 0.625 1.875 1.875 1.875 2.1875 2.1875 1.875 1.875 1.875 2.875 2.875 3.4375 3.4375 3.4375 4.75 4.75 6.75 6.75 6.75 6.5625 6.5625 7.8125 7.8125 7.8125 7.6875 7.6875 7.625 7.625 7.625 13.25 13.25 18.375 18.375 18.375 25.3125 25.3125 28.25 28.25
 0 0 0 0 0 0 0 0 0 0 0 0 0 0 0 0 0 0 0 0 0 0 0 0 0 0 0 0 0 0 0 0 0 0 0 0 0 0 0 0 0 0 0 0 0 0 0 0 0 0 0 0 0 0 0 0.0625 0.0625 0.0625 0.0625 0.0625 0 0 0 0 0 0 0 0 0 0 0 0 0 0 0 0 0 0 0 0 0 0 0 0 0 0 0 0 0 0 0 0 0 0 0 0 0 0 0 0 0 0 0 0 0 0 0 0 0 0 0 0 0 0 0 0 0 0 0 0 0 0 0.0625 0.0625 0.0625 0.1875 0.1875 0.3125 0.3125 0.3125 0.5 0.5 0.875 0.875 0.875 0.9375 0.9375 1.4375 1.4375 1.4375 2.1875 2.1875 3.3125 3.3125 3.3125 4.875 4.875 5.9375 5.9375 5.9375 5.4375 5.4375 6.375 6.375 6.375 5 5 5.5 5.5 5.5 12.25 12.25 23.5625 23.5625 23.5625 29.5625 29.5625 20.75 20.75
 0 0 0 0 0 0 0 0 0 0 0 0 0 0 0 0 0 0 0 0 0 0 0 0 0 0 0 0 0 0 0 0 0 0 0 0 0 0 0 0 0 0 0 0 0 0 0 0 0 0 0 0 0 0 0 0.0625 0.0625 0.0625 0.0625 0.0625 0 0 0 0 0 0 0 0 0 0 0 0 0 0 0 0 0 0 0 0 0 0 0 0 0 0 0 0 0 0 0 0 0 0 0 0 0 0 0 0 0 0 0 0 0 0 0 0 0 0 0 0 0 0 0 0 0 0 0 0 0 0 0.0625 0.0625 0.0625 0.1875 0.1875 0.3125 0.3125 0.3125 0.5 0.5 0.875 0.875 0.875 0.9375 0.9375 1.4375 1.4375 1.4375 2.1875 2.1875 3.3125 3.3125 3.3125 4.875 4.875 5.9375 5.9375 5.9375 5.4375 5.4375 6.375 6.375 6.375 5 5 5.5 5.5 5.5 12.25 12.25 23.5625 23.5625 23.5625 29.5625 29.5625 20.75 20.75
 0 0 0 0 0 0 0 0 0 0 0 0 0 0 0 0 0 0 0 0 0 0 0 0 0 0 0 0 0 0 0 0 0 0 0 0 0 0 0 0 0 0 0 0 0 0 0 0 0 0 0 0 0 0 0 0 0 0 0 0 0 0 0 0 0 0 0 0 0 0 0 0 0 0 0 0 0 0 0 0 0 0 0 0 0 0 0 0 0 0 0 0 0 0 0 0 0 0 0 0 0 0 0 0 0 0 0 0 0 0 0 0 0 0 0 0 0 0 0 0 0 0 0 0 0 0.125 0.125 0.25 0.25 0.25 0.5 0.5 0.75 0.75 0.75 0.6875 0.6875 1.5 1.5 1.5 2.5 2.5 3.9375 3.9375 3.9375 4.9375 4.9375 4.6875 4.6875 4.6875 4.0625 4.0625 5.25 5.25 5.25 3.4375 3.4375 4.0625 4.0625 4.0625 12.5625 12.5625 29.25 29.25 29.25 23.1875 23.1875 15.1875 15.1875
 0 0 0 0 0 0 0 0 0 0 0 0 0 0 0 0 0 0 0 0 0 0 0 0 0 0 0 0 0 0 0 0 0 0 0 0 0 0 0 0 0 0 0 0 0 0 0 0 0 0 0 0 0 0 0 0 0 0 0 0 0 0 0 0 0 0 0 0 0 0 0 0 0 0 0 0 0 0 0 0 0 0 0 0 0 0 0 0 0 0 0 0 0 0 0 0 0 0 0 0 0 0 0 0 0 0 0 0 0 0 0 0 0 0 0 0 0 0 0 0 0 0 0 0 0 0.125 0.125 0.25 0.25 0.25 0.5 0.5 0.75 0.75 0.75 0.6875 0.6875 1.5 1.5 1.5 2.5 2.5 3.9375 3.9375 3.9375 4.9375 4.9375 4.6875 4.6875 4.6875 4.0625 4.0625 5.25 5.25 5.25 3.4375 3.4375 4.0625 4.0625 4.0625 12.5625 12.5625 29.25 29.25 29.25 23.1875 23.1875 15.1875 15.1875
 0 0 0 0 0 0 0 0 0 0 0 0 0 0 0 0 0 0 0 0 0 0 0 0 0 0 0 0 0 0 0 0 0 0 0 0 0 0 0 0 0 0 0 0 0 0 0 0 0 0 0 0 0 0 0 0 0 0 0 0 0 0 0 0 0 0 0 0 0 0 0 0 0 0 0 0 0 0 0 0 0 0 0 0 0 0 0 0 0 0 0 0 0 0 0 0 0 0 0 0 0 0 0 0 0 0 0 0 0 0 0 0 0 0 0 0 0 0 0 0 0 0 0 0 0 0.125 0.125 0.25 0.25 0.25 0.5 0.5 0.75 0.75 0.75 0.6875 0.6875 1.5 1.5 1.5 2.5 2.5 3.9375 3.9375 3.9375 4.9375 4.9375 4.6875 4.6875 4.6875 4.0625 4.0625 5.25 5.25 5.25 3.4375 3.4375 4.0625 4.0625 4.0625 12.5625 12.5625 29.25 29.25 29.25 23.1875 23.1875 15.1875 15.1875
 0 0 0 0 0 0 0 0 0 0 0 0 0 0 0 0 0 0 0 0 0 0 0 0 0 0 0 0 0 0 0 0 0 0 0 0 0 0 0 0 0 0 0 0 0 0 0 0 0 0 0 0 0 0 0 0 0 0 0 0 0 0 0 0 0 0 0 0 0 0 0 0 0 0 0 0 0 0 0 0 0 0 0 0 0 0 0 0 0 0 0 0 0 0 0 0 0 0 0 0 0 0 0 0 0 0 0 0 0 0 0 0 0 0 0 0 0 0 0 0 0 0 0.0625 0.0625 0.0625 0.25 0.25 0.375 0.375 0.375 0.3125 0.3125 0.375 0.375 0.375 0.9375 0.9375 1.75 1.75 1.75 2.4375 2.4375 3.6875 3.6875 3.6875 4.875 4.875 3.875 3.875 3.875 3.3125 3.3125 4.4375 4.4375 4.4375 3.0625 3.0625 5.5625 5.5625 5.5625 16.0625 16.0625 23.5625 23.5625 23.5625 14.125 14.125 10.1875 10.1875
 0 0 0 0 0 0 0 0 0 0 0 0 0 0 0 0 0 0 0 0 0 0 0 0 0 0 0 0 0 0 0 0 0 0 0 0 0 0 0 0 0 0 0 0 0 0 0 0 0 0 0 0 0 0 0 0 0 0 0 0 0 0 0 0 0 0 0 0 0 0 0 0 0 0 0 0 0 0 0 0 0 0 0 0 0 0 0 0 0 0 0 0 0 0 0 0 0 0 0 0 0 0 0 0 0 0 0 0 0 0 0 0 0 0 0 0 0 0 0 0 0 0 0.0625 0.0625 0.0625 0.25 0.25 0.375 0.375 0.375 0.3125 0.3125 0.375 0.375 0.375 0.9375 0.9375 1.75 1.75 1.75 2.4375 2.4375 3.6875 3.6875 3.6875 4.875 4.875 3.875 3.875 3.875 3.3125 3.3125 4.4375 4.4375 4.4375 3.0625 3.0625 5.5625 5.5625 5.5625 16.0625 16.0625 23.5625 23.5625 23.5625 14.125 14.125 10.1875 10.1875
 0 0 0 0 0 0 0 0 0 0 0 0 0 0 0 0 0 0 0 0 0 0 0 0 0 0 0 0 0 0 0 0 0 0 0 0 0 0 0 0 0 0 0 0 0 0 0 0 0 0 0 0 0 0 0 0 0 0 0 0 0 0 0 0 0 0 0 0 0 0 0 0 0 0 0 0 0 0 0 0 0 0 0 0 0 0 0 0 0 0 0 0 0 0 0 0 0 0 0 0 0 0 0 0 0 0 0 0 0 0 0 0 0 0 0 0 0 0 0 0 0 0 0.0625 0.0625 0.0625 0.25 0.25 0.3125 0.3125 0.3125 0.1875 0.1875 0.1875 0.1875 0.1875 0.6875 0.6875 1.125 1.125 1.125 2 2 3.5 3.5 3.5 4.8125 4.8125 3.625 3.625 3.625 3.25 3.25 4 4 4 4.25 4.25 7.5 7.5 7.5 16.5625 16.5625 14 14 14 8.875 8.875 8.125 8.125
 0 0 0 0 0 0 0 0 0 0 0 0 0 0 0 0 0 0 0 0 0 0 0 0 0 0 0 0 0 0 0 0 0 0 0 0 0 0 0 0 0 0 0 0 0 0 0 0 0 0 0 0 0 0 0 0 0 0 0 0 0 0 0 0 0 0 0 0 0 0 0 0 0 0 0 0 0 0 0 0 0 0 0 0 0 0 0 0 0 0 0 0 0 0 0 0 0 0 0 0 0 0 0 0 0 0 0 0 0 0 0 0 0 0 0 0 0 0 0 0 0 0 0.0625 0.0625 0.0625 0.25 0.25 0.3125 0.3125 0.3125 0.1875 0.1875 0.1875 0.1875 0.1875 0.6875 0.6875 1.125 1.125 1.125 2 2 3.5 3.5 3.5 4.8125 4.8125 3.625 3.625 3.625 3.25 3.25 4 4 4 4.25 4.25 7.5 7.5 7.5 16.5625 16.5625 14 14 14 8.875 8.875 8.125 8.125
 0 0 0 0 0 0 0 0 0 0 0 0 0 0 0 0 0 0 0 0 0 0 0 0 0 0 0 0 0 0 0 0 0 0 0 0 0 0 0 0 0 0 0 0 0 0 0 0 0 0 0 0 0 0 0 0 0 0 0 0 0 0 0 0 0 0 0 0 0 0 0 0 0 0 0 0 0 0 0 0 0 0 0 0 0 0 0 0 0 0 0 0 0 0 0 0 0 0 0 0 0 0 0 0 0 0 0 0 0 0 0 0 0 0 0 0 0 0 0 0 0 0 0.0625 0.0625 0.0625 0.25 0.25 0.3125 0.3125 0.3125 0.1875 0.1875 0.1875 0.1875 0.1875 0.6875 0.6875 1.125 1.125 1.125 2 2 3.5 3.5 3.5 4.8125 4.8125 3.625 3.625 3.625 3.25 3.25 4 4 4 4.25 4.25 7.5 7.5 7.5 16.5625 16.5625 14 14 14 8.875 8.875 8.125 8.125
 0 0 0 0 0 0 0 0 0 0 0 0 0 0 0 0 0 0 0 0 0 0 0 0 0 0 0 0 0 0 0 0 0 0 0 0 0 0 0 0 0 0 0 0 0 0 0 0 0 0 0 0 0 0 0 0 0 0 0 0 0 0 0 0 0 0 0 0 0 0 0 0 0 0 0 0 0 0 0 0 0 0 0 0 0 0 0 0 0 0 0 0 0 0 0 0 0 0 0 0 0 0 0 0 0 0 0 0 0 0 0 0 0 0 0 0 0 0 0 0 0 0 0.0625 0.0625 0.0625 0.1875 0.1875 0.1875 0.1875 0.1875 0.125 0.125 0.1875 0.1875 0.1875 0.375 0.375 0.9375 0.9375 0.9375 2.0625 2.0625 3.625 3.625 3.625 4.1875 4.1875 2.875 2.875 2.875 3 3 4.125 4.125 4.125 5.6875 5.6875 8.25 8.25 8.25 12.3125 12.3125 8 8 8 6.375 6.375 7.375 7.375
 0 0 0 0 0 0 0 0 0 0 0 0 0 0 0 0 0 0 0 0 0 0 0 0 0 0 0 0 0 0 0 0 0 0 0 0 0 0 0 0 0 0 0 0 0 0 0 0 0 0 0 0 0 0 0 0 0 0 0 0 0 0 0 0 0 0 0 0 0 0 0 0 0 0 0 0 0 0 0 0 0 0 0 0 0 0 0 0 0 0 0 0 0 0 0 0 0 0 0 0 0 0 0 0 0 0 0 0 0 0 0 0 0 0 0 0 0 0 0 0 0 0 0.0625 0.0625 0.0625 0.1875 0.1875 0.1875 0.1875 0.1875 0.125 0.125 0.1875 0.1875 0.1875 0.375 0.375 0.9375 0.9375 0.9375 2.0625 2.0625 3.625 3.625 3.625 4.1875 4.1875 2.875 2.875 2.875 3 3 4.125 4.125 4.125 5.6875 5.6875 8.25 8.25 8.25 12.3125 12.3125 8 8 8 6.375 6.375 7.375 7.375
 0 0 0 0 0 0 0 0 0 0 0 0 0 0 0 0 0 0 0 0 0 0 0 0 0 0 0 0 0 0 0 0 0 0 0 0 0 0 0 0 0 0 0 0 0 0 0 0 0 0 0 0 0 0 0 0 0 0 0 0 0 0 0 0 0 0 0 0 0 0 0 0 0 0 0 0 0 0 0 0 0 0 0 0 0 0 0 0 0 0 0 0 0 0 0 0 0 0 0 0 0 0 0 0 0 0 0 0 0 0 0 0 0 0 0 0 0 0.0625 0.0625 0.0625 0.125 0.125 0.1875 0.1875 0.1875 0.1875 0.1875 0.0625 0.0625 0.0625 0.0625 0.0625 0.125 0.125 0.125 0.375 0.375 1.4375 1.4375 1.4375 2.5625 2.5625 4.1875 4.1875 4.1875 3.5 3.5 2.5625 2.5625 2.5625 2.9375 2.9375 5.125 5.125 5.125 5.4375 5.4375 6.8125 6.8125 6.8125 6.5 6.5 5.5625 5.5625 5.5625 4.9375 4.9375 6.5625 6.5625
 0 0 0 0 0 0 0 0 0 0 0 0 0 0 0 0 0 0 0 0 0 0 0 0 0 0 0 0 0 0 0 0 0 0 0 0 0 0 0 0 0 0 0 0 0 0 0 0 0 0 0 0 0 0 0 0 0 0 0 0 0 0 0 0 0 0 0 0 0 0 0 0 0 0 0 0 0 0 0 0 0 0 0 0 0 0 0 0 0 0 0 0 0 0 0 0 0 0 0 0 0 0 0 0 0 0 0 0 0 0 0 0 0 0 0 0 0 0.0625 0.0625 0.0625 0.125 0.125 0.1875 0.1875 0.1875 0.1875 0.1875 0.0625 0.0625 0.0625 0.0625 0.0625 0.125 0.125 0.125 0.375 0.375 1.4375 1.4375 1.4375 2.5625 2.5625 4.1875 4.1875 4.1875 3.5 3.5 2.5625 2.5625 2.5625 2.9375 2.9375 5.125 5.125 5.125 5.4375 5.4375 6.8125 6.8125 6.8125 6.5 6.5 5.5625 5.5625 5.5625 4.9375 4.9375 6.5625 6.5625
 0 0 0 0 0 0 0 0 0 0 0 0 0 0 0 0 0 0 0 0 0 0 0 0 0 0 0 0 0 0 0 0 0 0 0 0 0 0 0 0 0 0 0 0 0 0 0 0 0 0 0 0 0 0 0 0 0 0 0 0 0 0 0 0 0 0 0 0 0 0 0 0 0 0 0 0 0 0 0 0 0 0 0 0 0 0 0 0 0 0 0 0 0 0 0 0 0 0 0 0 0 0 0 0 0 0 0 0 0 0 0 0 0 0 0 0 0 0.0625 0.0625 0.0625 0.125 0.125 0.1875 0.1875 0.1875 0.1875 0.1875 0.0625 0.0625 0.0625 0.0625 0.0625 0.125 0.125 0.125 0.375 0.375 1.4375 1.4375 1.4375 2.5625 2.5625 4.1875 4.1875 4.1875 3.5 3.5 2.5625 2.5625 2.5625 2.9375 2.9375 5.125 5.125 5.125 5.4375 5.4375 6.8125 6.8125 6.8125 6.5 6.5 5.5625 5.5625 5.5625 4.9375 4.9375 6.5625 6.5625
 0 0 0 0 0 0 0 0 0 0 0 0 0 0 0 0 0 0 0 0 0 0 0 0 0 0 0 0 0 0 0 0 0 0 0 0 0 0 0 0 0 0 0 0 0 0 0 0 0 0 0 0 0 0 0 0 0 0 0 0 0 0 0 0 0 0 0 0 0 0 0 0 0 0 0 0 0 0 0 0 0 0 0 0 0 0 0 0 0 0 0 0 0 0 0 0 0 0 0 0 0 0 0 0 0 0 0 0 0 0 0 0 0 0 0 0.0625 0.0625 0.25 0.25 0.25 0.3125 0.3125 0.1875 0.1875 0.1875 0.0625 0.0625 0 0 0 0.0625 0.0625 0.1875 0.1875 0.1875 0.875 0.875 1.6875 1.6875 1.6875 2.875 2.875 4.25 4.25 4.25 3.1875 3.1875 2.625 2.625 2.625 3.8125 3.8125 5.3125 5.3125 5.3125 3.625 3.625 3.5 3.5 3.5 3.5625 3.5625 4.3125 4.3125 4.3125 5.375 5.375 6 6
 0 0 0 0 0 0 0 0 0 0 0 0 0 0 0 0 0 0 0 0 0 0 0 0 0 0 0 0 0 0 0 0 0 0 0 0 0 0 0 0 0 0 0 0 0 0 0 0 0 0 0 0 0 0 0 0 0 0 0 0 0 0 0 0 0 0 0 0 0 0 0 0 0 0 0 0 0 0 0 0 0 0 0 0 0 0 0 0 0 0 0 0 0 0 0 0 0 0 0 0 0 0 0 0 0 0 0 0 0 0 0 0 0 0 0 0.0625 0.0625 0.25 0.25 0.25 0.3125 0.3125 0.1875 0.1875 0.1875 0.0625 0.0625 0 0 0 0.0625 0.0625 0.1875 0.1875 0.1875 0.875 0.875 1.6875 1.6875 1.6875 2.875 2.875 4.25 4.25 4.25 3.1875 3.1875 2.625 2.625 2.625 3.8125 3.8125 5.3125 5.3125 5.3125 3.625 3.625 3.5 3.5 3.5 3.5625 3.5625 4.3125 4.3125 4.3125 5.375 5.375 6 6
 0 0 0 0 0 0 0 0 0 0 0 0 0 0 0 0 0 0 0 0 0 0 0 0 0 0 0 0 0 0 0 0 0 0 0 0 0 0 0 0 0 0 0 0 0 0 0 0 0 0 0 0 0 0 0 0 0 0 0 0 0 0 0 0 0 0 0 0 0 0 0 0 0 0 0 0 0 0 0 0 0 0 0 0 0 0 0 0 0 0 0 0 0 0 0 0 0 0 0 0 0 0 0 0 0 0 0 0 0 0 0 0 0.0625 0.0625 0.0625 0.1875 0.1875 0.25 0.25 0.25 0.1875 0.1875 0.125 0.125 0.125 0 0 0 0 0 0.0625 0.0625 0.5 0.5 0.5 1.375 1.375 1.5 1.5 1.5 2.5 2.5 3.4375 3.4375 3.4375 2.8125 2.8125 3.1875 3.1875 3.1875 4.8125 4.8125 3.5 3.5 3.5 1.8125 1.8125 2 2 2 2.75 2.75 3.625 3.625 3.625 4.0625 4.0625 5.75 5.75
 0 0 0 0 0 0 0 0 0 0 0 0 0 0 0 0 0 0 0 0 0 0 0 0 0 0 0 0 0 0 0 0 0 0 0 0 0 0 0 0 0 0 0 0 0 0 0 0 0 0 0 0 0 0 0 0 0 0 0 0 0 0 0 0 0 0 0 0 0 0 0 0 0 0 0 0 0 0 0 0 0 0 0 0 0 0 0 0 0 0 0 0 0 0 0 0 0 0 0 0 0 0 0 0 0 0 0 0 0 0 0 0 0.0625 0.0625 0.0625 0.1875 0.1875 0.25 0.25 0.25 0.1875 0.1875 0.125 0.125 0.125 0 0 0 0 0 0.0625 0.0625 0.5 0.5 0.5 1.375 1.375 1.5 1.5 1.5 2.5 2.5 3.4375 3.4375 3.4375 2.8125 2.8125 3.1875 3.1875 3.1875 4.8125 4.8125 3.5 3.5 3.5 1.8125 1.8125 2 2 2 2.75 2.75 3.625 3.625 3.625 4.0625 4.0625 5.75 5.75
 0 0 0 0 0 0 0 0 0 0 0 0 0 0 0 0 0 0 0 0 0 0 0 0 0 0 0 0 0 0 0 0 0 0 0 0 0 0 0 0 0 0 0 0 0 0 0 0 0 0 0 0 0 0 0 0 0 0 0 0 0 0 0 0 0 0 0 0 0 0 0 0 0 0 0 0 0 0 0 0 0 0 0 0 0 0 0 0 0 0 0 0 0 0 0 0 0 0 0 0 0 0 0 0 0 0 0 0 0 0 0 0 0.0625 0.0625 0.0625 0.1875 0.1875 0.25 0.25 0.25 0.1875 0.1875 0.125 0.125 0.125 0 0 0 0 0 0.0625 0.0625 0.5 0.5 0.5 1.375 1.375 1.5 1.5 1.5 2.5 2.5 3.4375 3.4375 3.4375 2.8125 2.8125 3.1875 3.1875 3.1875 4.8125 4.8125 3.5 3.5 3.5 1.8125 1.8125 2 2 2 2.75 2.75 3.625 3.625 3.625 4.0625 4.0625 5.75 5.75
 0 0 0 0 0 0 0 0 0 0 0 0 0 0 0 0 0 0 0 0 0 0 0 0 0 0 0 0 0 0 0 0 0 0 0 0 0 0 0 0 0 0 0 0 0 0 0 0 0 0 0 0 0 0 0 0 0 0 0 0 0 0 0 0 0 0 0 0 0 0 0 0 0 0 0 0 0 0 0 0 0 0 0 0 0 0 0 0 0 0 0 0 0 0 0 0 0 0 0 0 0 0 0 0 0 0 0 0 0 0 0.0625 0.0625 0.125 0.125 0.125 0.125 0.125 0.125 0.125 0.125 0.1875 0.1875 0.125 0.125 0.125 0.0625 0.0625 0.0625 0.0625 0.0625 0.1875 0.1875 0.8125 0.8125 0.8125 1.125 1.125 1.375 1.375 1.375 2.375 2.375 3.0625 3.0625 3.0625 2.9375 2.9375 4.375 4.375 4.375 3.9375 3.9375 1.125 1.125 1.125 0.875 0.875 1.6875 1.6875 1.6875 2.6875 2.6875 2.75 2.75 2.75 3.625 3.625 6.3125 6.3125
 0 0 0 0 0 0 0 0 0 0 0 0 0 0 0 0 0 0 0 0 0 0 0 0 0 0 0 0 0 0 0 0 0 0 0 0 0 0 0 0 0 0 0 0 0 0 0 0 0 0 0 0 0 0 0 0 0 0 0 0 0 0 0 0 0 0 0 0 0 0 0 0 0 0 0 0 0 0 0 0 0 0 0 0 0 0 0 0 0 0 0 0 0 0 0 0 0 0 0 0 0 0 0 0 0 0 0 0 0 0 0.0625 0.0625 0.125 0.125 0.125 0.125 0.125 0.125 0.125 0.125 0.1875 0.1875 0.125 0.125 0.125 0.0625 0.0625 0.0625 0.0625 0.0625 0.1875 0.1875 0.8125 0.8125 0.8125 1.125 1.125 1.375 1.375 1.375 2.375 2.375 3.0625 3.0625 3.0625 2.9375 2.9375 4.375 4.375 4.375 3.9375 3.9375 1.125 1.125 1.125 0.875 0.875 1.6875 1.6875 1.6875 2.6875 2.6875 2.75 2.75 2.75 3.625 3.625 6.3125 6.3125
 0 0 0 0 0 0 0 0 0 0 0 0 0 0 0 0 0 0 0 0 0 0 0 0 0 0 0 0 0 0 0 0 0 0 0 0 0 0 0 0 0 0 0 0 0 0 0 0 0 0 0 0 0 0 0 0 0 0 0 0 0 0 0 0 0 0 0 0 0 0 0 0 0 0 0 0 0 0 0 0 0 0 0 0 0 0 0 0 0 0 0 0 0 0 0 0 0 0 0 0 0 0 0 0 0 0 0 0 0 0 0.0625 0.0625 0.0625 0.0625 0.0625 0.0625 0.0625 0.125 0.125 0.125 0.125 0.125 0.0625 0.0625 0.0625 0.0625 0.0625 0.125 0.125 0.125 0.375 0.375 0.4375 0.4375 0.4375 0.625 0.625 1.8125 1.8125 1.8125 3.375 3.375 3.1875 3.1875 3.1875 4.3125 4.3125 4.9375 4.9375 4.9375 1.8125 1.8125 0.25 0.25 0.25 0.5 0.5 1.5 1.5 1.5 1.625 1.625 2.1875 2.1875 2.1875 3.875 3.875 5.125 5.125
 0 0 0 0 0 0 0 0 0 0 0 0 0 0 0 0 0 0 0 0 0 0 0 0 0 0 0 0 0 0 0 0 0 0 0 0 0 0 0 0 0 0 0 0 0 0 0 0 0 0 0 0 0 0 0 0 0 0 0 0 0 0 0 0 0 0 0 0 0 0 0 0 0 0 0 0 0 0 0 0 0 0 0 0 0 0 0 0 0 0 0 0 0 0 0 0 0 0 0 0 0 0 0 0 0 0 0 0 0 0 0.0625 0.0625 0.0625 0.0625 0.0625 0.0625 0.0625 0.125 0.125 0.125 0.125 0.125 0.0625 0.0625 0.0625 0.0625 0.0625 0.125 0.125 0.125 0.375 0.375 0.4375 0.4375 0.4375 0.625 0.625 1.8125 1.8125 1.8125 3.375 3.375 3.1875 3.1875 3.1875 4.3125 4.3125 4.9375 4.9375 4.9375 1.8125 1.8125 0.25 0.25 0.25 0.5 0.5 1.5 1.5 1.5 1.625 1.625 2.1875 2.1875 2.1875 3.875 3.875 5.125 5.125
 0 0 0 0 0 0 0 0 0 0 0 0 0 0 0 0 0 0 0 0 0 0 0 0 0 0 0 0 0 0 0 0 0 0 0 0 0 0 0 0 0 0 0 0 0 0 0 0 0 0 0 0 0 0 0 0 0 0 0 0 0 0 0 0 0 0 0 0 0 0 0 0 0 0 0 0 0 0 0 0 0 0 0 0 0 0 0 0 0 0 0 0 0 0 0 0 0 0 0 0 0 0 0 0 0 0 0 0 0 0 0.0625 0.0625 0.0625 0.0625 0.0625 0.0625 0.0625 0.125 0.125 0.125 0.125 0.125 0.0625 0.0625 0.0625 0.0625 0.0625 0.125 0.125 0.125 0.375 0.375 0.4375 0.4375 0.4375 0.625 0.625 1.8125 1.8125 1.8125 3.375 3.375 3.1875 3.1875 3.1875 4.3125 4.3125 4.9375 4.9375 4.9375 1.8125 1.8125 0.25 0.25 0.25 0.5 0.5 1.5 1.5 1.5 1.625 1.625 2.1875 2.1875 2.1875 3.875 3.875 5.125 5.125
 0 0 0 0 0 0 0 0 0 0 0 0 0 0 0 0 0 0 0 0 0 0 0 0 0 0 0 0 0 0 0 0 0 0 0 0 0 0 0 0 0 0 0 0 0 0 0 0 0 0 0 0 0 0 0 0 0 0 0 0 0 0 0 0 0 0 0 0 0 0 0 0 0 0 0 0 0 0 0 0 0 0 0 0 0 0 0 0 0 0 0 0 0 0 0 0 0 0 0 0 0 0 0 0 0 0 0 0 0 0 0.0625 0.0625 0.0625 0.0625 0.0625 0.0625 0.0625 0.125 0.125 0.125 0.0625 0.0625 0.0625 0.0625 0.0625 0.1875 0.1875 0.3125 0.3125 0.3125 0.3125 0.3125 0.125 0.125 0.125 0.875 0.875 3.375 3.375 3.375 3.9375 3.9375 4.4375 4.4375 4.4375 5.625 5.625 2.9375 2.9375 2.9375 0.5 0.5 0.3125 0.3125 0.3125 0.625 0.625 0.625 0.625 0.625 0.8125 0.8125 1.9375 1.9375 1.9375 4.375 4.375 6.5 6.5
 0 0 0 0 0 0 0 0 0 0 0 0 0 0 0 0 0 0 0 0 0 0 0 0 0 0 0 0 0 0 0 0 0 0 0 0 0 0 0 0 0 0 0 0 0 0 0 0 0 0 0 0 0 0 0 0 0 0 0 0 0 0 0 0 0 0 0 0 0 0 0 0 0 0 0 0 0 0 0 0 0 0 0 0 0 0 0 0 0 0 0 0 0 0 0 0 0 0 0 0 0 0 0 0 0 0 0 0 0 0 0.0625 0.0625 0.0625 0.0625 0.0625 0.0625 0.0625 0.125 0.125 0.125 0.0625 0.0625 0.0625 0.0625 0.0625 0.1875 0.1875 0.3125 0.3125 0.3125 0.3125 0.3125 0.125 0.125 0.125 0.875 0.875 3.375 3.375 3.375 3.9375 3.9375 4.4375 4.4375 4.4375 5.625 5.625 2.9375 2.9375 2.9375 0.5 0.5 0.3125 0.3125 0.3125 0.625 0.625 0.625 0.625 0.625 0.8125 0.8125 1.9375 1.9375 1.9375 4.375 4.375 6.5 6.5
 0 0 0 0 0 0 0 0 0 0 0 0 0 0 0 0 0 0 0 0 0 0 0 0 0 0 0 0 0 0 0 0 0 0 0 0 0 0 0 0 0 0 0 0 0 0 0 0 0 0 0 0 0 0 0 0 0 0 0 0 0 0 0 0 0 0 0 0 0 0 0 0 0 0 0 0 0 0 0 0 0 0 0 0 0 0 0 0 0 0 0 0 0 0 0 0 0 0 0 0 0 0 0 0 0 0 0 0 0 0 0 0 0.0625 0.0625 0.0625 0.0625 0.0625 0.125 0.125 0.125 0.0625 0.0625 0.125 0.125 0.125 0.1875 0.1875 0.25 0.25 0.25 0.125 0.125 0.3125 0.3125 0.3125 2.0625 2.0625 4.5 4.5 4.5 4.9375 4.9375 5.5625 5.5625 5.5625 3.4375 3.4375 0.75 0.75 0.75 0.375 0.375 0.5 0.5 0.5 0.3125 0.3125 0.3125 0.3125 0.3125 0.8125 0.8125 1.625 1.625 1.625 4.25 4.25 6.5 6.5
 0 0 0 0 0 0 0 0 0 0 0 0 0 0 0 0 0 0 0 0 0 0 0 0 0 0 0 0 0 0 0 0 0 0 0 0 0 0 0 0 0 0 0 0 0 0 0 0 0 0 0 0 0 0 0 0 0 0 0 0 0 0 0 0 0 0 0 0 0 0 0 0 0 0 0 0 0 0 0 0 0 0 0 0 0 0 0 0 0 0 0 0 0 0 0 0 0 0 0 0 0 0 0 0 0 0 0 0 0 0 0 0 0.0625 0.0625 0.0625 0.0625 0.0625 0.125 0.125 0.125 0.0625 0.0625 0.125 0.125 0.125 0.1875 0.1875 0.25 0.25 0.25 0.125 0.125 0.3125 0.3125 0.3125 2.0625 2.0625 4.5 4.5 4.5 4.9375 4.9375 5.5625 5.5625 5.5625 3.4375 3.4375 0.75 0.75 0.75 0.375 0.375 0.5 0.5 0.5 0.3125 0.3125 0.3125 0.3125 0.3125 0.8125 0.8125 1.625 1.625 1.625 4.25 4.25 6.5 6.5
 0 0 0 0 0 0 0 0 0 0 0 0 0 0 0 0 0 0 0 0 0 0 0 0 0 0 0 0 0 0 0 0 0 0 0 0 0 0 0 0 0 0 0 0 0 0 0 0 0 0 0 0 0 0 0 0 0 0 0 0 0 0 0 0 0 0 0 0 0 0 0 0 0 0 0 0 0 0 0 0 0 0 0 0 0 0 0 0 0 0 0 0 0 0 0 0 0 0 0 0 0 0 0 0 0 0 0 0 0 0 0 0 0.0625 0.0625 0.0625 0.0625 0.0625 0.125 0.125 0.125 0.0625 0.0625 0.125 0.125 0.125 0.1875 0.1875 0.25 0.25 0.25 0.125 0.125 0.3125 0.3125 0.3125 2.0625 2.0625 4.5 4.5 4.5 4.9375 4.9375 5.5625 5.5625 5.5625 3.4375 3.4375 0.75 0.75 0.75 0.375 0.375 0.5 0.5 0.5 0.3125 0.3125 0.3125 0.3125 0.3125 0.8125 0.8125 1.625 1.625 1.625 4.25 4.25 6.5 6.5
 0 0 0 0 0 0 0 0 0 0 0 0 0 0 0 0 0 0 0 0 0 0 0 0 0 0 0 0 0 0 0 0 0 0 0 0 0 0 0 0 0 0 0 0 0 0 0 0 0 0 0 0 0 0 0 0 0 0 0 0 0 0 0 0 0 0 0 0 0 0 0 0 0 0 0 0 0 0 0 0 0 0 0 0 0 0 0 0 0 0 0 0 0 0 0 0 0 0 0 0 0 0 0 0 0 0 0 0 0 0 0 0 0.0625 0.0625 0.0625 0.0625 0.0625 0.0625 0.0625 0.0625 0.0625 0.0625 0.0625 0.0625 0.0625 0.0625 0.0625 0 0 0 0.0625 0.0625 0.6875 0.6875 0.6875 3.1875 3.1875 5.0625 5.0625 5.0625 4.75 4.75 3.3125 3.3125 3.3125 0.875 0.875 0.375 0.375 0.375 0.375 0.375 0.125 0.125 0.125 0.1875 0.1875 0.4375 0.4375 0.4375 0.9375 0.9375 2.8125 2.8125 2.8125 3.4375 3.4375 5.1875 5.1875
 0 0 0 0 0 0 0 0 0 0 0 0 0 0 0 0 0 0 0 0 0 0 0 0 0 0 0 0 0 0 0 0 0 0 0 0 0 0 0 0 0 0 0 0 0 0 0 0 0 0 0 0 0 0 0 0 0 0 0 0 0 0 0 0 0 0 0 0 0 0 0 0 0 0 0 0 0 0 0 0 0 0 0 0 0 0 0 0 0 0 0 0 0 0 0 0 0 0 0 0 0 0 0 0 0 0 0 0 0 0 0 0 0.0625 0.0625 0.0625 0.0625 0.0625 0.0625 0.0625 0.0625 0.0625 0.0625 0.0625 0.0625 0.0625 0.0625 0.0625 0 0 0 0.0625 0.0625 0.6875 0.6875 0.6875 3.1875 3.1875 5.0625 5.0625 5.0625 4.75 4.75 3.3125 3.3125 3.3125 0.875 0.875 0.375 0.375 0.375 0.375 0.375 0.125 0.125 0.125 0.1875 0.1875 0.4375 0.4375 0.4375 0.9375 0.9375 2.8125 2.8125 2.8125 3.4375 3.4375 5.1875 5.1875
 0 0 0 0 0 0 0 0 0 0 0 0 0 0 0 0 0 0 0 0 0 0 0 0 0 0 0 0 0 0 0 0 0 0 0 0 0 0 0 0 0 0 0 0 0 0 0 0 0 0 0 0 0 0 0 0 0 0 0 0 0 0 0 0 0 0 0 0 0 0 0 0 0 0 0 0 0 0 0 0 0 0 0 0 0 0 0 0 0 0 0 0 0 0 0 0 0 0 0 0 0 0 0 0 0 0 0 0 0 0 0 0 0 0 0 0 0 0 0 0 0 0 0 0 0 0 0 0 0 0 0.1875 0.1875 1.5 1.5 1.5 3.375 3.375 2.9375 2.9375 2.9375 1.9375 1.9375 0.875 0.875 0.875 0.5 0.5 0.25 0.25 0.25 0.0625 0.0625 0.25 0.25 0.25 0.75 0.75 1.25 1.25 1.25 2.0625 2.0625 2.8125 2.8125 2.8125 2.75 2.75 6.1875 6.1875
 0 0 0 0 0 0 0 0 0 0 0 0 0 0 0 0 0 0 0 0 0 0 0 0 0 0 0 0 0 0 0 0 0 0 0 0 0 0 0 0 0 0 0 0 0 0 0 0 0 0 0 0 0 0 0 0 0 0 0 0 0 0 0 0 0 0 0 0 0 0 0 0 0 0 0 0 0 0 0 0 0 0 0 0 0 0 0 0 0 0 0 0 0 0 0 0 0 0 0 0 0 0 0 0 0 0 0 0 0 0 0 0 0 0 0 0 0 0 0 0 0 0 0 0 0 0 0 0 0 0 0.1875 0.1875 1.5 1.5 1.5 3.375 3.375 2.9375 2.9375 2.9375 1.9375 1.9375 0.875 0.875 0.875 0.5 0.5 0.25 0.25 0.25 0.0625 0.0625 0.25 0.25 0.25 0.75 0.75 1.25 1.25 1.25 2.0625 2.0625 2.8125 2.8125 2.8125 2.75 2.75 6.1875 6.1875
 0 0 0 0 0 0 0 0 0 0 0 0 0 0 0 0 0 0 0 0 0 0 0 0 0 0 0 0 0 0 0 0 0 0 0 0 0 0 0 0 0 0 0 0 0 0 0 0 0 0 0 0 0 0 0 0 0 0 0 0 0 0 0 0 0 0 0 0 0 0 0 0 0 0 0 0 0 0 0 0 0 0 0 0 0 0 0 0 0 0 0 0 0 0 0 0 0 0 0 0 0 0 0 0 0 0 0 0 0 0 0 0 0 0 0 0 0 0 0 0 0 0 0 0 0 0 0 0 0 0 0.1875 0.1875 1.5 1.5 1.5 3.375 3.375 2.9375 2.9375 2.9375 1.9375 1.9375 0.875 0.875 0.875 0.5 0.5 0.25 0.25 0.25 0.0625 0.0625 0.25 0.25 0.25 0.75 0.75 1.25 1.25 1.25 2.0625 2.0625 2.8125 2.8125 2.8125 2.75 2.75 6.1875 6.1875
 0 0 0 0 0 0 0 0 0 0 0 0 0 0 0 0 0 0 0 0 0 0 0 0 0 0 0 0 0 0 0 0 0 0 0 0 0 0 0 0 0 0 0 0 0 0 0 0 0 0 0 0 0 0 0 0 0 0 0 0 0 0 0 0 0 0 0 0 0 0 0 0 0 0 0 0 0 0 0 0 0 0 0 0 0 0 0 0 0 0 0 0 0 0 0 0 0 0 0 0 0 0 0 0 0 0 0 0 0 0 0 0 0 0 0 0 0 0 0 0 0 0 0 0 0 0 0 0.0625 0.0625 0.0625 0.6875 0.6875 1.875 1.875 1.875 1.5625 1.5625 0.8125 0.8125 0.8125 0.875 0.875 0.8125 0.8125 0.8125 0.25 0.25 0 0 0 0.125 0.125 0.75 0.75 0.75 1.3125 1.3125 1.75 1.75 1.75 2.1875 2.1875 3.0625 3.0625 3.0625 3.9375 3.9375 5.375 5.375
 0 0 0 0 0 0 0 0 0 0 0 0 0 0 0 0 0 0 0 0 0 0 0 0 0 0 0 0 0 0 0 0 0 0 0 0 0 0 0 0 0 0 0 0 0 0 0 0 0 0 0 0 0 0 0 0 0 0 0 0 0 0 0 0 0 0 0 0 0 0 0 0 0 0 0 0 0 0 0 0 0 0 0 0 0 0 0 0 0 0 0 0 0 0 0 0 0 0 0 0 0 0 0 0 0 0 0 0 0 0 0 0 0 0 0 0 0 0 0 0 0 0 0 0 0 0 0 0.0625 0.0625 0.0625 0.6875 0.6875 1.875 1.875 1.875 1.5625 1.5625 0.8125 0.8125 0.8125 0.875 0.875 0.8125 0.8125 0.8125 0.25 0.25 0 0 0 0.125 0.125 0.75 0.75 0.75 1.3125 1.3125 1.75 1.75 1.75 2.1875 2.1875 3.0625 3.0625 3.0625 3.9375 3.9375 5.375 5.375
 0 0 0 0 0 0 0 0 0 0 0 0 0 0 0 0 0 0 0 0 0 0 0 0 0 0 0 0 0 0 0 0 0 0 0 0 0 0 0 0 0 0 0 0 0 0 0 0 0 0 0 0 0 0 0 0 0 0 0 0 0 0 0 0 0 0 0 0 0 0 0 0 0 0 0 0 0 0 0 0 0 0 0 0 0 0 0 0 0 0 0 0 0 0 0 0 0 0 0 0 0 0 0 0 0 0 0 0 0 0 0 0 0 0 0 0 0 0 0 0 0 0 0 0 0 0 0 0.125 0.125 0.125 0.5625 0.5625 0.6875 0.6875 0.6875 0.25 0.25 0.875 0.875 0.875 1.3125 1.3125 0.3125 0.3125 0.3125 0 0 0.0625 0.0625 0.0625 0.5625 0.5625 1.25 1.25 1.25 1.375 1.375 1.6875 1.6875 1.6875 2.5 2.5 4 4 4 4.5625 4.5625 3.3125 3.3125
 0 0 0 0 0 0 0 0 0 0 0 0 0 0 0 0 0 0 0 0 0 0 0 0 0 0 0 0 0 0 0 0 0 0 0 0 0 0 0 0 0 0 0 0 0 0 0 0 0 0 0 0 0 0 0 0 0 0 0 0 0 0 0 0 0 0 0 0 0 0 0 0 0 0 0 0 0 0 0 0 0 0 0 0 0 0 0 0 0 0 0 0 0 0 0 0 0 0 0 0 0 0 0 0 0 0 0 0 0 0 0 0 0 0 0 0 0 0 0 0 0 0 0 0 0 0 0 0.125 0.125 0.125 0.5625 0.5625 0.6875 0.6875 0.6875 0.25 0.25 0.875 0.875 0.875 1.3125 1.3125 0.3125 0.3125 0.3125 0 0 0.0625 0.0625 0.0625 0.5625 0.5625 1.25 1.25 1.25 1.375 1.375 1.6875 1.6875 1.6875 2.5 2.5 4 4 4 4.5625 4.5625 3.3125 3.3125
 0 0 0 0 0 0 0 0 0 0 0 0 0 0 0 0 0 0 0 0 0 0 0 0 0 0 0 0 0 0 0 0 0 0 0 0 0 0 0 0 0 0 0 0 0 0 0 0 0 0 0 0 0 0 0 0 0 0 0 0 0 0 0 0 0 0 0 0 0 0 0 0 0 0 0 0 0 0 0 0 0 0 0 0 0 0 0 0 0 0 0 0 0 0 0 0 0 0 0 0 0 0 0 0 0 0 0 0 0 0 0 0 0 0 0 0 0 0 0 0 0 0 0 0 0 0 0 0.125 0.125 0.125 0.5625 0.5625 0.6875 0.6875 0.6875 0.25 0.25 0.875 0.875 0.875 1.3125 1.3125 0.3125 0.3125 0.3125 0 0 0.0625 0.0625 0.0625 0.5625 0.5625 1.25 1.25 1.25 1.375 1.375 1.6875 1.6875 1.6875 2.5 2.5 4 4 4 4.5625 4.5625 3.3125 3.3125
 0 0 0 0 0 0 0 0 0 0 0 0 0 0 0 0 0 0 0 0 0 0 0 0 0 0 0 0 0 0 0 0 0 0 0 0 0 0 0 0 0 0 0 0 0 0 0 0 0 0 0 0 0 0 0 0 0 0 0 0 0 0 0 0 0 0 0 0 0 0 0 0 0 0 0 0 0 0 0 0 0 0 0 0 0 0 0 0 0 0 0 0 0 0 0 0 0 0 0 0 0 0 0 0 0 0 0 0 0 0 0 0 0 0 0 0 0 0 0 0 0 0 0 0 0 0.125 0.125 0.0625 0.0625 0.0625 0.0625 0.0625 0.0625 0.0625 0.0625 0.8125 0.8125 1.5625 1.5625 1.5625 0.75 0.75 0.125 0.125 0.125 0 0 0.0625 0.0625 0.0625 0.625 0.625 1.25 1.25 1.25 1.0625 1.0625 2.125 2.125 2.125 3.6875 3.6875 3.875 3.875 3.875 3.0625 3.0625 1.875 1.875
 0 0 0 0 0 0 0 0 0 0 0 0 0 0 0 0 0 0 0 0 0 0 0 0 0 0 0 0 0 0 0 0 0 0 0 0 0 0 0 0 0 0 0 0 0 0 0 0 0 0 0 0 0 0 0 0 0 0 0 0 0 0 0 0 0 0 0 0 0 0 0 0 0 0 0 0 0 0 0 0 0 0 0 0 0 0 0 0 0 0 0 0 0 0 0 0 0 0 0 0 0 0 0 0 0 0 0 0 0 0 0 0 0 0 0 0 0 0 0 0 0 0 0 0 0 0.125 0.125 0.0625 0.0625 0.0625 0.0625 0.0625 0.0625 0.0625 0.0625 0.8125 0.8125 1.5625 1.5625 1.5625 0.75 0.75 0.125 0.125 0.125 0 0 0.0625 0.0625 0.0625 0.625 0.625 1.25 1.25 1.25 1.0625 1.0625 2.125 2.125 2.125 3.6875 3.6875 3.875 3.875 3.875 3.0625 3.0625 1.875 1.875
 0 0 0 0 0 0 0 0 0 0 0 0 0 0 0 0 0 0 0 0 0 0 0 0 0 0 0 0 0 0 0 0 0 0 0 0 0 0 0 0 0 0 0 0 0 0 0 0 0 0 0 0 0 0 0 0 0 0 0 0 0 0 0 0 0 0 0 0 0 0 0 0 0 0 0 0 0 0 0 0 0 0 0 0 0 0 0 0 0 0 0 0 0 0 0 0 0 0 0 0 0 0 0 0 0 0 0 0 0 0 0 0 0 0 0 0 0 0 0 0 0 0 0.125 0.125 0.125 0.125 0.125 0 0 0 0.0625 0.0625 0.5625 0.5625 0.5625 0.9375 0.9375 0.6875 0.6875 0.6875 0.3125 0.3125 0.0625 0.0625 0.0625 0 0 0.0625 0.0625 0.0625 0.25 0.25 0.5625 0.5625 0.5625 1.1875 1.1875 2.8125 2.8125 2.8125 3.3125 3.3125 2.5625 2.5625 2.5625 2.25 2.25 1.25 1.25
 0 0 0 0 0 0 0 0 0 0 0 0 0 0 0 0 0 0 0 0 0 0 0 0 0 0 0 0 0 0 0 0 0 0 0 0 0 0 0 0 0 0 0 0 0 0 0 0 0 0 0 0 0 0 0 0 0 0 0 0 0 0 0 0 0 0 0 0 0 0 0 0 0 0 0 0 0 0 0 0 0 0 0 0 0 0 0 0 0 0 0 0 0 0 0 0 0 0 0 0 0 0 0 0 0 0 0 0 0 0 0 0 0 0 0 0 0 0 0 0 0 0 0.125 0.125 0.125 0.125 0.125 0 0 0 0.0625 0.0625 0.5625 0.5625 0.5625 0.9375 0.9375 0.6875 0.6875 0.6875 0.3125 0.3125 0.0625 0.0625 0.0625 0 0 0.0625 0.0625 0.0625 0.25 0.25 0.5625 0.5625 0.5625 1.1875 1.1875 2.8125 2.8125 2.8125 3.3125 3.3125 2.5625 2.5625 2.5625 2.25 2.25 1.25 1.25
 0 0 0 0 0 0 0 0 0 0 0 0 0 0 0 0 0 0 0 0 0 0 0 0 0 0 0 0 0 0 0 0 0 0 0 0 0 0 0 0 0 0 0 0 0 0 0 0 0 0 0 0 0 0 0 0 0 0 0 0 0 0 0 0 0 0 0 0 0 0 0 0 0 0 0 0 0 0 0 0 0 0 0 0 0 0 0 0 0 0 0 0 0 0 0 0 0 0 0 0 0 0 0 0 0 0 0 0 0 0 0 0 0 0 0 0 0 0 0 0 0 0 0.125 0.125 0.125 0.125 0.125 0 0 0 0.0625 0.0625 0.5625 0.5625 0.5625 0.9375 0.9375 0.6875 0.6875 0.6875 0.3125 0.3125 0.0625 0.0625 0.0625 0 0 0.0625 0.0625 0.0625 0.25 0.25 0.5625 0.5625 0.5625 1.1875 1.1875 2.8125 2.8125 2.8125 3.3125 3.3125 2.5625 2.5625 2.5625 2.25 2.25 1.25 1.25
 0 0 0 0 0 0 0 0 0 0 0 0 0 0 0 0 0 0 0 0 0 0 0 0 0 0 0 0 0 0 0 0 0 0 0 0 0 0 0 0 0 0 0 0 0 0 0 0 0 0 0 0 0 0 0 0 0 0 0 0 0 0 0 0 0 0 0 0 0 0 0 0 0 0 0 0 0 0 0 0 0 0 0 0 0 0 0 0 0 0 0 0 0 0 0 0 0 0 0 0 0 0 0 0 0 0 0 0 0 0 0 0 0 0 0 0 0 0 0 0 0 0 0.0625 0.0625 0.0625 0 0 0.0625 0.0625 0.0625 0.375 0.375 0.5625 0.5625 0.5625 0.3125 0.3125 0.25 0.25 0.25 0.0625 0.0625 0 0 0 0 0 0 0 0 0.0625 0.0625 0.375 0.375 0.375 1.5625 1.5625 2.5 2.5 2.5 2.5 2.5 1.875 1.875 1.875 1.3125 1.3125 0.5625 0.5625
 0 0 0 0 0 0 0 0 0 0 0 0 0 0 0 0 0 0 0 0 0 0 0 0 0 0 0 0 0 0 0 0 0 0 0 0 0 0 0 0 0 0 0 0 0 0 0 0 0 0 0 0 0 0 0 0 0 0 0 0 0 0 0 0 0 0 0 0 0 0 0 0 0 0 0 0 0 0 0 0 0 0 0 0 0 0 0 0 0 0 0 0 0 0 0 0 0 0 0 0 0 0 0 0 0 0 0 0 0 0 0 0 0 0 0 0 0 0 0 0 0 0 0.0625 0.0625 0.0625 0 0 0.0625 0.0625 0.0625 0.375 0.375 0.5625 0.5625 0.5625 0.3125 0.3125 0.25 0.25 0.25 0.0625 0.0625 0 0 0 0 0 0 0 0 0.0625 0.0625 0.375 0.375 0.375 1.5625 1.5625 2.5 2.5 2.5 2.5 2.5 1.875 1.875 1.875 1.3125 1.3125 0.5625 0.5625
 0 0 0 0 0 0 0 0 0 0 0 0 0 0 0 0 0 0 0 0 0 0 0 0 0 0 0 0 0 0 0 0 0 0 0 0 0 0 0 0 0 0 0 0 0 0 0 0 0 0 0 0 0 0 0 0 0 0 0 0 0 0 0 0 0 0 0 0 0 0 0 0 0 0 0 0 0 0 0 0 0 0 0 0 0 0 0 0 0 0 0 0 0 0 0 0 0 0 0 0 0 0 0 0 0 0 0 0 0 0 0 0 0 0 0 0 0 0 0 0 0 0 0 0 0 0 0 0.25 0.25 0.25 0.375 0.375 0.125 0.125 0.125 0.0625 0.0625 0.0625 0.0625 0.0625 0 0 0 0 0 0 0 0 0 0 0.125 0.125 0.625 0.625 0.625 1.125 1.125 1.875 1.875 1.875 1.625 1.625 1.0625 1.0625 1.0625 0.625 0.625 0.3125 0.3125
 0 0 0 0 0 0 0 0 0 0 0 0 0 0 0 0 0 0 0 0 0 0 0 0 0 0 0 0 0 0 0 0 0 0 0 0 0 0 0 0 0 0 0 0 0 0 0 0 0 0 0 0 0 0 0 0 0 0 0 0 0 0 0 0 0 0 0 0 0 0 0 0 0 0 0 0 0 0 0 0 0 0 0 0 0 0 0 0 0 0 0 0 0 0 0 0 0 0 0 0 0 0 0 0 0 0 0 0 0 0 0 0 0 0 0 0 0 0 0 0 0 0 0 0 0 0 0 0.25 0.25 0.25 0.375 0.375 0.125 0.125 0.125 0.0625 0.0625 0.0625 0.0625 0.0625 0 0 0 0 0 0 0 0 0 0 0.125 0.125 0.625 0.625 0.625 1.125 1.125 1.875 1.875 1.875 1.625 1.625 1.0625 1.0625 1.0625 0.625 0.625 0.3125 0.3125
 0 0 0 0 0 0 0 0 0 0 0 0 0 0 0 0 0 0 0 0 0 0 0 0 0 0 0 0 0 0 0 0 0 0 0 0 0 0 0 0 0 0 0 0 0 0 0 0 0 0 0 0 0 0 0 0 0 0 0 0 0 0 0 0 0 0 0 0 0 0 0 0 0 0 0 0 0 0 0 0 0 0 0 0 0 0 0 0 0 0 0 0 0 0 0 0 0 0 0 0 0 0 0 0 0 0 0 0 0 0 0 0 0 0 0 0 0 0 0 0 0 0 0 0 0 0 0 0.25 0.25 0.25 0.375 0.375 0.125 0.125 0.125 0.0625 0.0625 0.0625 0.0625 0.0625 0 0 0 0 0 0 0 0 0 0 0.125 0.125 0.625 0.625 0.625 1.125 1.125 1.875 1.875 1.875 1.625 1.625 1.0625 1.0625 1.0625 0.625 0.625 0.3125 0.3125
 0 0 0 0 0 0 0 0 0 0 0 0 0 0 0 0 0 0 0 0 0 0 0 0 0 0 0 0 0 0 0 0 0 0 0 0 0 0 0 0 0 0 0 0 0 0 0 0 0 0 0 0 0 0 0 0 0 0 0 0 0 0 0 0 0 0 0 0 0 0 0 0 0 0 0 0 0 0 0 0 0 0 0 0 0 0 0 0 0 0 0 0 0 0 0 0 0 0 0 0 0 0 0 0 0 0 0 0 0 0 0 0 0 0 0 0 0 0 0 0 0 0 0 0 0 0.125 0.125 0.3125 0.3125 0.3125 0.0625 0.0625 0 0 0 0 0 0 0 0 0 0 0 0 0 0 0 0 0 0 0.3125 0.3125 0.8125 0.8125 0.8125 0.75 0.75 1.125 1.125 1.125 0.875 0.875 0.6875 0.6875 0.6875 0.3125 0.3125 0.3125 0.3125
 0 0 0 0 0 0 0 0 0 0 0 0 0 0 0 0 0 0 0 0 0 0 0 0 0 0 0 0 0 0 0 0 0 0 0 0 0 0 0 0 0 0 0 0 0 0 0 0 0 0 0 0 0 0 0 0 0 0 0 0 0 0 0 0 0 0 0 0 0 0 0 0 0 0 0 0 0 0 0 0 0 0 0 0 0 0 0 0 0 0 0 0 0 0 0 0 0 0 0 0 0 0 0 0 0 0 0 0 0 0 0 0 0 0 0 0 0 0 0 0 0 0 0 0 0 0.125 0.125 0.3125 0.3125 0.3125 0.0625 0.0625 0 0 0 0 0 0 0 0 0 0 0 0 0 0 0 0 0 0 0.3125 0.3125 0.8125 0.8125 0.8125 0.75 0.75 1.125 1.125 1.125 0.875 0.875 0.6875 0.6875 0.6875 0.3125 0.3125 0.3125 0.3125
 0 0 0 0 0 0 0 0 0 0 0 0 0 0 0 0 0 0 0 0 0 0 0 0 0 0 0 0 0 0 0 0 0 0 0 0 0 0 0 0 0 0 0 0 0 0 0 0 0 0 0 0 0 0 0 0 0 0 0 0 0 0 0 0 0 0 0 0 0 0 0 0 0 0 0 0 0 0 0 0 0 0 0 0 0 0 0 0 0 0 0 0 0 0 0 0 0 0 0 0 0 0 0 0 0 0 0 0 0 0 0 0 0 0 0 0 0 0 0 0 0 0 0 0 0 0 0 0 0 0 0 0 0 0 0 0 0 0 0 0 0 0 0 0 0 0 0 0.0625 0.0625 0.0625 0.375 0.375 0.75 0.75 0.75 0.625 0.625 0.5625 0.5625 0.5625 0.5 0.5 0.3125 0.3125 0.3125 0.25 0.25 0.3125 0.3125
 0 0 0 0 0 0 0 0 0 0 0 0 0 0 0 0 0 0 0 0 0 0 0 0 0 0 0 0 0 0 0 0 0 0 0 0 0 0 0 0 0 0 0 0 0 0 0 0 0 0 0 0 0 0 0 0 0 0 0 0 0 0 0 0 0 0 0 0 0 0 0 0 0 0 0 0 0 0 0 0 0 0 0 0 0 0 0 0 0 0 0 0 0 0 0 0 0 0 0 0 0 0 0 0 0 0 0 0 0 0 0 0 0 0 0 0 0 0 0 0 0 0 0 0 0 0 0 0 0 0 0 0 0 0 0 0 0 0 0 0 0 0 0 0 0 0 0 0.0625 0.0625 0.0625 0.375 0.375 0.75 0.75 0.75 0.625 0.625 0.5625 0.5625 0.5625 0.5 0.5 0.3125 0.3125 0.3125 0.25 0.25 0.3125 0.3125
