ncols        169
nrows        134
xllcorner    60.900000000000
yllcorner    23.700000000000
cellsize     0.100000000000
NODATA_value  -9999
 0.0 0 0 0 0 0 0 0 0 0 0 0 0 0 0 0 0 0 0 0 0 0 0 0 0 0 0 0 0 0 0 0 0 0 0 0 0 0 0 0 0.0625 0.0625 0.125 0.125 0.125 0.1875 0.1875 0.3125 0.3125 0.3125 0.375 0.375 0.3125 0.3125 0.3125 0.375 0.375 0.25 0.25 0.25 0.1875 0.1875 0.0625 0.0625 0.0625 0 0 0.125 0.125 0.125 0.3125 0.3125 0.25 0.25 0.25 0.375 0.375 1.8125 1.8125 1.8125 3.125 3.125 2.3125 2.3125 2.3125 2.5 2.5 2.9375 2.9375 2.9375 1.5625 1.5625 2.625 2.625 2.625 2.625 2.625 2.25 2.25 2.25 2.0625 2.0625 1.625 1.625 1.625 1.9375 1.9375 2.5625 2.5625 2.5625 2.625 2.625 1.375 1.375 1.375 1.125 1.125 2.125 2.125 2.125 1.625 1.625 1.8125 1.8125 1.8125 1.8125 1.8125 1.9375 1.9375 1.9375 2.25 2.25 3.1875 3.1875 3.1875 3 3 2.875 2.875 2.875 2.375 2.375 1.6875 1.6875 1.6875 1.5 1.5 1.125 1.125 1.125 0.8125 0.8125 0.9375 0.9375 0.9375 1.0625 1.0625 0.9375 0.9375 0.9375 0.3125 0.3125 0.0625 0.0625 0.0625 0 0 0.0625 0.0625
 0 0 0 0 0 0 0 0 0 0 0 0 0 0 0 0 0 0 0 0 0 0 0 0 0 0 0 0 0 0 0 0 0 0 0 0 0 0 0 0 0.0625 0.0625 0.125 0.125 0.125 0.1875 0.1875 0.3125 0.3125 0.3125 0.375 0.375 0.3125 0.3125 0.3125 0.375 0.375 0.25 0.25 0.25 0.1875 0.1875 0.0625 0.0625 0.0625 0 0 0.125 0.125 0.125 0.3125 0.3125 0.25 0.25 0.25 0.375 0.375 1.8125 1.8125 1.8125 3.125 3.125 2.3125 2.3125 2.3125 2.5 2.5 2.9375 2.9375 2.9375 1.5625 1.5625 2.625 2.625 2.625 2.625 2.625 2.25 2.25 2.25 2.0625 2.0625 1.625 1.625 1.625 1.9375 1.9375 2.5625 2.5625 2.5625 2.625 2.625 1.375 1.375 1.375 1.125 1.125 2.125 2.125 2.125 1.625 1.625 1.8125 1.8125 1.8125 1.8125 1.8125 1.9375 1.9375 1.9375 2.25 2.25 3.1875 3.1875 3.1875 3 3 2.875 2.875 2.875 2.375 2.375 1.6875 1.6875 1.6875 1.5 1.5 1.125 1.125 1.125 0.8125 0.8125 0.9375 0.9375 0.9375 1.0625 1.0625 0.9375 0.9375 0.9375 0.3125 0.3125 0.0625 0.0625 0.0625 0 0 0.0625 0.0625
 0 0 0 0 0 0 0 0 0 0 0 0 0 0 0 0 0 0 0 0 0 0 0 0 0 0 0 0 0 0 0 0 0 0 0 0 0 0 0 0 0.0625 0.0625 0.1875 0.1875 0.1875 0.125 0.125 0.125 0.125 0.125 0.1875 0.1875 0.125 0.125 0.125 0.25 0.25 0.1875 0.1875 0.1875 0.0625 0.0625 0 0 0 0.0625 0.0625 0.125 0.125 0.125 0.1875 0.1875 0.5625 0.5625 0.5625 2 2 3.4375 3.4375 3.4375 3.4375 3.4375 2.375 2.375 2.375 2.3125 2.3125 2.6875 2.6875 2.6875 2.0625 2.0625 2.5625 2.5625 2.5625 2.3125 2.3125 2.3125 2.3125 2.3125 2.375 2.375 1.75 1.75 1.75 1.8125 1.8125 2.9375 2.9375 2.9375 2.875 2.875 2 2 2 2.3125 2.3125 2.3125 2.3125 2.3125 1.625 1.625 1.3125 1.3125 1.3125 2 2 2 2 2 3.375 3.375 3.25 3.25 3.25 3.375 3.375 4.875 4.875 4.875 3.8125 3.8125 3.125 3.125 3.125 1.8125 1.8125 1.625 1.625 1.625 1.8125 1.8125 1 1 1 1.125 1.125 1.0625 1.0625 1.0625 0.375 0.375 0.125 0.125 0.125 0.1875 0.1875 0.125 0.125
 0 0 0 0 0 0 0 0 0 0 0 0 0 0 0 0 0 0 0 0 0 0 0 0 0 0 0 0 0 0 0 0 0 0 0 0 0 0 0 0 0.0625 0.0625 0.1875 0.1875 0.1875 0.125 0.125 0.125 0.125 0.125 0.1875 0.1875 0.125 0.125 0.125 0.25 0.25 0.1875 0.1875 0.1875 0.0625 0.0625 0 0 0 0.0625 0.0625 0.125 0.125 0.125 0.1875 0.1875 0.5625 0.5625 0.5625 2 2 3.4375 3.4375 3.4375 3.4375 3.4375 2.375 2.375 2.375 2.3125 2.3125 2.6875 2.6875 2.6875 2.0625 2.0625 2.5625 2.5625 2.5625 2.3125 2.3125 2.3125 2.3125 2.3125 2.375 2.375 1.75 1.75 1.75 1.8125 1.8125 2.9375 2.9375 2.9375 2.875 2.875 2 2 2 2.3125 2.3125 2.3125 2.3125 2.3125 1.625 1.625 1.3125 1.3125 1.3125 2 2 2 2 2 3.375 3.375 3.25 3.25 3.25 3.375 3.375 4.875 4.875 4.875 3.8125 3.8125 3.125 3.125 3.125 1.8125 1.8125 1.625 1.625 1.625 1.8125 1.8125 1 1 1 1.125 1.125 1.0625 1.0625 1.0625 0.375 0.375 0.125 0.125 0.125 0.1875 0.1875 0.125 0.125
 0 0 0 0 0 0 0 0 0 0 0 0 0 0 0 0 0 0 0 0 0 0 0 0 0 0 0 0 0 0 0 0 0 0 0 0 0 0 0 0 0.0625 0.0625 0.1875 0.1875 0.1875 0.125 0.125 0.125 0.125 0.125 0.1875 0.1875 0.125 0.125 0.125 0.25 0.25 0.1875 0.1875 0.1875 0.0625 0.0625 0 0 0 0.0625 0.0625 0.125 0.125 0.125 0.1875 0.1875 0.5625 0.5625 0.5625 2 2 3.4375 3.4375 3.4375 3.4375 3.4375 2.375 2.375 2.375 2.3125 2.3125 2.6875 2.6875 2.6875 2.0625 2.0625 2.5625 2.5625 2.5625 2.3125 2.3125 2.3125 2.3125 2.3125 2.375 2.375 1.75 1.75 1.75 1.8125 1.8125 2.9375 2.9375 2.9375 2.875 2.875 2 2 2 2.3125 2.3125 2.3125 2.3125 2.3125 1.625 1.625 1.3125 1.3125 1.3125 2 2 2 2 2 3.375 3.375 3.25 3.25 3.25 3.375 3.375 4.875 4.875 4.875 3.8125 3.8125 3.125 3.125 3.125 1.8125 1.8125 1.625 1.625 1.625 1.8125 1.8125 1 1 1 1.125 1.125 1.0625 1.0625 1.0625 0.375 0.375 0.125 0.125 0.125 0.1875 0.1875 0.125 0.125
 0 0 0 0 0 0 0 0 0 0 0 0 0 0 0 0 0 0 0 0 0 0 0 0 0 0 0 0 0 0 0 0 0 0 0 0 0 0 0 0 0 0 0.0625 0.0625 0.0625 0 0 0.0625 0.0625 0.0625 0.1875 0.1875 0.125 0.125 0.125 0.3125 0.3125 0.3125 0.3125 0.3125 0.125 0.125 0.3125 0.3125 0.3125 0.75 0.75 0.875 0.875 0.875 0.9375 0.9375 1.875 1.875 1.875 2.5625 2.5625 2.8125 2.8125 2.8125 2.5625 2.5625 2.1875 2.1875 2.1875 2.5 2.5 2.9375 2.9375 2.9375 2.125 2.125 2.25 2.25 2.25 2.1875 2.1875 2.25 2.25 2.25 2.75 2.75 2.5 2.5 2.5 2.5625 2.5625 2.625 2.625 2.625 1.8125 1.8125 1.8125 1.8125 1.8125 3.1875 3.1875 1.5625 1.5625 1.5625 1.25 1.25 1.875 1.875 1.875 2 2 2 2 2 3.375 3.375 2.75 2.75 2.75 1.5 1.5 3.8125 3.8125 3.8125 3.8125 3.8125 3.375 3.375 3.375 3.1875 3.1875 2.125 2.125 2.125 1.9375 1.9375 2.4375 2.4375 2.4375 2.1875 2.1875 1.625 1.625 1.625 1.125 1.125 0.8125 0.8125 0.8125 0.6875 0.6875 0.3125 0.3125
 0 0 0 0 0 0 0 0 0 0 0 0 0 0 0 0 0 0 0 0 0 0 0 0 0 0 0 0 0 0 0 0 0 0 0 0 0 0 0 0 0 0 0.0625 0.0625 0.0625 0 0 0.0625 0.0625 0.0625 0.1875 0.1875 0.125 0.125 0.125 0.3125 0.3125 0.3125 0.3125 0.3125 0.125 0.125 0.3125 0.3125 0.3125 0.75 0.75 0.875 0.875 0.875 0.9375 0.9375 1.875 1.875 1.875 2.5625 2.5625 2.8125 2.8125 2.8125 2.5625 2.5625 2.1875 2.1875 2.1875 2.5 2.5 2.9375 2.9375 2.9375 2.125 2.125 2.25 2.25 2.25 2.1875 2.1875 2.25 2.25 2.25 2.75 2.75 2.5 2.5 2.5 2.5625 2.5625 2.625 2.625 2.625 1.8125 1.8125 1.8125 1.8125 1.8125 3.1875 3.1875 1.5625 1.5625 1.5625 1.25 1.25 1.875 1.875 1.875 2 2 2 2 2 3.375 3.375 2.75 2.75 2.75 1.5 1.5 3.8125 3.8125 3.8125 3.8125 3.8125 3.375 3.375 3.375 3.1875 3.1875 2.125 2.125 2.125 1.9375 1.9375 2.4375 2.4375 2.4375 2.1875 2.1875 1.625 1.625 1.625 1.125 1.125 0.8125 0.8125 0.8125 0.6875 0.6875 0.3125 0.3125
 0 0 0 0 0 0 0 0 0 0 0 0 0 0 0 0 0 0 0 0 0 0 0 0 0 0 0 0.0625 0.0625 0.0625 0.0625 0.0625 0 0 0 0 0 0 0 0 0.0625 0.0625 0 0 0 0 0 0 0 0 0.0625 0.0625 0.125 0.125 0.125 0.0625 0.0625 0.1875 0.1875 0.1875 0.25 0.25 0.5 0.5 0.5 0.375 0.375 0.125 0.125 0.125 0.3125 0.3125 1.5625 1.5625 1.5625 2.125 2.125 1.625 1.625 1.625 1.625 1.625 1.75 1.75 1.75 1.75 1.75 2.25 2.25 2.25 2.3125 2.3125 2.1875 2.1875 2.1875 2.0625 2.0625 2.3125 2.3125 2.3125 2.6875 2.6875 3.5625 3.5625 3.5625 4.8125 4.8125 2.875 2.875 2.875 2.6875 2.6875 3.875 3.875 3.875 2.9375 2.9375 1.1875 1.1875 1.1875 1.6875 1.6875 2.125 2.125 2.125 1.5 1.5 1.625 1.625 1.625 2.625 2.625 3.25 3.25 3.25 2.9375 2.9375 2.3125 2.3125 2.3125 2.75 2.75 3 3 3 2.6875 2.6875 3 3 3 3.0625 3.0625 2.625 2.625 2.625 2.8125 2.8125 2.6875 2.6875 2.6875 2 2 0.625 0.625 0.625 0.375 0.375 0.1875 0.1875
 0 0 0 0 0 0 0 0 0 0 0 0 0 0 0 0 0 0 0 0 0 0 0 0 0 0 0 0.0625 0.0625 0.0625 0.0625 0.0625 0 0 0 0 0 0 0 0 0.0625 0.0625 0 0 0 0 0 0 0 0 0.0625 0.0625 0.125 0.125 0.125 0.0625 0.0625 0.1875 0.1875 0.1875 0.25 0.25 0.5 0.5 0.5 0.375 0.375 0.125 0.125 0.125 0.3125 0.3125 1.5625 1.5625 1.5625 2.125 2.125 1.625 1.625 1.625 1.625 1.625 1.75 1.75 1.75 1.75 1.75 2.25 2.25 2.25 2.3125 2.3125 2.1875 2.1875 2.1875 2.0625 2.0625 2.3125 2.3125 2.3125 2.6875 2.6875 3.5625 3.5625 3.5625 4.8125 4.8125 2.875 2.875 2.875 2.6875 2.6875 3.875 3.875 3.875 2.9375 2.9375 1.1875 1.1875 1.1875 1.6875 1.6875 2.125 2.125 2.125 1.5 1.5 1.625 1.625 1.625 2.625 2.625 3.25 3.25 3.25 2.9375 2.9375 2.3125 2.3125 2.3125 2.75 2.75 3 3 3 2.6875 2.6875 3 3 3 3.0625 3.0625 2.625 2.625 2.625 2.8125 2.8125 2.6875 2.6875 2.6875 2 2 0.625 0.625 0.625 0.375 0.375 0.1875 0.1875
 0 0 0 0 0 0 0 0 0 0 0 0 0 0 0 0 0 0 0 0 0 0 0 0 0 0 0 0.0625 0.0625 0.0625 0.0625 0.0625 0 0 0 0 0 0 0 0 0.0625 0.0625 0 0 0 0 0 0 0 0 0.0625 0.0625 0.125 0.125 0.125 0.0625 0.0625 0.1875 0.1875 0.1875 0.25 0.25 0.5 0.5 0.5 0.375 0.375 0.125 0.125 0.125 0.3125 0.3125 1.5625 1.5625 1.5625 2.125 2.125 1.625 1.625 1.625 1.625 1.625 1.75 1.75 1.75 1.75 1.75 2.25 2.25 2.25 2.3125 2.3125 2.1875 2.1875 2.1875 2.0625 2.0625 2.3125 2.3125 2.3125 2.6875 2.6875 3.5625 3.5625 3.5625 4.8125 4.8125 2.875 2.875 2.875 2.6875 2.6875 3.875 3.875 3.875 2.9375 2.9375 1.1875 1.1875 1.1875 1.6875 1.6875 2.125 2.125 2.125 1.5 1.5 1.625 1.625 1.625 2.625 2.625 3.25 3.25 3.25 2.9375 2.9375 2.3125 2.3125 2.3125 2.75 2.75 3 3 3 2.6875 2.6875 3 3 3 3.0625 3.0625 2.625 2.625 2.625 2.8125 2.8125 2.6875 2.6875 2.6875 2 2 0.625 0.625 0.625 0.375 0.375 0.1875 0.1875
 0 0 0 0 0 0 0 0 0 0 0 0 0 0 0 0 0 0 0 0 0 0 0 0 0 0.0625 0.0625 0.0625 0.0625 0.0625 0 0 0 0 0 0 0 0 0 0 0 0 0 0 0 0 0 0.0625 0.0625 0.0625 0.125 0.125 0.125 0.125 0.125 0.125 0.125 0.5 0.5 0.5 0.5625 0.5625 0.3125 0.3125 0.3125 0.1875 0.1875 0.375 0.375 0.375 0.75 0.75 1.375 1.375 1.375 1.875 1.875 1.8125 1.8125 1.8125 2.1875 2.1875 2.3125 2.3125 2.3125 1.75 1.75 2.125 2.125 2.125 2.125 2.125 2.4375 2.4375 2.4375 2.375 2.375 2.75 2.75 2.75 3.125 3.125 5.4375 5.4375 5.4375 7.5 7.5 5.875 5.875 5.875 5.5625 5.5625 4.9375 4.9375 4.9375 2.625 2.625 2.0625 2.0625 2.0625 2.875 2.875 3 3 3 2.9375 2.9375 3.125 3.125 3.125 2.75 2.75 2.875 2.875 2.875 2.375 2.375 2.1875 2.1875 2.1875 3 3 5.125 5.125 5.125 5.3125 5.3125 6 6 6 5.75 5.75 4.1875 4.1875 4.1875 2.5625 2.5625 2.75 2.75 2.75 1.3125 1.3125 0.8125 0.8125 0.8125 0.75 0.75 0.375 0.375
 0 0 0 0 0 0 0 0 0 0 0 0 0 0 0 0 0 0 0 0 0 0 0 0 0 0.0625 0.0625 0.0625 0.0625 0.0625 0 0 0 0 0 0 0 0 0 0 0 0 0 0 0 0 0 0.0625 0.0625 0.0625 0.125 0.125 0.125 0.125 0.125 0.125 0.125 0.5 0.5 0.5 0.5625 0.5625 0.3125 0.3125 0.3125 0.1875 0.1875 0.375 0.375 0.375 0.75 0.75 1.375 1.375 1.375 1.875 1.875 1.8125 1.8125 1.8125 2.1875 2.1875 2.3125 2.3125 2.3125 1.75 1.75 2.125 2.125 2.125 2.125 2.125 2.4375 2.4375 2.4375 2.375 2.375 2.75 2.75 2.75 3.125 3.125 5.4375 5.4375 5.4375 7.5 7.5 5.875 5.875 5.875 5.5625 5.5625 4.9375 4.9375 4.9375 2.625 2.625 2.0625 2.0625 2.0625 2.875 2.875 3 3 3 2.9375 2.9375 3.125 3.125 3.125 2.75 2.75 2.875 2.875 2.875 2.375 2.375 2.1875 2.1875 2.1875 3 3 5.125 5.125 5.125 5.3125 5.3125 6 6 6 5.75 5.75 4.1875 4.1875 4.1875 2.5625 2.5625 2.75 2.75 2.75 1.3125 1.3125 0.8125 0.8125 0.8125 0.75 0.75 0.375 0.375
 0 0 0 0 0 0 0 0 0 0 0 0 0 0 0 0 0 0 0 0 0 0 0 0 0 0 0 0 0 0 0 0 0 0 0 0 0 0 0 0 0 0 0 0 0 0.0625 0.0625 0.0625 0.0625 0.0625 0.125 0.125 0.125 0.125 0.125 0.1875 0.1875 0.5 0.5 0.5 0.4375 0.4375 0.25 0.25 0.25 0.25 0.25 0.4375 0.4375 0.4375 0.6875 0.6875 0.8125 0.8125 0.8125 1.5 1.5 2.5625 2.5625 2.5625 2.0625 2.0625 2.0625 2.0625 2.0625 2.25 2.25 1.9375 1.9375 1.9375 2.125 2.125 2.875 2.875 2.875 3.0625 3.0625 3.5625 3.5625 3.5625 5 5 7.625 7.625 7.625 8.25 8.25 9.25 9.25 9.25 7.9375 7.9375 7.875 7.875 7.875 4.9375 4.9375 4.625 4.625 4.625 4.625 4.625 4.5625 4.5625 4.5625 5.9375 5.9375 5.6875 5.6875 5.6875 4.3125 4.3125 4 4 4 3.375 3.375 4.375 4.375 4.375 3.5625 3.5625 3.6875 3.6875 3.6875 4.625 4.625 4.9375 4.9375 4.9375 5.3125 5.3125 4.5 4.5 4.5 3.4375 3.4375 2.5 2.5 2.5 2.4375 2.4375 2.0625 2.0625 2.0625 1.75 1.75 1.5 1.5
 0 0 0 0 0 0 0 0 0 0 0 0 0 0 0 0 0 0 0 0 0 0 0 0 0 0 0 0 0 0 0 0 0 0 0 0 0 0 0 0 0 0 0 0 0 0.0625 0.0625 0.0625 0.0625 0.0625 0.125 0.125 0.125 0.125 0.125 0.1875 0.1875 0.5 0.5 0.5 0.4375 0.4375 0.25 0.25 0.25 0.25 0.25 0.4375 0.4375 0.4375 0.6875 0.6875 0.8125 0.8125 0.8125 1.5 1.5 2.5625 2.5625 2.5625 2.0625 2.0625 2.0625 2.0625 2.0625 2.25 2.25 1.9375 1.9375 1.9375 2.125 2.125 2.875 2.875 2.875 3.0625 3.0625 3.5625 3.5625 3.5625 5 5 7.625 7.625 7.625 8.25 8.25 9.25 9.25 9.25 7.9375 7.9375 7.875 7.875 7.875 4.9375 4.9375 4.625 4.625 4.625 4.625 4.625 4.5625 4.5625 4.5625 5.9375 5.9375 5.6875 5.6875 5.6875 4.3125 4.3125 4 4 4 3.375 3.375 4.375 4.375 4.375 3.5625 3.5625 3.6875 3.6875 3.6875 4.625 4.625 4.9375 4.9375 4.9375 5.3125 5.3125 4.5 4.5 4.5 3.4375 3.4375 2.5 2.5 2.5 2.4375 2.4375 2.0625 2.0625 2.0625 1.75 1.75 1.5 1.5
 0 0 0 0 0 0 0 0 0 0 0 0 0 0 0 0 0 0 0 0 0 0 0 0 0 0 0 0 0 0 0 0 0 0 0 0 0 0 0 0 0 0 0 0 0 0.0625 0.0625 0.0625 0.0625 0.0625 0.125 0.125 0.125 0.125 0.125 0.1875 0.1875 0.5 0.5 0.5 0.4375 0.4375 0.25 0.25 0.25 0.25 0.25 0.4375 0.4375 0.4375 0.6875 0.6875 0.8125 0.8125 0.8125 1.5 1.5 2.5625 2.5625 2.5625 2.0625 2.0625 2.0625 2.0625 2.0625 2.25 2.25 1.9375 1.9375 1.9375 2.125 2.125 2.875 2.875 2.875 3.0625 3.0625 3.5625 3.5625 3.5625 5 5 7.625 7.625 7.625 8.25 8.25 9.25 9.25 9.25 7.9375 7.9375 7.875 7.875 7.875 4.9375 4.9375 4.625 4.625 4.625 4.625 4.625 4.5625 4.5625 4.5625 5.9375 5.9375 5.6875 5.6875 5.6875 4.3125 4.3125 4 4 4 3.375 3.375 4.375 4.375 4.375 3.5625 3.5625 3.6875 3.6875 3.6875 4.625 4.625 4.9375 4.9375 4.9375 5.3125 5.3125 4.5 4.5 4.5 3.4375 3.4375 2.5 2.5 2.5 2.4375 2.4375 2.0625 2.0625 2.0625 1.75 1.75 1.5 1.5
 0 0 0 0 0 0 0 0 0 0 0 0 0 0 0 0 0 0 0 0 0 0 0 0 0 0 0 0 0 0 0 0 0 0 0 0 0 0 0 0 0 0 0 0 0 0.0625 0.0625 0.125 0.125 0.125 0.125 0.125 0.125 0.125 0.125 0.125 0.125 0.125 0.125 0.125 0.25 0.25 0.1875 0.1875 0.1875 0.3125 0.3125 0.4375 0.4375 0.4375 0.4375 0.4375 0.375 0.375 0.375 0.9375 0.9375 2 2 2 1.6875 1.6875 1.5625 1.5625 1.5625 2 2 2.3125 2.3125 2.3125 2.875 2.875 3.25 3.25 3.25 4.5625 4.5625 6.0625 6.0625 6.0625 7.8125 7.8125 9.1875 9.1875 9.1875 9.25 9.25 11.75 11.75 11.75 12.4375 12.4375 10.0625 10.0625 10.0625 4.625 4.625 2.8125 2.8125 2.8125 3.25 3.25 6.1875 6.1875 6.1875 9.5625 9.5625 6.1875 6.1875 6.1875 3.4375 3.4375 2.8125 2.8125 2.8125 2.0625 2.0625 4.75 4.75 4.75 4 4 4.125 4.125 4.125 4 4 2.9375 2.9375 2.9375 3.9375 3.9375 4.25 4.25 4.25 4.25 4.25 4.0625 4.0625 4.0625 3.4375 3.4375 3.25 3.25 3.25 3.0625 3.0625 2.375 2.375
 0 0 0 0 0 0 0 0 0 0 0 0 0 0 0 0 0 0 0 0 0 0 0 0 0 0 0 0 0 0 0 0 0 0 0 0 0 0 0 0 0 0 0 0 0 0.0625 0.0625 0.125 0.125 0.125 0.125 0.125 0.125 0.125 0.125 0.125 0.125 0.125 0.125 0.125 0.25 0.25 0.1875 0.1875 0.1875 0.3125 0.3125 0.4375 0.4375 0.4375 0.4375 0.4375 0.375 0.375 0.375 0.9375 0.9375 2 2 2 1.6875 1.6875 1.5625 1.5625 1.5625 2 2 2.3125 2.3125 2.3125 2.875 2.875 3.25 3.25 3.25 4.5625 4.5625 6.0625 6.0625 6.0625 7.8125 7.8125 9.1875 9.1875 9.1875 9.25 9.25 11.75 11.75 11.75 12.4375 12.4375 10.0625 10.0625 10.0625 4.625 4.625 2.8125 2.8125 2.8125 3.25 3.25 6.1875 6.1875 6.1875 9.5625 9.5625 6.1875 6.1875 6.1875 3.4375 3.4375 2.8125 2.8125 2.8125 2.0625 2.0625 4.75 4.75 4.75 4 4 4.125 4.125 4.125 4 4 2.9375 2.9375 2.9375 3.9375 3.9375 4.25 4.25 4.25 4.25 4.25 4.0625 4.0625 4.0625 3.4375 3.4375 3.25 3.25 3.25 3.0625 3.0625 2.375 2.375
 0 0 0 0 0 0 0 0 0 0 0 0 0 0 0 0 0 0 0 0 0 0 0 0 0 0 0 0 0 0 0 0 0 0 0 0 0 0 0 0 0 0 0.0625 0.0625 0.0625 0.0625 0.0625 0.125 0.125 0.125 0.125 0.125 0.0625 0.0625 0.0625 0.0625 0.0625 0.125 0.125 0.125 0.1875 0.1875 0.1875 0.1875 0.1875 0.625 0.625 0.625 0.625 0.625 0.625 0.625 1 1 1 0.8125 0.8125 0.8125 0.8125 0.8125 1 1 0.5625 0.5625 0.5625 2.1875 2.1875 3.375 3.375 3.375 3.625 3.625 3.4375 3.4375 3.4375 5.625 5.625 6.5 6.5 6.5 8.5 8.5 8.8125 8.8125 8.8125 11.4375 11.4375 12.625 12.625 12.625 17.125 17.125 14.75 14.75 14.75 6.875 6.875 5.0625 5.0625 5.0625 7.875 7.875 9.5625 9.5625 9.5625 10.4375 10.4375 7.5625 7.5625 7.5625 5.6875 5.6875 3.8125 3.8125 3.8125 4.25 4.25 4.75 4.75 4.75 6.8125 6.8125 6.3125 6.3125 6.3125 4.9375 4.9375 4 4 4 3.5 3.5 3.625 3.625 3.625 3.5 3.5 3.8125 3.8125 3.8125 2.8125 2.8125 3.375 3.375 3.375 3.75 3.75 3 3
 0 0 0 0 0 0 0 0 0 0 0 0 0 0 0 0 0 0 0 0 0 0 0 0 0 0 0 0 0 0 0 0 0 0 0 0 0 0 0 0 0 0 0.0625 0.0625 0.0625 0.0625 0.0625 0.125 0.125 0.125 0.125 0.125 0.0625 0.0625 0.0625 0.0625 0.0625 0.125 0.125 0.125 0.1875 0.1875 0.1875 0.1875 0.1875 0.625 0.625 0.625 0.625 0.625 0.625 0.625 1 1 1 0.8125 0.8125 0.8125 0.8125 0.8125 1 1 0.5625 0.5625 0.5625 2.1875 2.1875 3.375 3.375 3.375 3.625 3.625 3.4375 3.4375 3.4375 5.625 5.625 6.5 6.5 6.5 8.5 8.5 8.8125 8.8125 8.8125 11.4375 11.4375 12.625 12.625 12.625 17.125 17.125 14.75 14.75 14.75 6.875 6.875 5.0625 5.0625 5.0625 7.875 7.875 9.5625 9.5625 9.5625 10.4375 10.4375 7.5625 7.5625 7.5625 5.6875 5.6875 3.8125 3.8125 3.8125 4.25 4.25 4.75 4.75 4.75 6.8125 6.8125 6.3125 6.3125 6.3125 4.9375 4.9375 4 4 4 3.5 3.5 3.625 3.625 3.625 3.5 3.5 3.8125 3.8125 3.8125 2.8125 2.8125 3.375 3.375 3.375 3.75 3.75 3 3
 0 0 0 0 0 0 0 0 0 0 0 0 0 0 0 0 0 0 0 0 0 0 0 0 0 0 0 0 0 0 0 0 0 0 0 0 0 0 0 0 0 0 0.0625 0.0625 0.0625 0.0625 0.0625 0.125 0.125 0.125 0.125 0.125 0.0625 0.0625 0.0625 0.0625 0.0625 0.125 0.125 0.125 0.1875 0.1875 0.1875 0.1875 0.1875 0.625 0.625 0.625 0.625 0.625 0.625 0.625 1 1 1 0.8125 0.8125 0.8125 0.8125 0.8125 1 1 0.5625 0.5625 0.5625 2.1875 2.1875 3.375 3.375 3.375 3.625 3.625 3.4375 3.4375 3.4375 5.625 5.625 6.5 6.5 6.5 8.5 8.5 8.8125 8.8125 8.8125 11.4375 11.4375 12.625 12.625 12.625 17.125 17.125 14.75 14.75 14.75 6.875 6.875 5.0625 5.0625 5.0625 7.875 7.875 9.5625 9.5625 9.5625 10.4375 10.4375 7.5625 7.5625 7.5625 5.6875 5.6875 3.8125 3.8125 3.8125 4.25 4.25 4.75 4.75 4.75 6.8125 6.8125 6.3125 6.3125 6.3125 4.9375 4.9375 4 4 4 3.5 3.5 3.625 3.625 3.625 3.5 3.5 3.8125 3.8125 3.8125 2.8125 2.8125 3.375 3.375 3.375 3.75 3.75 3 3
 0 0 0 0 0 0 0 0 0 0 0 0 0 0 0 0 0 0 0 0 0 0 0 0 0 0 0 0 0 0 0 0 0 0 0 0 0 0 0 0 0.0625 0.0625 0.125 0.125 0.125 0.1875 0.1875 0.1875 0.1875 0.1875 0.125 0.125 0.0625 0.0625 0.0625 0.25 0.25 0.1875 0.1875 0.1875 0.0625 0.0625 0.1875 0.1875 0.1875 0.4375 0.4375 0.4375 0.4375 0.4375 0.75 0.75 0.75 0.75 0.75 0.25 0.25 0.125 0.125 0.125 0.125 0.125 0.5625 0.5625 0.5625 2.3125 2.3125 4.25 4.25 4.25 5.125 5.125 5.375 5.375 5.375 6.125 6.125 4.9375 4.9375 4.9375 4.5 4.5 5.6875 5.6875 5.6875 8.375 8.375 10.0625 10.0625 10.0625 17.125 17.125 18.625 18.625 18.625 9.75 9.75 9.9375 9.9375 9.9375 12.6875 12.6875 7 7 7 9.6875 9.6875 10.8125 10.8125 10.8125 10 10 10.375 10.375 10.375 12.125 12.125 10.5625 10.5625 10.5625 10.0625 10.0625 9.375 9.375 9.375 7.625 7.625 5.875 5.875 5.875 3.9375 3.9375 3.625 3.625 3.625 2.75 2.75 2.875 2.875 2.875 2.4375 2.4375 2.75 2.75 2.75 3.875 3.875 2.375 2.375
 0 0 0 0 0 0 0 0 0 0 0 0 0 0 0 0 0 0 0 0 0 0 0 0 0 0 0 0 0 0 0 0 0 0 0 0 0 0 0 0 0.0625 0.0625 0.125 0.125 0.125 0.1875 0.1875 0.1875 0.1875 0.1875 0.125 0.125 0.0625 0.0625 0.0625 0.25 0.25 0.1875 0.1875 0.1875 0.0625 0.0625 0.1875 0.1875 0.1875 0.4375 0.4375 0.4375 0.4375 0.4375 0.75 0.75 0.75 0.75 0.75 0.25 0.25 0.125 0.125 0.125 0.125 0.125 0.5625 0.5625 0.5625 2.3125 2.3125 4.25 4.25 4.25 5.125 5.125 5.375 5.375 5.375 6.125 6.125 4.9375 4.9375 4.9375 4.5 4.5 5.6875 5.6875 5.6875 8.375 8.375 10.0625 10.0625 10.0625 17.125 17.125 18.625 18.625 18.625 9.75 9.75 9.9375 9.9375 9.9375 12.6875 12.6875 7 7 7 9.6875 9.6875 10.8125 10.8125 10.8125 10 10 10.375 10.375 10.375 12.125 12.125 10.5625 10.5625 10.5625 10.0625 10.0625 9.375 9.375 9.375 7.625 7.625 5.875 5.875 5.875 3.9375 3.9375 3.625 3.625 3.625 2.75 2.75 2.875 2.875 2.875 2.4375 2.4375 2.75 2.75 2.75 3.875 3.875 2.375 2.375
 0 0 0 0 0 0 0 0 0 0 0 0 0 0 0 0 0 0 0 0 0 0 0 0 0 0 0 0 0 0 0 0 0 0 0 0 0 0 0 0 0.0625 0.0625 0.125 0.125 0.125 0.125 0.125 0.1875 0.1875 0.1875 0.125 0.125 0.0625 0.0625 0.0625 0.125 0.125 0.25 0.25 0.25 0.5625 0.5625 0.4375 0.4375 0.4375 0.3125 0.3125 0.3125 0.3125 0.3125 0.6875 0.6875 0.5 0.5 0.5 0.5625 0.5625 0.5625 0.5625 0.5625 0.1875 0.1875 0.6875 0.6875 0.6875 1.625 1.625 2.5625 2.5625 2.5625 3.5625 3.5625 4.9375 4.9375 4.9375 5.5 5.5 4 4 4 3.375 3.375 3.25 3.25 3.25 3.9375 3.9375 6.6875 6.6875 6.6875 13.875 13.875 21.4375 21.4375 21.4375 13.5 13.5 13.125 13.125 13.125 15 15 9.125 9.125 9.125 10.75 10.75 11.25 11.25 11.25 11 11 12.5 12.5 12.5 14.625 14.625 14.125 14.125 14.125 13.9375 13.9375 13.3125 13.3125 13.3125 10.9375 10.9375 8 8 8 6.625 6.625 6.5625 6.5625 6.5625 4.25 4.25 2.1875 2.1875 2.1875 0.8125 0.8125 0.875 0.875 0.875 2 2 1.4375 1.4375
 0 0 0 0 0 0 0 0 0 0 0 0 0 0 0 0 0 0 0 0 0 0 0 0 0 0 0 0 0 0 0 0 0 0 0 0 0 0 0 0 0.0625 0.0625 0.125 0.125 0.125 0.125 0.125 0.1875 0.1875 0.1875 0.125 0.125 0.0625 0.0625 0.0625 0.125 0.125 0.25 0.25 0.25 0.5625 0.5625 0.4375 0.4375 0.4375 0.3125 0.3125 0.3125 0.3125 0.3125 0.6875 0.6875 0.5 0.5 0.5 0.5625 0.5625 0.5625 0.5625 0.5625 0.1875 0.1875 0.6875 0.6875 0.6875 1.625 1.625 2.5625 2.5625 2.5625 3.5625 3.5625 4.9375 4.9375 4.9375 5.5 5.5 4 4 4 3.375 3.375 3.25 3.25 3.25 3.9375 3.9375 6.6875 6.6875 6.6875 13.875 13.875 21.4375 21.4375 21.4375 13.5 13.5 13.125 13.125 13.125 15 15 9.125 9.125 9.125 10.75 10.75 11.25 11.25 11.25 11 11 12.5 12.5 12.5 14.625 14.625 14.125 14.125 14.125 13.9375 13.9375 13.3125 13.3125 13.3125 10.9375 10.9375 8 8 8 6.625 6.625 6.5625 6.5625 6.5625 4.25 4.25 2.1875 2.1875 2.1875 0.8125 0.8125 0.875 0.875 0.875 2 2 1.4375 1.4375
 0 0 0 0 0 0 0 0 0 0 0 0 0 0 0 0 0 0 0 0 0 0 0 0 0 0 0 0 0 0 0 0 0 0 0 0 0 0 0 0 0.0625 0.0625 0.125 0.125 0.125 0.125 0.125 0.1875 0.1875 0.1875 0.125 0.125 0.0625 0.0625 0.0625 0.125 0.125 0.25 0.25 0.25 0.5625 0.5625 0.4375 0.4375 0.4375 0.3125 0.3125 0.3125 0.3125 0.3125 0.6875 0.6875 0.5 0.5 0.5 0.5625 0.5625 0.5625 0.5625 0.5625 0.1875 0.1875 0.6875 0.6875 0.6875 1.625 1.625 2.5625 2.5625 2.5625 3.5625 3.5625 4.9375 4.9375 4.9375 5.5 5.5 4 4 4 3.375 3.375 3.25 3.25 3.25 3.9375 3.9375 6.6875 6.6875 6.6875 13.875 13.875 21.4375 21.4375 21.4375 13.5 13.5 13.125 13.125 13.125 15 15 9.125 9.125 9.125 10.75 10.75 11.25 11.25 11.25 11 11 12.5 12.5 12.5 14.625 14.625 14.125 14.125 14.125 13.9375 13.9375 13.3125 13.3125 13.3125 10.9375 10.9375 8 8 8 6.625 6.625 6.5625 6.5625 6.5625 4.25 4.25 2.1875 2.1875 2.1875 0.8125 0.8125 0.875 0.875 0.875 2 2 1.4375 1.4375
 0 0 0 0 0 0 0 0 0 0 0 0 0 0 0 0 0 0 0 0 0 0 0 0 0 0 0 0 0 0 0 0 0 0 0 0 0 0.0625 0.0625 0.0625 0.0625 0.0625 0.1875 0.1875 0.1875 0.1875 0.1875 0.125 0.125 0.125 0.125 0.125 0.0625 0.0625 0.0625 0.0625 0.0625 0.0625 0.0625 0.0625 0.375 0.375 0.1875 0.1875 0.1875 0.0625 0.0625 0.0625 0.0625 0.0625 0.1875 0.1875 0.25 0.25 0.25 0.25 0.25 0.1875 0.1875 0.1875 0.125 0.125 0.375 0.375 0.375 0.5625 0.5625 0.4375 0.4375 0.4375 1.3125 1.3125 2.875 2.875 2.875 3.8125 3.8125 3.375 3.375 3.375 2.875 2.875 2.5 2.5 2.5 2.6875 2.6875 5.125 5.125 5.125 9.9375 9.9375 18.4375 18.4375 18.4375 13.625 13.625 14.25 14.25 14.25 13.5625 13.5625 10.3125 10.3125 10.3125 8.6875 8.6875 9.9375 9.9375 9.9375 12.6875 12.6875 12.9375 12.9375 12.9375 17 17 15.9375 15.9375 15.9375 16.3125 16.3125 17.3125 17.3125 17.3125 14.625 14.625 9.1875 9.1875 9.1875 7.1875 7.1875 7 7 7 4.4375 4.4375 1.75 1.75 1.75 1.375 1.375 1.3125 1.3125 1.3125 0.9375 0.9375 1.625 1.625
 0 0 0 0 0 0 0 0 0 0 0 0 0 0 0 0 0 0 0 0 0 0 0 0 0 0 0 0 0 0 0 0 0 0 0 0 0 0.0625 0.0625 0.0625 0.0625 0.0625 0.1875 0.1875 0.1875 0.1875 0.1875 0.125 0.125 0.125 0.125 0.125 0.0625 0.0625 0.0625 0.0625 0.0625 0.0625 0.0625 0.0625 0.375 0.375 0.1875 0.1875 0.1875 0.0625 0.0625 0.0625 0.0625 0.0625 0.1875 0.1875 0.25 0.25 0.25 0.25 0.25 0.1875 0.1875 0.1875 0.125 0.125 0.375 0.375 0.375 0.5625 0.5625 0.4375 0.4375 0.4375 1.3125 1.3125 2.875 2.875 2.875 3.8125 3.8125 3.375 3.375 3.375 2.875 2.875 2.5 2.5 2.5 2.6875 2.6875 5.125 5.125 5.125 9.9375 9.9375 18.4375 18.4375 18.4375 13.625 13.625 14.25 14.25 14.25 13.5625 13.5625 10.3125 10.3125 10.3125 8.6875 8.6875 9.9375 9.9375 9.9375 12.6875 12.6875 12.9375 12.9375 12.9375 17 17 15.9375 15.9375 15.9375 16.3125 16.3125 17.3125 17.3125 17.3125 14.625 14.625 9.1875 9.1875 9.1875 7.1875 7.1875 7 7 7 4.4375 4.4375 1.75 1.75 1.75 1.375 1.375 1.3125 1.3125 1.3125 0.9375 0.9375 1.625 1.625
 0 0 0 0 0 0 0 0 0 0 0 0 0 0 0 0 0 0 0 0 0 0 0 0 0 0 0 0 0 0 0 0 0 0 0 0 0 0.0625 0.0625 0.0625 0.0625 0.0625 0.0625 0.0625 0.0625 0.0625 0.0625 0 0 0 0 0 0 0 0 0 0 0.0625 0.0625 0.0625 0.0625 0.0625 0.0625 0.0625 0.0625 0.25 0.25 0.125 0.125 0.125 0.125 0.125 0.375 0.375 0.375 0.25 0.25 0.0625 0.0625 0.0625 0.125 0.125 0.3125 0.3125 0.3125 0.4375 0.4375 0.375 0.375 0.375 0.625 0.625 1.6875 1.6875 1.6875 1.875 1.875 1.3125 1.3125 1.3125 2.375 2.375 3.625 3.625 3.625 2.0625 2.0625 4 4 4 7.5 7.5 12.3125 12.3125 12.3125 11.9375 11.9375 15.0625 15.0625 15.0625 14.5 14.5 11.4375 11.4375 11.4375 8.9375 8.9375 8.75 8.75 8.75 13.9375 13.9375 16.5 16.5 16.5 15.75 15.75 11.9375 11.9375 11.9375 14.3125 14.3125 18.875 18.875 18.875 18.375 18.375 11 11 11 7.25 7.25 6.5625 6.5625 6.5625 2.9375 2.9375 1.4375 1.4375 1.4375 2.375 2.375 3.375 3.375 3.375 2.875 2.875 1.8125 1.8125
 0 0 0 0 0 0 0 0 0 0 0 0 0 0 0 0 0 0 0 0 0 0 0 0 0 0 0 0 0 0 0 0 0 0 0 0 0 0.0625 0.0625 0.0625 0.0625 0.0625 0.0625 0.0625 0.0625 0.0625 0.0625 0 0 0 0 0 0 0 0 0 0 0.0625 0.0625 0.0625 0.0625 0.0625 0.0625 0.0625 0.0625 0.25 0.25 0.125 0.125 0.125 0.125 0.125 0.375 0.375 0.375 0.25 0.25 0.0625 0.0625 0.0625 0.125 0.125 0.3125 0.3125 0.3125 0.4375 0.4375 0.375 0.375 0.375 0.625 0.625 1.6875 1.6875 1.6875 1.875 1.875 1.3125 1.3125 1.3125 2.375 2.375 3.625 3.625 3.625 2.0625 2.0625 4 4 4 7.5 7.5 12.3125 12.3125 12.3125 11.9375 11.9375 15.0625 15.0625 15.0625 14.5 14.5 11.4375 11.4375 11.4375 8.9375 8.9375 8.75 8.75 8.75 13.9375 13.9375 16.5 16.5 16.5 15.75 15.75 11.9375 11.9375 11.9375 14.3125 14.3125 18.875 18.875 18.875 18.375 18.375 11 11 11 7.25 7.25 6.5625 6.5625 6.5625 2.9375 2.9375 1.4375 1.4375 1.4375 2.375 2.375 3.375 3.375 3.375 2.875 2.875 1.8125 1.8125
 0 0 0 0 0 0 0 0 0 0 0 0 0 0 0 0 0 0 0 0 0 0 0 0 0 0 0 0 0 0 0 0 0 0 0 0 0 0.0625 0.0625 0.0625 0.0625 0.0625 0.0625 0.0625 0.0625 0.0625 0.0625 0 0 0 0 0 0 0 0 0 0 0.0625 0.0625 0.0625 0.0625 0.0625 0.0625 0.0625 0.0625 0.25 0.25 0.125 0.125 0.125 0.125 0.125 0.375 0.375 0.375 0.25 0.25 0.0625 0.0625 0.0625 0.125 0.125 0.3125 0.3125 0.3125 0.4375 0.4375 0.375 0.375 0.375 0.625 0.625 1.6875 1.6875 1.6875 1.875 1.875 1.3125 1.3125 1.3125 2.375 2.375 3.625 3.625 3.625 2.0625 2.0625 4 4 4 7.5 7.5 12.3125 12.3125 12.3125 11.9375 11.9375 15.0625 15.0625 15.0625 14.5 14.5 11.4375 11.4375 11.4375 8.9375 8.9375 8.75 8.75 8.75 13.9375 13.9375 16.5 16.5 16.5 15.75 15.75 11.9375 11.9375 11.9375 14.3125 14.3125 18.875 18.875 18.875 18.375 18.375 11 11 11 7.25 7.25 6.5625 6.5625 6.5625 2.9375 2.9375 1.4375 1.4375 1.4375 2.375 2.375 3.375 3.375 3.375 2.875 2.875 1.8125 1.8125
 0 0 0 0 0 0 0 0 0 0 0 0 0 0 0 0 0 0 0 0 0 0 0 0 0 0 0 0 0 0 0 0 0 0 0 0 0 0 0 0 0.0625 0.0625 0.0625 0.0625 0.0625 0 0 0 0 0 0.0625 0.0625 0 0 0 0 0 0 0 0 0 0 0.25 0.25 0.25 0.4375 0.4375 0.125 0.125 0.125 0.1875 0.1875 0.3125 0.3125 0.3125 0.125 0.125 0.0625 0.0625 0.0625 0.1875 0.1875 0.25 0.25 0.25 0.25 0.25 0.25 0.25 0.25 0.625 0.625 1.875 1.875 1.875 2.625 2.625 1.6875 1.6875 1.6875 1.8125 1.8125 2 2 2 1.6875 1.6875 3.625 3.625 3.625 5.6875 5.6875 7.4375 7.4375 7.4375 9.75 9.75 16.1875 16.1875 16.1875 17.4375 17.4375 12.125 12.125 12.125 9 9 9.3125 9.3125 9.3125 19 19 20.4375 20.4375 20.4375 15.75 15.75 12.125 12.125 12.125 12.6875 12.6875 17.6875 17.6875 17.6875 18.6875 18.6875 14.25 14.25 14.25 11.6875 11.6875 8.0625 8.0625 8.0625 5.4375 5.4375 4.25 4.25 4.25 4.5 4.5 3.9375 3.9375 3.9375 3.3125 3.3125 1.25 1.25
 0 0 0 0 0 0 0 0 0 0 0 0 0 0 0 0 0 0 0 0 0 0 0 0 0 0 0 0 0 0 0 0 0 0 0 0 0 0 0 0 0.0625 0.0625 0.0625 0.0625 0.0625 0 0 0 0 0 0.0625 0.0625 0 0 0 0 0 0 0 0 0 0 0.25 0.25 0.25 0.4375 0.4375 0.125 0.125 0.125 0.1875 0.1875 0.3125 0.3125 0.3125 0.125 0.125 0.0625 0.0625 0.0625 0.1875 0.1875 0.25 0.25 0.25 0.25 0.25 0.25 0.25 0.25 0.625 0.625 1.875 1.875 1.875 2.625 2.625 1.6875 1.6875 1.6875 1.8125 1.8125 2 2 2 1.6875 1.6875 3.625 3.625 3.625 5.6875 5.6875 7.4375 7.4375 7.4375 9.75 9.75 16.1875 16.1875 16.1875 17.4375 17.4375 12.125 12.125 12.125 9 9 9.3125 9.3125 9.3125 19 19 20.4375 20.4375 20.4375 15.75 15.75 12.125 12.125 12.125 12.6875 12.6875 17.6875 17.6875 17.6875 18.6875 18.6875 14.25 14.25 14.25 11.6875 11.6875 8.0625 8.0625 8.0625 5.4375 5.4375 4.25 4.25 4.25 4.5 4.5 3.9375 3.9375 3.9375 3.3125 3.3125 1.25 1.25
 0 0 0 0 0 0 0 0 0 0 0 0 0 0 0 0 0 0 0 0 0 0 0 0 0 0 0 0 0 0 0 0 0 0 0 0 0 0 0 0 0 0 0 0 0 0 0 0 0 0 0 0 0 0 0 0.0625 0.0625 0.0625 0.0625 0.0625 0.0625 0.0625 0.1875 0.1875 0.1875 0.125 0.125 0 0 0 0.0625 0.0625 0.0625 0.0625 0.0625 0.1875 0.1875 0.1875 0.1875 0.1875 0.1875 0.1875 0.25 0.25 0.25 0.0625 0.0625 0 0 0 0.125 0.125 0.3125 0.3125 0.3125 0.4375 0.4375 0.5625 0.5625 0.5625 0.375 0.375 0.6875 0.6875 0.6875 2 2 3.6875 3.6875 3.6875 3.1875 3.1875 4.625 4.625 4.625 7.1875 7.1875 12.3125 12.3125 12.3125 16.75 16.75 13.8125 13.8125 13.8125 8 8 8.4375 8.4375 8.4375 16.4375 16.4375 20.1875 20.1875 20.1875 20 20 20.625 20.625 20.625 22.1875 22.1875 21.1875 21.1875 21.1875 19.5625 19.5625 19.5625 19.5625 19.5625 15.75 15.75 11.1875 11.1875 11.1875 8.3125 8.3125 7 7 7 6.6875 6.6875 4.8125 4.8125 4.8125 3.125 3.125 0.75 0.75
 0 0 0 0 0 0 0 0 0 0 0 0 0 0 0 0 0 0 0 0 0 0 0 0 0 0 0 0 0 0 0 0 0 0 0 0 0 0 0 0 0 0 0 0 0 0 0 0 0 0 0 0 0 0 0 0.0625 0.0625 0.0625 0.0625 0.0625 0.0625 0.0625 0.1875 0.1875 0.1875 0.125 0.125 0 0 0 0.0625 0.0625 0.0625 0.0625 0.0625 0.1875 0.1875 0.1875 0.1875 0.1875 0.1875 0.1875 0.25 0.25 0.25 0.0625 0.0625 0 0 0 0.125 0.125 0.3125 0.3125 0.3125 0.4375 0.4375 0.5625 0.5625 0.5625 0.375 0.375 0.6875 0.6875 0.6875 2 2 3.6875 3.6875 3.6875 3.1875 3.1875 4.625 4.625 4.625 7.1875 7.1875 12.3125 12.3125 12.3125 16.75 16.75 13.8125 13.8125 13.8125 8 8 8.4375 8.4375 8.4375 16.4375 16.4375 20.1875 20.1875 20.1875 20 20 20.625 20.625 20.625 22.1875 22.1875 21.1875 21.1875 21.1875 19.5625 19.5625 19.5625 19.5625 19.5625 15.75 15.75 11.1875 11.1875 11.1875 8.3125 8.3125 7 7 7 6.6875 6.6875 4.8125 4.8125 4.8125 3.125 3.125 0.75 0.75
 0 0 0 0 0 0 0 0 0 0 0 0 0 0 0 0 0 0 0 0 0 0 0 0 0 0 0 0 0 0 0 0 0 0 0 0 0 0 0 0 0 0 0 0 0 0 0 0 0 0 0 0 0 0 0 0.0625 0.0625 0.0625 0.0625 0.0625 0.0625 0.0625 0.1875 0.1875 0.1875 0.125 0.125 0 0 0 0.0625 0.0625 0.0625 0.0625 0.0625 0.1875 0.1875 0.1875 0.1875 0.1875 0.1875 0.1875 0.25 0.25 0.25 0.0625 0.0625 0 0 0 0.125 0.125 0.3125 0.3125 0.3125 0.4375 0.4375 0.5625 0.5625 0.5625 0.375 0.375 0.6875 0.6875 0.6875 2 2 3.6875 3.6875 3.6875 3.1875 3.1875 4.625 4.625 4.625 7.1875 7.1875 12.3125 12.3125 12.3125 16.75 16.75 13.8125 13.8125 13.8125 8 8 8.4375 8.4375 8.4375 16.4375 16.4375 20.1875 20.1875 20.1875 20 20 20.625 20.625 20.625 22.1875 22.1875 21.1875 21.1875 21.1875 19.5625 19.5625 19.5625 19.5625 19.5625 15.75 15.75 11.1875 11.1875 11.1875 8.3125 8.3125 7 7 7 6.6875 6.6875 4.8125 4.8125 4.8125 3.125 3.125 0.75 0.75
 0 0 0 0 0 0 0 0 0 0 0 0 0 0 0 0 0 0 0 0 0 0 0 0 0 0 0 0 0 0 0 0 0 0 0 0 0 0 0 0 0 0 0 0 0 0.0625 0.0625 0.0625 0.0625 0.0625 0.1875 0.1875 0.375 0.375 0.375 0.25 0.25 0.125 0.125 0.125 0.0625 0.0625 0.0625 0.0625 0.0625 0 0 0 0 0 0 0 0.0625 0.0625 0.0625 0.3125 0.3125 0.4375 0.4375 0.4375 0.375 0.375 0.25 0.25 0.25 0.0625 0.0625 0 0 0 0 0 0.0625 0.0625 0.0625 0.0625 0.0625 0.0625 0.0625 0.0625 0.0625 0.0625 0.5625 0.5625 0.5625 1.9375 1.9375 2.875 2.875 2.875 1.4375 1.4375 3.0625 3.0625 3.0625 4.875 4.875 8.4375 8.4375 8.4375 14.6875 14.6875 14.9375 14.9375 14.9375 6.4375 6.4375 6.3125 6.3125 6.3125 12.5 12.5 18.5625 18.5625 18.5625 25.9375 25.9375 35.9375 35.9375 35.9375 34.5 34.5 29.1875 29.1875 29.1875 24.9375 24.9375 23.6875 23.6875 23.6875 15.625 15.625 13.625 13.625 13.625 11.4375 11.4375 8.5 8.5 8.5 6.375 6.375 4.75 4.75 4.75 2.875 2.875 1.375 1.375
 0 0 0 0 0 0 0 0 0 0 0 0 0 0 0 0 0 0 0 0 0 0 0 0 0 0 0 0 0 0 0 0 0 0 0 0 0 0 0 0 0 0 0 0 0 0.0625 0.0625 0.0625 0.0625 0.0625 0.1875 0.1875 0.375 0.375 0.375 0.25 0.25 0.125 0.125 0.125 0.0625 0.0625 0.0625 0.0625 0.0625 0 0 0 0 0 0 0 0.0625 0.0625 0.0625 0.3125 0.3125 0.4375 0.4375 0.4375 0.375 0.375 0.25 0.25 0.25 0.0625 0.0625 0 0 0 0 0 0.0625 0.0625 0.0625 0.0625 0.0625 0.0625 0.0625 0.0625 0.0625 0.0625 0.5625 0.5625 0.5625 1.9375 1.9375 2.875 2.875 2.875 1.4375 1.4375 3.0625 3.0625 3.0625 4.875 4.875 8.4375 8.4375 8.4375 14.6875 14.6875 14.9375 14.9375 14.9375 6.4375 6.4375 6.3125 6.3125 6.3125 12.5 12.5 18.5625 18.5625 18.5625 25.9375 25.9375 35.9375 35.9375 35.9375 34.5 34.5 29.1875 29.1875 29.1875 24.9375 24.9375 23.6875 23.6875 23.6875 15.625 15.625 13.625 13.625 13.625 11.4375 11.4375 8.5 8.5 8.5 6.375 6.375 4.75 4.75 4.75 2.875 2.875 1.375 1.375
 0 0 0 0 0 0 0 0 0 0 0 0 0 0 0 0 0 0 0 0 0 0 0 0 0 0 0 0.0625 0.0625 0.0625 0.0625 0.0625 0 0 0 0 0 0 0 0 0 0 0.0625 0.0625 0.0625 0.0625 0.0625 0.1875 0.1875 0.1875 0.625 0.625 0.5625 0.5625 0.5625 0.25 0.25 0.0625 0.0625 0.0625 0.0625 0.0625 0 0 0 0 0 0 0 0 0.0625 0.0625 0.25 0.25 0.25 0.3125 0.3125 0.3125 0.3125 0.3125 0.1875 0.1875 0.0625 0.0625 0.0625 0 0 0 0 0 0.0625 0.0625 0.0625 0.0625 0.0625 0 0 0 0 0 0.0625 0.0625 0.375 0.375 0.375 1.375 1.375 2.5 2.5 2.5 1.1875 1.1875 2 2 2 3.1875 3.1875 6.1875 6.1875 6.1875 11.8125 11.8125 14.875 14.875 14.875 6.125 6.125 4.0625 4.0625 4.0625 9.75 9.75 15.75 15.75 15.75 21.375 21.375 29.125 29.125 29.125 32.625 32.625 30.8125 30.8125 30.8125 25.1875 25.1875 25.9375 25.9375 25.9375 17.75 17.75 11.5 11.5 11.5 12.75 12.75 12.375 12.375 12.375 7 7 5.1875 5.1875 5.1875 2.625 2.625 0.9375 0.9375
 0 0 0 0 0 0 0 0 0 0 0 0 0 0 0 0 0 0 0 0 0 0 0 0 0 0 0 0.0625 0.0625 0.0625 0.0625 0.0625 0 0 0 0 0 0 0 0 0 0 0.0625 0.0625 0.0625 0.0625 0.0625 0.1875 0.1875 0.1875 0.625 0.625 0.5625 0.5625 0.5625 0.25 0.25 0.0625 0.0625 0.0625 0.0625 0.0625 0 0 0 0 0 0 0 0 0.0625 0.0625 0.25 0.25 0.25 0.3125 0.3125 0.3125 0.3125 0.3125 0.1875 0.1875 0.0625 0.0625 0.0625 0 0 0 0 0 0.0625 0.0625 0.0625 0.0625 0.0625 0 0 0 0 0 0.0625 0.0625 0.375 0.375 0.375 1.375 1.375 2.5 2.5 2.5 1.1875 1.1875 2 2 2 3.1875 3.1875 6.1875 6.1875 6.1875 11.8125 11.8125 14.875 14.875 14.875 6.125 6.125 4.0625 4.0625 4.0625 9.75 9.75 15.75 15.75 15.75 21.375 21.375 29.125 29.125 29.125 32.625 32.625 30.8125 30.8125 30.8125 25.1875 25.1875 25.9375 25.9375 25.9375 17.75 17.75 11.5 11.5 11.5 12.75 12.75 12.375 12.375 12.375 7 7 5.1875 5.1875 5.1875 2.625 2.625 0.9375 0.9375
 0 0 0 0 0 0 0 0 0 0 0 0 0 0 0 0 0 0 0 0 0 0 0 0 0 0 0 0.0625 0.0625 0.0625 0.0625 0.0625 0 0 0 0 0 0 0 0 0 0 0.0625 0.0625 0.0625 0.0625 0.0625 0.1875 0.1875 0.1875 0.625 0.625 0.5625 0.5625 0.5625 0.25 0.25 0.0625 0.0625 0.0625 0.0625 0.0625 0 0 0 0 0 0 0 0 0.0625 0.0625 0.25 0.25 0.25 0.3125 0.3125 0.3125 0.3125 0.3125 0.1875 0.1875 0.0625 0.0625 0.0625 0 0 0 0 0 0.0625 0.0625 0.0625 0.0625 0.0625 0 0 0 0 0 0.0625 0.0625 0.375 0.375 0.375 1.375 1.375 2.5 2.5 2.5 1.1875 1.1875 2 2 2 3.1875 3.1875 6.1875 6.1875 6.1875 11.8125 11.8125 14.875 14.875 14.875 6.125 6.125 4.0625 4.0625 4.0625 9.75 9.75 15.75 15.75 15.75 21.375 21.375 29.125 29.125 29.125 32.625 32.625 30.8125 30.8125 30.8125 25.1875 25.1875 25.9375 25.9375 25.9375 17.75 17.75 11.5 11.5 11.5 12.75 12.75 12.375 12.375 12.375 7 7 5.1875 5.1875 5.1875 2.625 2.625 0.9375 0.9375
 0 0 0 0 0 0 0 0 0 0 0 0 0 0 0 0 0 0 0 0 0 0 0 0 0 0.1875 0.1875 0.0625 0.0625 0.0625 0 0 0.0625 0.0625 0.0625 0 0 0.1875 0.1875 0.1875 0.375 0.375 0.125 0.125 0.125 0.1875 0.1875 0.625 0.625 0.625 0.9375 0.9375 0.5625 0.5625 0.5625 0.1875 0.1875 0.0625 0.0625 0.0625 0 0 0 0 0 0 0 0 0 0 0.0625 0.0625 0.3125 0.3125 0.3125 0.375 0.375 0.375 0.375 0.375 0.125 0.125 0 0 0 0 0 0 0 0 0 0 0 0 0 0 0 0 0 0 0 0 0.125 0.125 0.125 1 1 2.4375 2.4375 2.4375 1.375 1.375 1.875 1.875 1.875 2.875 2.875 6 6 6 10.4375 10.4375 14 14 14 7 7 3.125 3.125 3.125 7.4375 7.4375 12.9375 12.9375 12.9375 16.4375 16.4375 22.75 22.75 22.75 31.125 31.125 29.5 29.5 29.5 23.6875 23.6875 27.125 27.125 27.125 23 23 14.125 14.125 14.125 11.5625 11.5625 12.4375 12.4375 12.4375 10.0625 10.0625 8.0625 8.0625 8.0625 3.6875 3.6875 2.4375 2.4375
 0 0 0 0 0 0 0 0 0 0 0 0 0 0 0 0 0 0 0 0 0 0 0 0 0 0.1875 0.1875 0.0625 0.0625 0.0625 0 0 0.0625 0.0625 0.0625 0 0 0.1875 0.1875 0.1875 0.375 0.375 0.125 0.125 0.125 0.1875 0.1875 0.625 0.625 0.625 0.9375 0.9375 0.5625 0.5625 0.5625 0.1875 0.1875 0.0625 0.0625 0.0625 0 0 0 0 0 0 0 0 0 0 0.0625 0.0625 0.3125 0.3125 0.3125 0.375 0.375 0.375 0.375 0.375 0.125 0.125 0 0 0 0 0 0 0 0 0 0 0 0 0 0 0 0 0 0 0 0 0.125 0.125 0.125 1 1 2.4375 2.4375 2.4375 1.375 1.375 1.875 1.875 1.875 2.875 2.875 6 6 6 10.4375 10.4375 14 14 14 7 7 3.125 3.125 3.125 7.4375 7.4375 12.9375 12.9375 12.9375 16.4375 16.4375 22.75 22.75 22.75 31.125 31.125 29.5 29.5 29.5 23.6875 23.6875 27.125 27.125 27.125 23 23 14.125 14.125 14.125 11.5625 11.5625 12.4375 12.4375 12.4375 10.0625 10.0625 8.0625 8.0625 8.0625 3.6875 3.6875 2.4375 2.4375
 0 0 0 0 0 0 0 0 0 0 0 0 0 0 0 0 0 0 0 0 0 0 0.0625 0.0625 0.0625 0.3125 0.3125 0.0625 0.0625 0.0625 0 0 0.0625 0.0625 0.0625 0.0625 0.0625 0.1875 0.1875 0.1875 0.3125 0.3125 0.0625 0.0625 0.0625 0.375 0.375 1 1 1 1.0625 1.0625 0.375 0.375 0.375 0.125 0.125 0.0625 0.0625 0.0625 0.0625 0.0625 0.125 0.125 0.125 0.125 0.125 0.0625 0.0625 0.0625 0.0625 0.0625 0.3125 0.3125 0.3125 0.5 0.5 0.4375 0.4375 0.4375 0.0625 0.0625 0 0 0 0 0 0 0 0 0 0 0 0 0 0 0 0 0 0 0 0 0 0 0 0.6875 0.6875 2.3125 2.3125 2.3125 1.6875 1.6875 2.375 2.375 2.375 2.5625 2.5625 5.9375 5.9375 5.9375 9.875 9.875 11.375 11.375 11.375 6.125 6.125 3.875 3.875 3.875 7.3125 7.3125 12.1875 12.1875 12.1875 15.75 15.75 20.75 20.75 20.75 26.375 26.375 21.6875 21.6875 21.6875 12.8125 12.8125 13.3125 13.3125 13.3125 15.5625 15.5625 12.3125 12.3125 12.3125 10 10 11.4375 11.4375 11.4375 12.875 12.875 10.6875 10.6875 10.6875 6.6875 6.6875 6.875 6.875
 0 0 0 0 0 0 0 0 0 0 0 0 0 0 0 0 0 0 0 0 0 0 0.0625 0.0625 0.0625 0.3125 0.3125 0.0625 0.0625 0.0625 0 0 0.0625 0.0625 0.0625 0.0625 0.0625 0.1875 0.1875 0.1875 0.3125 0.3125 0.0625 0.0625 0.0625 0.375 0.375 1 1 1 1.0625 1.0625 0.375 0.375 0.375 0.125 0.125 0.0625 0.0625 0.0625 0.0625 0.0625 0.125 0.125 0.125 0.125 0.125 0.0625 0.0625 0.0625 0.0625 0.0625 0.3125 0.3125 0.3125 0.5 0.5 0.4375 0.4375 0.4375 0.0625 0.0625 0 0 0 0 0 0 0 0 0 0 0 0 0 0 0 0 0 0 0 0 0 0 0 0.6875 0.6875 2.3125 2.3125 2.3125 1.6875 1.6875 2.375 2.375 2.375 2.5625 2.5625 5.9375 5.9375 5.9375 9.875 9.875 11.375 11.375 11.375 6.125 6.125 3.875 3.875 3.875 7.3125 7.3125 12.1875 12.1875 12.1875 15.75 15.75 20.75 20.75 20.75 26.375 26.375 21.6875 21.6875 21.6875 12.8125 12.8125 13.3125 13.3125 13.3125 15.5625 15.5625 12.3125 12.3125 12.3125 10 10 11.4375 11.4375 11.4375 12.875 12.875 10.6875 10.6875 10.6875 6.6875 6.6875 6.875 6.875
 0 0 0 0 0 0 0 0 0 0 0 0 0 0 0 0 0 0 0 0 0 0 0.0625 0.0625 0.0625 0.3125 0.3125 0.0625 0.0625 0.0625 0 0 0.0625 0.0625 0.0625 0.0625 0.0625 0.1875 0.1875 0.1875 0.3125 0.3125 0.0625 0.0625 0.0625 0.375 0.375 1 1 1 1.0625 1.0625 0.375 0.375 0.375 0.125 0.125 0.0625 0.0625 0.0625 0.0625 0.0625 0.125 0.125 0.125 0.125 0.125 0.0625 0.0625 0.0625 0.0625 0.0625 0.3125 0.3125 0.3125 0.5 0.5 0.4375 0.4375 0.4375 0.0625 0.0625 0 0 0 0 0 0 0 0 0 0 0 0 0 0 0 0 0 0 0 0 0 0 0 0.6875 0.6875 2.3125 2.3125 2.3125 1.6875 1.6875 2.375 2.375 2.375 2.5625 2.5625 5.9375 5.9375 5.9375 9.875 9.875 11.375 11.375 11.375 6.125 6.125 3.875 3.875 3.875 7.3125 7.3125 12.1875 12.1875 12.1875 15.75 15.75 20.75 20.75 20.75 26.375 26.375 21.6875 21.6875 21.6875 12.8125 12.8125 13.3125 13.3125 13.3125 15.5625 15.5625 12.3125 12.3125 12.3125 10 10 11.4375 11.4375 11.4375 12.875 12.875 10.6875 10.6875 10.6875 6.6875 6.6875 6.875 6.875
 0 0 0 0 0 0 0 0 0 0 0 0 0 0 0 0 0 0 0 0 0 0 0 0 0 0.0625 0.0625 0.0625 0.0625 0.0625 0.0625 0.0625 0.0625 0.0625 0.0625 0.125 0.125 0.125 0.125 0.125 0.25 0.25 0.375 0.375 0.375 0.75 0.75 1.125 1.125 1.125 0.6875 0.6875 0.375 0.375 0.375 0.0625 0.0625 0.125 0.125 0.125 0.25 0.25 0.1875 0.1875 0.1875 0.25 0.25 0.125 0.125 0.125 0.0625 0.0625 0.25 0.25 0.25 0.4375 0.4375 0.1875 0.1875 0.1875 0 0 0 0 0 0 0 0 0 0 0 0 0 0 0 0 0 0 0 0 0 0 0 0 0 0.375 0.375 1.5625 1.5625 1.5625 1.375 1.375 2.0625 2.0625 2.0625 1.5 1.5 4.125 4.125 4.125 6.5 6.5 7.125 7.125 7.125 5.625 5.625 3.6875 3.6875 3.6875 6.8125 6.8125 10.6875 10.6875 10.6875 15.25 15.25 18.375 18.375 18.375 18.6875 18.6875 13.0625 13.0625 13.0625 6.1875 6.1875 6.125 6.125 6.125 7.6875 7.6875 11 11 11 14.6875 14.6875 14.9375 14.9375 14.9375 15.1875 15.1875 15.125 15.125 15.125 11.875 11.875 10.5625 10.5625
 0 0 0 0 0 0 0 0 0 0 0 0 0 0 0 0 0 0 0 0 0 0 0 0 0 0.0625 0.0625 0.0625 0.0625 0.0625 0.0625 0.0625 0.0625 0.0625 0.0625 0.125 0.125 0.125 0.125 0.125 0.25 0.25 0.375 0.375 0.375 0.75 0.75 1.125 1.125 1.125 0.6875 0.6875 0.375 0.375 0.375 0.0625 0.0625 0.125 0.125 0.125 0.25 0.25 0.1875 0.1875 0.1875 0.25 0.25 0.125 0.125 0.125 0.0625 0.0625 0.25 0.25 0.25 0.4375 0.4375 0.1875 0.1875 0.1875 0 0 0 0 0 0 0 0 0 0 0 0 0 0 0 0 0 0 0 0 0 0 0 0 0 0.375 0.375 1.5625 1.5625 1.5625 1.375 1.375 2.0625 2.0625 2.0625 1.5 1.5 4.125 4.125 4.125 6.5 6.5 7.125 7.125 7.125 5.625 5.625 3.6875 3.6875 3.6875 6.8125 6.8125 10.6875 10.6875 10.6875 15.25 15.25 18.375 18.375 18.375 18.6875 18.6875 13.0625 13.0625 13.0625 6.1875 6.1875 6.125 6.125 6.125 7.6875 7.6875 11 11 11 14.6875 14.6875 14.9375 14.9375 14.9375 15.1875 15.1875 15.125 15.125 15.125 11.875 11.875 10.5625 10.5625
 0 0 0 0 0 0 0 0 0 0 0 0 0 0 0 0 0 0 0 0 0 0 0 0 0 0 0 0 0 0 0 0 0.0625 0.0625 0.0625 0 0 0 0 0 0.1875 0.1875 0.5625 0.5625 0.5625 0.3125 0.3125 0.3125 0.3125 0.3125 0.4375 0.4375 0.375 0.375 0.375 0.1875 0.1875 0.125 0.125 0.125 0.125 0.125 0.25 0.25 0.25 0.125 0.125 0.0625 0.0625 0.0625 0.125 0.125 0.1875 0.1875 0.1875 0.1875 0.1875 0 0 0 0 0 0 0 0 0 0 0 0 0 0 0 0 0 0 0 0 0 0 0 0 0 0 0 0 0.125 0.125 0.8125 0.8125 0.8125 0.75 0.75 1.4375 1.4375 1.4375 1.4375 1.4375 2.75 2.75 2.75 4.375 4.375 4.875 4.875 4.875 5.5 5.5 4.1875 4.1875 4.1875 5.875 5.875 9.125 9.125 9.125 14.125 14.125 15.3125 15.3125 15.3125 15.375 15.375 11.0625 11.0625 11.0625 4.75 4.75 5 5 5 4.9375 4.9375 6.4375 6.4375 6.4375 13.8125 13.8125 16.8125 16.8125 16.8125 16.8125 16.8125 11.25 11.25 11.25 11.1875 11.1875 9.75 9.75
 0 0 0 0 0 0 0 0 0 0 0 0 0 0 0 0 0 0 0 0 0 0 0 0 0 0 0 0 0 0 0 0 0.0625 0.0625 0.0625 0 0 0 0 0 0.1875 0.1875 0.5625 0.5625 0.5625 0.3125 0.3125 0.3125 0.3125 0.3125 0.4375 0.4375 0.375 0.375 0.375 0.1875 0.1875 0.125 0.125 0.125 0.125 0.125 0.25 0.25 0.25 0.125 0.125 0.0625 0.0625 0.0625 0.125 0.125 0.1875 0.1875 0.1875 0.1875 0.1875 0 0 0 0 0 0 0 0 0 0 0 0 0 0 0 0 0 0 0 0 0 0 0 0 0 0 0 0 0.125 0.125 0.8125 0.8125 0.8125 0.75 0.75 1.4375 1.4375 1.4375 1.4375 1.4375 2.75 2.75 2.75 4.375 4.375 4.875 4.875 4.875 5.5 5.5 4.1875 4.1875 4.1875 5.875 5.875 9.125 9.125 9.125 14.125 14.125 15.3125 15.3125 15.3125 15.375 15.375 11.0625 11.0625 11.0625 4.75 4.75 5 5 5 4.9375 4.9375 6.4375 6.4375 6.4375 13.8125 13.8125 16.8125 16.8125 16.8125 16.8125 16.8125 11.25 11.25 11.25 11.1875 11.1875 9.75 9.75
 0 0 0 0 0 0 0 0 0 0 0 0 0 0 0 0 0 0 0 0 0 0 0 0 0 0 0 0 0 0 0 0 0.0625 0.0625 0.0625 0 0 0 0 0 0.1875 0.1875 0.5625 0.5625 0.5625 0.3125 0.3125 0.3125 0.3125 0.3125 0.4375 0.4375 0.375 0.375 0.375 0.1875 0.1875 0.125 0.125 0.125 0.125 0.125 0.25 0.25 0.25 0.125 0.125 0.0625 0.0625 0.0625 0.125 0.125 0.1875 0.1875 0.1875 0.1875 0.1875 0 0 0 0 0 0 0 0 0 0 0 0 0 0 0 0 0 0 0 0 0 0 0 0 0 0 0 0 0.125 0.125 0.8125 0.8125 0.8125 0.75 0.75 1.4375 1.4375 1.4375 1.4375 1.4375 2.75 2.75 2.75 4.375 4.375 4.875 4.875 4.875 5.5 5.5 4.1875 4.1875 4.1875 5.875 5.875 9.125 9.125 9.125 14.125 14.125 15.3125 15.3125 15.3125 15.375 15.375 11.0625 11.0625 11.0625 4.75 4.75 5 5 5 4.9375 4.9375 6.4375 6.4375 6.4375 13.8125 13.8125 16.8125 16.8125 16.8125 16.8125 16.8125 11.25 11.25 11.25 11.1875 11.1875 9.75 9.75
 0 0 0 0 0 0 0 0 0 0 0 0 0 0 0 0 0 0 0 0 0 0 0 0 0 0 0 0 0 0 0 0 0 0 0 0 0 0 0 0 0.125 0.125 0.1875 0.1875 0.1875 0.0625 0.0625 0.1875 0.1875 0.1875 0.1875 0.1875 0.1875 0.1875 0.1875 0.125 0.125 0.125 0.125 0.125 0.375 0.375 0.3125 0.3125 0.3125 0.0625 0.0625 0.125 0.125 0.125 0.125 0.125 0.0625 0.0625 0.0625 0.0625 0.0625 0 0 0 0 0 0 0 0 0 0 0 0 0 0 0 0 0 0 0 0 0 0 0 0 0 0 0 0 0.0625 0.0625 0.4375 0.4375 0.4375 0.4375 0.4375 1 1 1 1.5625 1.5625 2.1875 2.1875 2.1875 3.25 3.25 4.0625 4.0625 4.0625 5.375 5.375 5.25 5.25 5.25 5.875 5.875 9.125 9.125 9.125 12.75 12.75 12.8125 12.8125 12.8125 13.75 13.75 10.1875 10.1875 10.1875 3.3125 3.3125 2.5 2.5 2.5 2.75 2.75 3.375 3.375 3.375 4.875 4.875 5.25 5.25 5.25 4.75 4.75 2.0625 2.0625 2.0625 6.0625 6.0625 9.875 9.875
 0 0 0 0 0 0 0 0 0 0 0 0 0 0 0 0 0 0 0 0 0 0 0 0 0 0 0 0 0 0 0 0 0 0 0 0 0 0 0 0 0.125 0.125 0.1875 0.1875 0.1875 0.0625 0.0625 0.1875 0.1875 0.1875 0.1875 0.1875 0.1875 0.1875 0.1875 0.125 0.125 0.125 0.125 0.125 0.375 0.375 0.3125 0.3125 0.3125 0.0625 0.0625 0.125 0.125 0.125 0.125 0.125 0.0625 0.0625 0.0625 0.0625 0.0625 0 0 0 0 0 0 0 0 0 0 0 0 0 0 0 0 0 0 0 0 0 0 0 0 0 0 0 0 0.0625 0.0625 0.4375 0.4375 0.4375 0.4375 0.4375 1 1 1 1.5625 1.5625 2.1875 2.1875 2.1875 3.25 3.25 4.0625 4.0625 4.0625 5.375 5.375 5.25 5.25 5.25 5.875 5.875 9.125 9.125 9.125 12.75 12.75 12.8125 12.8125 12.8125 13.75 13.75 10.1875 10.1875 10.1875 3.3125 3.3125 2.5 2.5 2.5 2.75 2.75 3.375 3.375 3.375 4.875 4.875 5.25 5.25 5.25 4.75 4.75 2.0625 2.0625 2.0625 6.0625 6.0625 9.875 9.875
 0 0 0 0 0 0 0 0 0 0 0 0 0 0 0 0 0 0 0 0 0 0 0 0 0 0 0 0 0 0 0 0 0 0 0 0 0 0 0 0 0 0 0.0625 0.0625 0.0625 0 0 0 0 0 0.0625 0.0625 0.125 0.125 0.125 0.25 0.25 0.6875 0.6875 0.6875 0.6875 0.6875 0.125 0.125 0.125 0.0625 0.0625 0.125 0.125 0.125 0.0625 0.0625 0 0 0 0 0 0 0 0 0 0 0 0 0 0 0 0 0 0 0 0 0 0 0 0 0 0 0 0 0 0 0 0 0 0 0 0.1875 0.1875 0.1875 0.25 0.25 0.5625 0.5625 0.5625 0.9375 0.9375 1.6875 1.6875 1.6875 2.5 2.5 3.5 3.5 3.5 5.125 5.125 6 6 6 6.875 6.875 9.0625 9.0625 9.0625 10.6875 10.6875 11.0625 11.0625 11.0625 12.5625 12.5625 8.1875 8.1875 8.1875 1.75 1.75 0.875 0.875 0.875 2.5 2.5 4.125 4.125 4.125 2.625 2.625 1.875 1.875 1.875 1.75 1.75 1.1875 1.1875 1.1875 2.3125 2.3125 7 7
 0 0 0 0 0 0 0 0 0 0 0 0 0 0 0 0 0 0 0 0 0 0 0 0 0 0 0 0 0 0 0 0 0 0 0 0 0 0 0 0 0 0 0.0625 0.0625 0.0625 0 0 0 0 0 0.0625 0.0625 0.125 0.125 0.125 0.25 0.25 0.6875 0.6875 0.6875 0.6875 0.6875 0.125 0.125 0.125 0.0625 0.0625 0.125 0.125 0.125 0.0625 0.0625 0 0 0 0 0 0 0 0 0 0 0 0 0 0 0 0 0 0 0 0 0 0 0 0 0 0 0 0 0 0 0 0 0 0 0 0.1875 0.1875 0.1875 0.25 0.25 0.5625 0.5625 0.5625 0.9375 0.9375 1.6875 1.6875 1.6875 2.5 2.5 3.5 3.5 3.5 5.125 5.125 6 6 6 6.875 6.875 9.0625 9.0625 9.0625 10.6875 10.6875 11.0625 11.0625 11.0625 12.5625 12.5625 8.1875 8.1875 8.1875 1.75 1.75 0.875 0.875 0.875 2.5 2.5 4.125 4.125 4.125 2.625 2.625 1.875 1.875 1.875 1.75 1.75 1.1875 1.1875 1.1875 2.3125 2.3125 7 7
 0 0 0 0 0 0 0 0 0 0 0 0 0 0 0 0 0 0 0 0 0 0 0 0 0 0 0 0 0 0 0 0 0 0 0 0 0 0 0 0 0 0 0.0625 0.0625 0.0625 0 0 0 0 0 0.0625 0.0625 0.125 0.125 0.125 0.25 0.25 0.6875 0.6875 0.6875 0.6875 0.6875 0.125 0.125 0.125 0.0625 0.0625 0.125 0.125 0.125 0.0625 0.0625 0 0 0 0 0 0 0 0 0 0 0 0 0 0 0 0 0 0 0 0 0 0 0 0 0 0 0 0 0 0 0 0 0 0 0 0.1875 0.1875 0.1875 0.25 0.25 0.5625 0.5625 0.5625 0.9375 0.9375 1.6875 1.6875 1.6875 2.5 2.5 3.5 3.5 3.5 5.125 5.125 6 6 6 6.875 6.875 9.0625 9.0625 9.0625 10.6875 10.6875 11.0625 11.0625 11.0625 12.5625 12.5625 8.1875 8.1875 8.1875 1.75 1.75 0.875 0.875 0.875 2.5 2.5 4.125 4.125 4.125 2.625 2.625 1.875 1.875 1.875 1.75 1.75 1.1875 1.1875 1.1875 2.3125 2.3125 7 7
 0 0 0 0 0 0 0 0 0 0 0 0 0 0 0 0 0 0 0 0 0 0 0 0 0 0 0 0 0 0 0 0 0 0 0 0 0 0 0 0 0 0 0 0 0 0 0 0 0 0 0 0 0.375 0.375 0.375 1.1875 1.1875 1.5625 1.5625 1.5625 0.875 0.875 0.25 0.25 0.25 0.1875 0.1875 0.125 0.125 0.125 0.0625 0.0625 0 0 0 0 0 0 0 0 0 0 0 0 0 0 0 0 0 0 0 0 0 0 0 0 0 0 0 0 0 0 0 0 0 0 0 0.125 0.125 0.125 0.125 0.125 0.25 0.25 0.25 0.4375 0.4375 1.1875 1.1875 1.1875 2.125 2.125 3.125 3.125 3.125 4.875 4.875 6.5625 6.5625 6.5625 6.5625 6.5625 7.5625 7.5625 7.5625 9.5 9.5 11.125 11.125 11.125 12.1875 12.1875 6.625 6.625 6.625 1.25 1.25 0.75 0.75 0.75 3.8125 3.8125 5.6875 5.6875 5.6875 2.1875 2.1875 0.625 0.625 0.625 1.375 1.375 1.375 1.375 1.375 0.6875 0.6875 0.625 0.625
 0 0 0 0 0 0 0 0 0 0 0 0 0 0 0 0 0 0 0 0 0 0 0 0 0 0 0 0 0 0 0 0 0 0 0 0 0 0 0 0 0 0 0 0 0 0 0 0 0 0 0 0 0.375 0.375 0.375 1.1875 1.1875 1.5625 1.5625 1.5625 0.875 0.875 0.25 0.25 0.25 0.1875 0.1875 0.125 0.125 0.125 0.0625 0.0625 0 0 0 0 0 0 0 0 0 0 0 0 0 0 0 0 0 0 0 0 0 0 0 0 0 0 0 0 0 0 0 0 0 0 0 0.125 0.125 0.125 0.125 0.125 0.25 0.25 0.25 0.4375 0.4375 1.1875 1.1875 1.1875 2.125 2.125 3.125 3.125 3.125 4.875 4.875 6.5625 6.5625 6.5625 6.5625 6.5625 7.5625 7.5625 7.5625 9.5 9.5 11.125 11.125 11.125 12.1875 12.1875 6.625 6.625 6.625 1.25 1.25 0.75 0.75 0.75 3.8125 3.8125 5.6875 5.6875 5.6875 2.1875 2.1875 0.625 0.625 0.625 1.375 1.375 1.375 1.375 1.375 0.6875 0.6875 0.625 0.625
 0 0 0 0 0 0 0 0 0 0 0 0 0 0 0 0 0 0 0 0 0 0 0 0 0 0 0 0 0 0 0 0 0 0 0 0 0 0 0 0 0 0 0.0625 0.0625 0.0625 0.0625 0.0625 0 0 0 0.0625 0.0625 0.6875 0.6875 0.6875 1.5 1.5 1.125 1.125 1.125 0.5 0.5 0.25 0.25 0.25 0.1875 0.1875 0.0625 0.0625 0.0625 0 0 0.0625 0.0625 0.0625 0.0625 0.0625 0.0625 0.0625 0.0625 0 0 0 0 0 0 0 0 0 0 0 0 0 0 0 0 0 0 0 0 0 0 0 0 0 0 0 0 0 0 0.125 0.125 0.125 0.125 0.125 0.375 0.375 1 1 1 1.9375 1.9375 3 3 3 4.75 4.75 5.9375 5.9375 5.9375 5.5625 5.5625 7.125 7.125 7.125 10.5 10.5 11.6875 11.6875 11.6875 11.9375 11.9375 5.625 5.625 5.625 1.0625 1.0625 1.0625 1.0625 1.0625 4.25 4.25 3.75 3.75 3.75 1.3125 1.3125 0.5625 0.5625 0.5625 0.4375 0.4375 0.5 0.5 0.5 0.5 0.5 0.4375 0.4375
 0 0 0 0 0 0 0 0 0 0 0 0 0 0 0 0 0 0 0 0 0 0 0 0 0 0 0 0 0 0 0 0 0 0 0 0 0 0 0 0 0 0 0.0625 0.0625 0.0625 0.0625 0.0625 0 0 0 0.0625 0.0625 0.6875 0.6875 0.6875 1.5 1.5 1.125 1.125 1.125 0.5 0.5 0.25 0.25 0.25 0.1875 0.1875 0.0625 0.0625 0.0625 0 0 0.0625 0.0625 0.0625 0.0625 0.0625 0.0625 0.0625 0.0625 0 0 0 0 0 0 0 0 0 0 0 0 0 0 0 0 0 0 0 0 0 0 0 0 0 0 0 0 0 0 0.125 0.125 0.125 0.125 0.125 0.375 0.375 1 1 1 1.9375 1.9375 3 3 3 4.75 4.75 5.9375 5.9375 5.9375 5.5625 5.5625 7.125 7.125 7.125 10.5 10.5 11.6875 11.6875 11.6875 11.9375 11.9375 5.625 5.625 5.625 1.0625 1.0625 1.0625 1.0625 1.0625 4.25 4.25 3.75 3.75 3.75 1.3125 1.3125 0.5625 0.5625 0.5625 0.4375 0.4375 0.5 0.5 0.5 0.5 0.5 0.4375 0.4375
 0 0 0 0 0 0 0 0 0 0 0 0 0 0 0 0 0 0 0 0 0 0 0 0 0 0 0 0 0 0 0 0 0 0 0 0 0 0 0 0 0 0 0.0625 0.0625 0.0625 0.0625 0.0625 0 0 0 0.0625 0.0625 0.6875 0.6875 0.6875 1.5 1.5 1.125 1.125 1.125 0.5 0.5 0.25 0.25 0.25 0.1875 0.1875 0.0625 0.0625 0.0625 0 0 0.0625 0.0625 0.0625 0.0625 0.0625 0.0625 0.0625 0.0625 0 0 0 0 0 0 0 0 0 0 0 0 0 0 0 0 0 0 0 0 0 0 0 0 0 0 0 0 0 0 0.125 0.125 0.125 0.125 0.125 0.375 0.375 1 1 1 1.9375 1.9375 3 3 3 4.75 4.75 5.9375 5.9375 5.9375 5.5625 5.5625 7.125 7.125 7.125 10.5 10.5 11.6875 11.6875 11.6875 11.9375 11.9375 5.625 5.625 5.625 1.0625 1.0625 1.0625 1.0625 1.0625 4.25 4.25 3.75 3.75 3.75 1.3125 1.3125 0.5625 0.5625 0.5625 0.4375 0.4375 0.5 0.5 0.5 0.5 0.5 0.4375 0.4375
 0 0 0 0 0 0 0 0 0 0 0 0 0 0 0 0 0 0 0 0 0 0 0 0 0 0 0 0 0 0 0 0 0 0 0 0 0 0 0 0 0 0 0.0625 0.0625 0.0625 0.0625 0.0625 0.0625 0.0625 0.0625 0.0625 0.0625 0.125 0.125 0.125 0.4375 0.4375 0.4375 0.4375 0.4375 0.4375 0.4375 0.625 0.625 0.625 0.4375 0.4375 0.0625 0.0625 0.0625 0 0 0 0 0 0 0 0 0 0 0 0 0 0 0 0 0 0 0 0 0 0 0 0 0 0 0 0 0 0 0 0 0 0 0 0 0 0.0625 0.0625 0.0625 0.125 0.125 0.0625 0.0625 0.0625 0.375 0.375 1.25 1.25 1.25 2.4375 2.4375 3.5 3.5 3.5 4.375 4.375 5 5 5 5.875 5.875 8.75 8.75 8.75 11.4375 11.4375 11.25 11.25 11.25 11.4375 11.4375 4.625 4.625 4.625 0.75 0.75 1.4375 1.4375 1.4375 4.125 4.125 2.3125 2.3125 2.3125 1.1875 1.1875 1.0625 1.0625 1.0625 0.4375 0.4375 0.375 0.375 0.375 0.75 0.75 0.875 0.875
 0 0 0 0 0 0 0 0 0 0 0 0 0 0 0 0 0 0 0 0 0 0 0 0 0 0 0 0 0 0 0 0 0 0 0 0 0 0 0 0 0 0 0.0625 0.0625 0.0625 0.0625 0.0625 0.0625 0.0625 0.0625 0.0625 0.0625 0.125 0.125 0.125 0.4375 0.4375 0.4375 0.4375 0.4375 0.4375 0.4375 0.625 0.625 0.625 0.4375 0.4375 0.0625 0.0625 0.0625 0 0 0 0 0 0 0 0 0 0 0 0 0 0 0 0 0 0 0 0 0 0 0 0 0 0 0 0 0 0 0 0 0 0 0 0 0 0.0625 0.0625 0.0625 0.125 0.125 0.0625 0.0625 0.0625 0.375 0.375 1.25 1.25 1.25 2.4375 2.4375 3.5 3.5 3.5 4.375 4.375 5 5 5 5.875 5.875 8.75 8.75 8.75 11.4375 11.4375 11.25 11.25 11.25 11.4375 11.4375 4.625 4.625 4.625 0.75 0.75 1.4375 1.4375 1.4375 4.125 4.125 2.3125 2.3125 2.3125 1.1875 1.1875 1.0625 1.0625 1.0625 0.4375 0.4375 0.375 0.375 0.375 0.75 0.75 0.875 0.875
 0 0 0 0 0 0 0 0 0 0 0 0 0 0 0 0 0 0 0 0 0 0 0 0 0 0 0 0 0 0 0 0 0 0 0 0 0 0 0 0 0 0 0.0625 0.0625 0.0625 0 0 0 0 0 0 0 0.0625 0.0625 0.0625 0.1875 0.1875 0.4375 0.4375 0.4375 1.8125 1.8125 2.375 2.375 2.375 1.375 1.375 0.1875 0.1875 0.1875 0 0 0 0 0 0 0 0 0 0 0 0 0 0 0 0 0 0 0 0 0 0 0 0 0 0 0 0 0 0 0 0 0 0 0 0 0 0.0625 0.0625 0.0625 0.0625 0.0625 0.1875 0.1875 0.1875 0.6875 0.6875 1.9375 1.9375 1.9375 3.375 3.375 3.875 3.875 3.875 4.3125 4.3125 5.6875 5.6875 5.6875 8.125 8.125 10.25 10.25 10.25 10.875 10.875 10.5 10.5 10.5 9.75 9.75 2.625 2.625 2.625 0.625 0.625 1.875 1.875 1.875 3.875 3.875 1.5625 1.5625 1.5625 1.3125 1.3125 1.5 1.5 1.5 1.375 1.375 0.875 0.875 0.875 0.3125 0.3125 0.375 0.375
 0 0 0 0 0 0 0 0 0 0 0 0 0 0 0 0 0 0 0 0 0 0 0 0 0 0 0 0 0 0 0 0 0 0 0 0 0 0 0 0 0 0 0.0625 0.0625 0.0625 0 0 0 0 0 0 0 0.0625 0.0625 0.0625 0.1875 0.1875 0.4375 0.4375 0.4375 1.8125 1.8125 2.375 2.375 2.375 1.375 1.375 0.1875 0.1875 0.1875 0 0 0 0 0 0 0 0 0 0 0 0 0 0 0 0 0 0 0 0 0 0 0 0 0 0 0 0 0 0 0 0 0 0 0 0 0 0.0625 0.0625 0.0625 0.0625 0.0625 0.1875 0.1875 0.1875 0.6875 0.6875 1.9375 1.9375 1.9375 3.375 3.375 3.875 3.875 3.875 4.3125 4.3125 5.6875 5.6875 5.6875 8.125 8.125 10.25 10.25 10.25 10.875 10.875 10.5 10.5 10.5 9.75 9.75 2.625 2.625 2.625 0.625 0.625 1.875 1.875 1.875 3.875 3.875 1.5625 1.5625 1.5625 1.3125 1.3125 1.5 1.5 1.5 1.375 1.375 0.875 0.875 0.875 0.3125 0.3125 0.375 0.375
 0 0 0 0 0 0 0 0 0 0 0 0 0 0 0 0 0 0 0 0 0 0 0 0 0 0 0 0 0 0 0 0 0 0 0 0 0 0 0 0 0 0 0.0625 0.0625 0.0625 0 0 0 0 0 0 0 0.0625 0.0625 0.0625 0.1875 0.1875 0.4375 0.4375 0.4375 1.8125 1.8125 2.375 2.375 2.375 1.375 1.375 0.1875 0.1875 0.1875 0 0 0 0 0 0 0 0 0 0 0 0 0 0 0 0 0 0 0 0 0 0 0 0 0 0 0 0 0 0 0 0 0 0 0 0 0 0.0625 0.0625 0.0625 0.0625 0.0625 0.1875 0.1875 0.1875 0.6875 0.6875 1.9375 1.9375 1.9375 3.375 3.375 3.875 3.875 3.875 4.3125 4.3125 5.6875 5.6875 5.6875 8.125 8.125 10.25 10.25 10.25 10.875 10.875 10.5 10.5 10.5 9.75 9.75 2.625 2.625 2.625 0.625 0.625 1.875 1.875 1.875 3.875 3.875 1.5625 1.5625 1.5625 1.3125 1.3125 1.5 1.5 1.5 1.375 1.375 0.875 0.875 0.875 0.3125 0.3125 0.375 0.375
 0 0 0 0 0 0 0 0 0 0 0 0 0 0 0 0 0 0 0 0 0 0 0 0 0 0 0 0 0 0 0 0 0.0625 0.0625 0.0625 0.0625 0.0625 0 0 0 0 0 0 0 0 0 0 0 0 0 0 0 0.125 0.125 0.125 0.125 0.125 0.125 0.125 0.125 0.625 0.625 1.25 1.25 1.25 0.875 0.875 0.1875 0.1875 0.1875 0 0 0 0 0 0 0 0 0 0 0 0 0 0 0 0 0 0 0 0 0 0 0 0 0 0 0 0 0 0 0 0 0 0 0 0 0 0.0625 0.0625 0.0625 0.125 0.125 0.75 0.75 0.75 1.4375 1.4375 2.6875 2.6875 2.6875 3.8125 3.8125 3.875 3.875 3.875 5.25 5.25 8.3125 8.3125 8.3125 9.9375 9.9375 10.625 10.625 10.625 10 10 10.25 10.25 10.25 6.9375 6.9375 1 1 1 0.625 0.625 2.25 2.25 2.25 3.25 3.25 1.0625 1.0625 1.0625 1.1875 1.1875 1.1875 1.1875 1.1875 1.5625 1.5625 1.5 1.5 1.5 0.625 0.625 0.125 0.125
 0 0 0 0 0 0 0 0 0 0 0 0 0 0 0 0 0 0 0 0 0 0 0 0 0 0 0 0 0 0 0 0 0.0625 0.0625 0.0625 0.0625 0.0625 0 0 0 0 0 0 0 0 0 0 0 0 0 0 0 0.125 0.125 0.125 0.125 0.125 0.125 0.125 0.125 0.625 0.625 1.25 1.25 1.25 0.875 0.875 0.1875 0.1875 0.1875 0 0 0 0 0 0 0 0 0 0 0 0 0 0 0 0 0 0 0 0 0 0 0 0 0 0 0 0 0 0 0 0 0 0 0 0 0 0.0625 0.0625 0.0625 0.125 0.125 0.75 0.75 0.75 1.4375 1.4375 2.6875 2.6875 2.6875 3.8125 3.8125 3.875 3.875 3.875 5.25 5.25 8.3125 8.3125 8.3125 9.9375 9.9375 10.625 10.625 10.625 10 10 10.25 10.25 10.25 6.9375 6.9375 1 1 1 0.625 0.625 2.25 2.25 2.25 3.25 3.25 1.0625 1.0625 1.0625 1.1875 1.1875 1.1875 1.1875 1.1875 1.5625 1.5625 1.5 1.5 1.5 0.625 0.625 0.125 0.125
 0 0 0 0 0 0 0 0 0 0 0 0 0 0 0 0 0 0 0 0 0 0 0 0 0 0 0 0 0 0 0 0 0.0625 0.0625 0.0625 0 0 0 0 0 0 0 0 0 0 0 0 0 0 0 0 0 0.0625 0.0625 0.0625 0.0625 0.0625 0.125 0.125 0.125 0.1875 0.1875 0.25 0.25 0.25 0.0625 0.0625 0 0 0 0 0 0 0 0 0 0 0 0 0 0 0 0 0 0 0 0 0 0 0 0 0 0 0 0 0 0 0 0 0 0 0 0 0 0 0 0 0.0625 0.0625 0.0625 0.375 0.375 1.0625 1.0625 1.0625 1.75 1.75 3.25 3.25 3.25 3.8125 3.8125 4.5625 4.5625 4.5625 6.6875 6.6875 9.375 9.375 9.375 9.75 9.75 10 10 10 9.25 9.25 10 10 10 3.0625 3.0625 0.4375 0.4375 0.4375 1 1 2.875 2.875 2.875 1.75 1.75 0.8125 0.8125 0.8125 0.9375 0.9375 0.9375 0.9375 0.9375 1.5 1.5 1.5 1.5 1.5 0.9375 0.9375 0.6875 0.6875
 0 0 0 0 0 0 0 0 0 0 0 0 0 0 0 0 0 0 0 0 0 0 0 0 0 0 0 0 0 0 0 0 0.0625 0.0625 0.0625 0 0 0 0 0 0 0 0 0 0 0 0 0 0 0 0 0 0.0625 0.0625 0.0625 0.0625 0.0625 0.125 0.125 0.125 0.1875 0.1875 0.25 0.25 0.25 0.0625 0.0625 0 0 0 0 0 0 0 0 0 0 0 0 0 0 0 0 0 0 0 0 0 0 0 0 0 0 0 0 0 0 0 0 0 0 0 0 0 0 0 0 0.0625 0.0625 0.0625 0.375 0.375 1.0625 1.0625 1.0625 1.75 1.75 3.25 3.25 3.25 3.8125 3.8125 4.5625 4.5625 4.5625 6.6875 6.6875 9.375 9.375 9.375 9.75 9.75 10 10 10 9.25 9.25 10 10 10 3.0625 3.0625 0.4375 0.4375 0.4375 1 1 2.875 2.875 2.875 1.75 1.75 0.8125 0.8125 0.8125 0.9375 0.9375 0.9375 0.9375 0.9375 1.5 1.5 1.5 1.5 1.5 0.9375 0.9375 0.6875 0.6875
 0 0 0 0 0 0 0 0 0 0 0 0 0 0 0 0 0 0 0 0 0 0 0 0 0 0 0 0 0 0 0 0 0.0625 0.0625 0.0625 0 0 0 0 0 0 0 0 0 0 0 0 0 0 0 0 0 0.0625 0.0625 0.0625 0.0625 0.0625 0.125 0.125 0.125 0.1875 0.1875 0.25 0.25 0.25 0.0625 0.0625 0 0 0 0 0 0 0 0 0 0 0 0 0 0 0 0 0 0 0 0 0 0 0 0 0 0 0 0 0 0 0 0 0 0 0 0 0 0 0 0 0.0625 0.0625 0.0625 0.375 0.375 1.0625 1.0625 1.0625 1.75 1.75 3.25 3.25 3.25 3.8125 3.8125 4.5625 4.5625 4.5625 6.6875 6.6875 9.375 9.375 9.375 9.75 9.75 10 10 10 9.25 9.25 10 10 10 3.0625 3.0625 0.4375 0.4375 0.4375 1 1 2.875 2.875 2.875 1.75 1.75 0.8125 0.8125 0.8125 0.9375 0.9375 0.9375 0.9375 0.9375 1.5 1.5 1.5 1.5 1.5 0.9375 0.9375 0.6875 0.6875
 0 0 0 0 0 0 0 0 0 0 0 0 0 0 0 0 0 0 0 0 0 0 0 0 0 0 0 0 0 0 0 0 0 0 0 0 0 0 0 0 0 0 0 0 0 0 0 0 0 0 0 0 0.0625 0.0625 0.0625 0.0625 0.0625 0.3125 0.3125 0.3125 0.3125 0.3125 0.0625 0.0625 0.0625 0 0 0 0 0 0 0 0 0 0 0 0 0 0 0 0 0 0 0 0 0 0 0 0 0 0 0 0 0 0 0 0 0 0 0 0 0 0 0 0 0.0625 0.0625 0.375 0.375 0.375 1.125 1.125 1 1 1 1.875 1.875 3.25 3.25 3.25 4.375 4.375 6.5 6.5 6.5 8.5625 8.5625 9 9 9 7.4375 7.4375 6.875 6.875 6.875 10.625 10.625 6.9375 6.9375 6.9375 0.875 0.875 0.6875 0.6875 0.6875 1.25 1.25 2.6875 2.6875 2.6875 1.125 1.125 0.6875 0.6875 0.6875 0.9375 0.9375 1 1 1 1.0625 1.0625 1.375 1.375 1.375 0.875 0.875 0.5 0.5
 0 0 0 0 0 0 0 0 0 0 0 0 0 0 0 0 0 0 0 0 0 0 0 0 0 0 0 0 0 0 0 0 0 0 0 0 0 0 0 0 0 0 0 0 0 0 0 0 0 0 0 0 0.0625 0.0625 0.0625 0.0625 0.0625 0.3125 0.3125 0.3125 0.3125 0.3125 0.0625 0.0625 0.0625 0 0 0 0 0 0 0 0 0 0 0 0 0 0 0 0 0 0 0 0 0 0 0 0 0 0 0 0 0 0 0 0 0 0 0 0 0 0 0 0 0.0625 0.0625 0.375 0.375 0.375 1.125 1.125 1 1 1 1.875 1.875 3.25 3.25 3.25 4.375 4.375 6.5 6.5 6.5 8.5625 8.5625 9 9 9 7.4375 7.4375 6.875 6.875 6.875 10.625 10.625 6.9375 6.9375 6.9375 0.875 0.875 0.6875 0.6875 0.6875 1.25 1.25 2.6875 2.6875 2.6875 1.125 1.125 0.6875 0.6875 0.6875 0.9375 0.9375 1 1 1 1.0625 1.0625 1.375 1.375 1.375 0.875 0.875 0.5 0.5
 0 0 0 0 0 0 0 0 0 0 0 0 0 0 0 0 0 0 0 0 0 0 0 0 0 0 0 0 0 0 0 0 0 0 0 0 0 0 0 0 0 0 0 0 0 0 0 0 0 0 0 0 0.0625 0.0625 0.0625 0.125 0.125 0.375 0.375 0.375 0.25 0.25 0 0 0 0 0 0 0 0 0 0 0 0 0 0 0 0 0 0 0 0 0 0 0 0 0 0 0 0 0 0 0 0 0 0 0 0 0 0 0 0 0 0 0 0.3125 0.3125 1 1 1 0.6875 0.6875 0.9375 0.9375 0.9375 2.4375 2.4375 4.1875 4.1875 4.1875 6.5625 6.5625 8.6875 8.6875 8.6875 8.5625 8.5625 7.3125 7.3125 7.3125 4.875 4.875 8.25 8.25 8.25 10.4375 10.4375 2.625 2.625 2.625 0.625 0.625 0.8125 0.8125 0.8125 1.4375 1.4375 1.875 1.875 1.875 0.75 0.75 0.875 0.875 0.875 1.125 1.125 0.9375 0.9375 0.9375 0.9375 0.9375 1.0625 1.0625 1.0625 0.8125 0.8125 0.3125 0.3125
 0 0 0 0 0 0 0 0 0 0 0 0 0 0 0 0 0 0 0 0 0 0 0 0 0 0 0 0 0 0 0 0 0 0 0 0 0 0 0 0 0 0 0 0 0 0 0 0 0 0 0 0 0.0625 0.0625 0.0625 0.125 0.125 0.375 0.375 0.375 0.25 0.25 0 0 0 0 0 0 0 0 0 0 0 0 0 0 0 0 0 0 0 0 0 0 0 0 0 0 0 0 0 0 0 0 0 0 0 0 0 0 0 0 0 0 0 0.3125 0.3125 1 1 1 0.6875 0.6875 0.9375 0.9375 0.9375 2.4375 2.4375 4.1875 4.1875 4.1875 6.5625 6.5625 8.6875 8.6875 8.6875 8.5625 8.5625 7.3125 7.3125 7.3125 4.875 4.875 8.25 8.25 8.25 10.4375 10.4375 2.625 2.625 2.625 0.625 0.625 0.8125 0.8125 0.8125 1.4375 1.4375 1.875 1.875 1.875 0.75 0.75 0.875 0.875 0.875 1.125 1.125 0.9375 0.9375 0.9375 0.9375 0.9375 1.0625 1.0625 1.0625 0.8125 0.8125 0.3125 0.3125
 0 0 0 0 0 0 0 0 0 0 0 0 0 0 0 0 0 0 0 0 0 0 0 0 0 0 0 0 0 0 0 0 0 0 0 0 0 0 0 0 0 0 0 0 0 0 0 0 0 0 0 0 0.0625 0.0625 0.0625 0.125 0.125 0.375 0.375 0.375 0.25 0.25 0 0 0 0 0 0 0 0 0 0 0 0 0 0 0 0 0 0 0 0 0 0 0 0 0 0 0 0 0 0 0 0 0 0 0 0 0 0 0 0 0 0 0 0.3125 0.3125 1 1 1 0.6875 0.6875 0.9375 0.9375 0.9375 2.4375 2.4375 4.1875 4.1875 4.1875 6.5625 6.5625 8.6875 8.6875 8.6875 8.5625 8.5625 7.3125 7.3125 7.3125 4.875 4.875 8.25 8.25 8.25 10.4375 10.4375 2.625 2.625 2.625 0.625 0.625 0.8125 0.8125 0.8125 1.4375 1.4375 1.875 1.875 1.875 0.75 0.75 0.875 0.875 0.875 1.125 1.125 0.9375 0.9375 0.9375 0.9375 0.9375 1.0625 1.0625 1.0625 0.8125 0.8125 0.3125 0.3125
 0 0 0 0 0 0 0 0 0 0 0 0 0 0 0 0 0 0 0 0 0 0 0 0 0 0 0 0 0 0 0 0 0 0 0 0 0 0 0 0 0 0 0 0 0 0 0 0 0 0 0 0 0.0625 0.0625 0.0625 0.1875 0.1875 0.25 0.25 0.25 0.0625 0.0625 0 0 0 0 0 0 0 0 0 0 0 0 0 0 0 0 0 0 0 0 0 0 0 0 0 0 0 0 0 0 0 0 0 0 0 0 0 0 0 0 0.125 0.125 0.125 0.8125 0.8125 0.5625 0.5625 0.5625 0.5 0.5 1.6875 1.6875 1.6875 3.75 3.75 6.4375 6.4375 6.4375 8.625 8.625 8.1875 8.1875 8.1875 7.25 7.25 4.4375 4.4375 4.4375 5.5 5.5 11.0625 11.0625 11.0625 5.75 5.75 0.625 0.625 0.625 0.6875 0.6875 0.6875 0.6875 0.6875 1.375 1.375 1.125 1.125 1.125 0.75 0.75 0.9375 0.9375 0.9375 0.9375 0.9375 0.9375 0.9375 0.9375 0.8125 0.8125 0.5 0.5 0.5 0.5 0.5 0.5 0.5
 0 0 0 0 0 0 0 0 0 0 0 0 0 0 0 0 0 0 0 0 0 0 0 0 0 0 0 0 0 0 0 0 0 0 0 0 0 0 0 0 0 0 0 0 0 0 0 0 0 0 0 0 0.0625 0.0625 0.0625 0.1875 0.1875 0.25 0.25 0.25 0.0625 0.0625 0 0 0 0 0 0 0 0 0 0 0 0 0 0 0 0 0 0 0 0 0 0 0 0 0 0 0 0 0 0 0 0 0 0 0 0 0 0 0 0 0.125 0.125 0.125 0.8125 0.8125 0.5625 0.5625 0.5625 0.5 0.5 1.6875 1.6875 1.6875 3.75 3.75 6.4375 6.4375 6.4375 8.625 8.625 8.1875 8.1875 8.1875 7.25 7.25 4.4375 4.4375 4.4375 5.5 5.5 11.0625 11.0625 11.0625 5.75 5.75 0.625 0.625 0.625 0.6875 0.6875 0.6875 0.6875 0.6875 1.375 1.375 1.125 1.125 1.125 0.75 0.75 0.9375 0.9375 0.9375 0.9375 0.9375 0.9375 0.9375 0.9375 0.8125 0.8125 0.5 0.5 0.5 0.5 0.5 0.5 0.5
 0 0 0 0 0 0 0 0 0 0 0 0 0 0 0 0 0 0 0 0 0 0 0 0 0 0 0 0 0 0 0 0 0 0 0 0 0 0 0 0 0 0 0 0 0 0 0 0 0 0 0 0 0.0625 0.0625 0.0625 0.1875 0.1875 0.25 0.25 0.25 0 0 0 0 0 0 0 0 0 0 0 0 0 0 0 0 0 0 0 0 0 0 0 0 0 0 0 0 0 0 0 0 0 0 0 0 0 0 0 0 0.0625 0.0625 0.3125 0.3125 0.3125 0.375 0.375 0.375 0.375 0.375 1.3125 1.3125 3.25 3.25 3.25 5.875 5.875 8.75 8.75 8.75 8.75 8.75 7.75 7.75 7.75 5.0625 5.0625 3.75 3.75 3.75 9.5625 9.5625 8.75 8.75 8.75 2.5 2.5 0.3125 0.3125 0.3125 0.4375 0.4375 0.6875 0.6875 0.6875 1.25 1.25 0.6875 0.6875 0.6875 0.5625 0.5625 0.5625 0.5625 0.5625 0.8125 0.8125 0.75 0.75 0.75 0.5625 0.5625 0.375 0.375 0.375 0.3125 0.3125 0.375 0.375
 0 0 0 0 0 0 0 0 0 0 0 0 0 0 0 0 0 0 0 0 0 0 0 0 0 0 0 0 0 0 0 0 0 0 0 0 0 0 0 0 0 0 0 0 0 0 0 0 0 0 0 0 0.0625 0.0625 0.0625 0.1875 0.1875 0.25 0.25 0.25 0 0 0 0 0 0 0 0 0 0 0 0 0 0 0 0 0 0 0 0 0 0 0 0 0 0 0 0 0 0 0 0 0 0 0 0 0 0 0 0 0.0625 0.0625 0.3125 0.3125 0.3125 0.375 0.375 0.375 0.375 0.375 1.3125 1.3125 3.25 3.25 3.25 5.875 5.875 8.75 8.75 8.75 8.75 8.75 7.75 7.75 7.75 5.0625 5.0625 3.75 3.75 3.75 9.5625 9.5625 8.75 8.75 8.75 2.5 2.5 0.3125 0.3125 0.3125 0.4375 0.4375 0.6875 0.6875 0.6875 1.25 1.25 0.6875 0.6875 0.6875 0.5625 0.5625 0.5625 0.5625 0.5625 0.8125 0.8125 0.75 0.75 0.75 0.5625 0.5625 0.375 0.375 0.375 0.3125 0.3125 0.375 0.375
 0 0 0 0 0 0 0 0 0 0 0 0 0 0 0 0 0 0 0 0 0 0 0 0 0 0 0 0 0 0 0 0 0 0 0 0 0 0 0 0 0 0 0 0 0 0 0 0 0 0 0 0 0.0625 0.0625 0.0625 0.1875 0.1875 0.25 0.25 0.25 0 0 0 0 0 0 0 0 0 0 0 0 0 0 0 0 0 0 0 0 0 0 0 0 0 0 0 0 0 0 0 0 0 0 0 0 0 0 0 0 0.0625 0.0625 0.3125 0.3125 0.3125 0.375 0.375 0.375 0.375 0.375 1.3125 1.3125 3.25 3.25 3.25 5.875 5.875 8.75 8.75 8.75 8.75 8.75 7.75 7.75 7.75 5.0625 5.0625 3.75 3.75 3.75 9.5625 9.5625 8.75 8.75 8.75 2.5 2.5 0.3125 0.3125 0.3125 0.4375 0.4375 0.6875 0.6875 0.6875 1.25 1.25 0.6875 0.6875 0.6875 0.5625 0.5625 0.5625 0.5625 0.5625 0.8125 0.8125 0.75 0.75 0.75 0.5625 0.5625 0.375 0.375 0.375 0.3125 0.3125 0.375 0.375
 0 0 0 0 0 0 0 0 0 0 0 0 0 0 0 0 0 0 0 0 0 0 0 0 0 0 0 0 0 0 0 0 0 0 0 0 0 0 0 0 0 0 0 0 0 0 0 0 0 0 0 0 0.0625 0.0625 0.0625 0.125 0.125 0.1875 0.1875 0.1875 0 0 0 0 0 0 0 0 0 0 0 0 0 0 0 0 0 0 0 0 0 0 0 0 0 0 0 0 0 0 0 0 0 0 0 0 0 0 0 0 0.125 0.125 0.1875 0.1875 0.1875 0.25 0.25 1.125 1.125 1.125 3.1875 3.1875 5.125 5.125 5.125 8.125 8.125 9.1875 9.1875 9.1875 8.3125 8.3125 6.0625 6.0625 6.0625 3.0625 3.0625 6.9375 6.9375 6.9375 9.875 9.875 5 5 5 1.4375 1.4375 0.125 0.125 0.125 0.125 0.125 0.5 0.5 0.5 0.5625 0.5625 0.375 0.375 0.375 0.375 0.375 0.4375 0.4375 0.4375 0.5625 0.5625 0.5 0.5 0.5 0.4375 0.4375 0.4375 0.4375 0.4375 0.375 0.375 0.375 0.375
 0 0 0 0 0 0 0 0 0 0 0 0 0 0 0 0 0 0 0 0 0 0 0 0 0 0 0 0 0 0 0 0 0 0 0 0 0 0 0 0 0 0 0 0 0 0 0 0 0 0 0 0 0.0625 0.0625 0.0625 0.125 0.125 0.1875 0.1875 0.1875 0 0 0 0 0 0 0 0 0 0 0 0 0 0 0 0 0 0 0 0 0 0 0 0 0 0 0 0 0 0 0 0 0 0 0 0 0 0 0 0 0.125 0.125 0.1875 0.1875 0.1875 0.25 0.25 1.125 1.125 1.125 3.1875 3.1875 5.125 5.125 5.125 8.125 8.125 9.1875 9.1875 9.1875 8.3125 8.3125 6.0625 6.0625 6.0625 3.0625 3.0625 6.9375 6.9375 6.9375 9.875 9.875 5 5 5 1.4375 1.4375 0.125 0.125 0.125 0.125 0.125 0.5 0.5 0.5 0.5625 0.5625 0.375 0.375 0.375 0.375 0.375 0.4375 0.4375 0.4375 0.5625 0.5625 0.5 0.5 0.5 0.4375 0.4375 0.4375 0.4375 0.4375 0.375 0.375 0.375 0.375
 0 0 0 0 0 0 0 0 0 0 0 0 0 0 0 0 0 0 0 0 0 0 0 0 0 0 0 0 0 0 0 0 0 0 0 0 0 0 0 0 0 0 0 0 0 0 0 0 0 0 0 0 0 0 0 0.125 0.125 0.0625 0.0625 0.0625 0 0 0 0 0 0 0 0 0 0 0 0 0 0 0 0 0 0 0 0 0 0 0 0 0 0 0 0 0 0 0 0 0 0 0 0 0 0 0 0 0.0625 0.0625 0.25 0.25 0.25 0.875 0.875 2.625 2.625 2.625 4.875 4.875 6.9375 6.9375 6.9375 8.625 8.625 8.6875 8.6875 8.6875 7.3125 7.3125 3.3125 3.3125 3.3125 4.5 4.5 9.875 9.875 9.875 6.5 6.5 3.3125 3.3125 3.3125 0.5 0.5 0 0 0 0.125 0.125 0.125 0.125 0.125 0.125 0.125 0.375 0.375 0.375 0.375 0.375 0.5 0.5 0.5 0.5625 0.5625 0.625 0.625 0.625 0.75 0.75 0.5 0.5 0.5 0.4375 0.4375 0.5 0.5
 0 0 0 0 0 0 0 0 0 0 0 0 0 0 0 0 0 0 0 0 0 0 0 0 0 0 0 0 0 0 0 0 0 0 0 0 0 0 0 0 0 0 0 0 0 0 0 0 0 0 0 0 0 0 0 0.125 0.125 0.0625 0.0625 0.0625 0 0 0 0 0 0 0 0 0 0 0 0 0 0 0 0 0 0 0 0 0 0 0 0 0 0 0 0 0 0 0 0 0 0 0 0 0 0 0 0 0.0625 0.0625 0.25 0.25 0.25 0.875 0.875 2.625 2.625 2.625 4.875 4.875 6.9375 6.9375 6.9375 8.625 8.625 8.6875 8.6875 8.6875 7.3125 7.3125 3.3125 3.3125 3.3125 4.5 4.5 9.875 9.875 9.875 6.5 6.5 3.3125 3.3125 3.3125 0.5 0.5 0 0 0 0.125 0.125 0.125 0.125 0.125 0.125 0.125 0.375 0.375 0.375 0.375 0.375 0.5 0.5 0.5 0.5625 0.5625 0.625 0.625 0.625 0.75 0.75 0.5 0.5 0.5 0.4375 0.4375 0.5 0.5
 0 0 0 0 0 0 0 0 0 0 0 0 0 0 0 0 0 0 0 0 0 0 0 0 0 0 0 0 0 0 0 0 0 0 0 0 0 0 0 0 0 0 0 0 0 0 0 0 0 0 0 0 0 0 0 0.125 0.125 0.0625 0.0625 0.0625 0 0 0 0 0 0 0 0 0 0 0 0 0 0 0 0 0 0 0 0 0 0 0 0 0 0 0 0 0 0 0 0 0 0 0 0 0 0 0 0 0.0625 0.0625 0.25 0.25 0.25 0.875 0.875 2.625 2.625 2.625 4.875 4.875 6.9375 6.9375 6.9375 8.625 8.625 8.6875 8.6875 8.6875 7.3125 7.3125 3.3125 3.3125 3.3125 4.5 4.5 9.875 9.875 9.875 6.5 6.5 3.3125 3.3125 3.3125 0.5 0.5 0 0 0 0.125 0.125 0.125 0.125 0.125 0.125 0.125 0.375 0.375 0.375 0.375 0.375 0.5 0.5 0.5 0.5625 0.5625 0.625 0.625 0.625 0.75 0.75 0.5 0.5 0.5 0.4375 0.4375 0.5 0.5
 0 0 0 0 0 0 0 0 0 0 0 0 0 0 0 0 0 0 0 0 0 0 0 0 0 0 0 0 0 0 0 0 0 0 0 0 0 0 0 0 0.125 0.125 0.0625 0.0625 0.0625 0 0 0 0 0 0 0 0 0 0 0.0625 0.0625 0 0 0 0 0 0 0 0 0 0 0 0 0 0 0 0 0 0 0 0 0 0 0 0 0 0 0 0 0 0 0 0 0 0 0 0 0 0 0 0 0 0 0 0.125 0.125 0.625 0.625 0.625 2.0625 2.0625 4.625 4.625 4.625 6.875 6.875 8.125 8.125 8.125 8.5 8.5 8.5 8.5 8.5 5 5 2.9375 2.9375 2.9375 8.4375 8.4375 7.5 7.5 7.5 5.1875 5.1875 1.9375 1.9375 1.9375 0.0625 0.0625 0 0 0 0.0625 0.0625 0 0 0 0.0625 0.0625 0.25 0.25 0.25 0.3125 0.3125 0.625 0.625 0.625 0.8125 0.8125 1 1 1 1 1 0.625 0.625 0.625 0.375 0.375 0.375 0.375
 0 0 0 0 0 0 0 0 0 0 0 0 0 0 0 0 0 0 0 0 0 0 0 0 0 0 0 0 0 0 0 0 0 0 0 0 0 0 0 0 0.125 0.125 0.0625 0.0625 0.0625 0 0 0 0 0 0 0 0 0 0 0.0625 0.0625 0 0 0 0 0 0 0 0 0 0 0 0 0 0 0 0 0 0 0 0 0 0 0 0 0 0 0 0 0 0 0 0 0 0 0 0 0 0 0 0 0 0 0 0.125 0.125 0.625 0.625 0.625 2.0625 2.0625 4.625 4.625 4.625 6.875 6.875 8.125 8.125 8.125 8.5 8.5 8.5 8.5 8.5 5 5 2.9375 2.9375 2.9375 8.4375 8.4375 7.5 7.5 7.5 5.1875 5.1875 1.9375 1.9375 1.9375 0.0625 0.0625 0 0 0 0.0625 0.0625 0 0 0 0.0625 0.0625 0.25 0.25 0.25 0.3125 0.3125 0.625 0.625 0.625 0.8125 0.8125 1 1 1 1 1 0.625 0.625 0.625 0.375 0.375 0.375 0.375
 0 0 0 0 0 0 0 0 0 0 0 0 0 0 0 0 0 0 0 0 0 0 0 0 0 0 0 0 0 0 0 0 0.0625 0.0625 0.0625 0 0 0 0 0 0.0625 0.0625 0.125 0.125 0.125 0.25 0.25 0.125 0.125 0.125 0.0625 0.0625 0 0 0 0 0 0 0 0 0 0 0 0 0 0 0 0 0 0 0 0 0 0 0 0 0 0 0 0 0 0 0 0 0 0 0 0 0 0 0 0 0 0 0 0 0 0.125 0.125 0.125 0.4375 0.4375 1.4375 1.4375 1.4375 4.0625 4.0625 7.125 7.125 7.125 8.5625 8.5625 8.5625 8.5625 8.5625 8.3125 8.3125 6.375 6.375 6.375 2.4375 2.4375 5.875 5.875 5.875 7.5 7.5 5.8125 5.8125 5.8125 5.3125 5.3125 1.3125 1.3125 1.3125 0 0 0 0 0 0 0 0.125 0.125 0.125 0.25 0.25 0.1875 0.1875 0.1875 0.5625 0.5625 1.3125 1.3125 1.3125 1.25 1.25 1 1 1 1.125 1.125 0.875 0.875 0.875 0.5 0.5 0.375 0.375
 0 0 0 0 0 0 0 0 0 0 0 0 0 0 0 0 0 0 0 0 0 0 0 0 0 0 0 0 0 0 0 0 0.0625 0.0625 0.0625 0 0 0 0 0 0.0625 0.0625 0.125 0.125 0.125 0.25 0.25 0.125 0.125 0.125 0.0625 0.0625 0 0 0 0 0 0 0 0 0 0 0 0 0 0 0 0 0 0 0 0 0 0 0 0 0 0 0 0 0 0 0 0 0 0 0 0 0 0 0 0 0 0 0 0 0 0.125 0.125 0.125 0.4375 0.4375 1.4375 1.4375 1.4375 4.0625 4.0625 7.125 7.125 7.125 8.5625 8.5625 8.5625 8.5625 8.5625 8.3125 8.3125 6.375 6.375 6.375 2.4375 2.4375 5.875 5.875 5.875 7.5 7.5 5.8125 5.8125 5.8125 5.3125 5.3125 1.3125 1.3125 1.3125 0 0 0 0 0 0 0 0.125 0.125 0.125 0.25 0.25 0.1875 0.1875 0.1875 0.5625 0.5625 1.3125 1.3125 1.3125 1.25 1.25 1 1 1 1.125 1.125 0.875 0.875 0.875 0.5 0.5 0.375 0.375
 0 0 0 0 0 0 0 0 0 0 0 0 0 0 0 0 0 0 0 0 0 0 0 0 0 0 0 0 0 0 0 0 0.0625 0.0625 0.0625 0 0 0 0 0 0.0625 0.0625 0.125 0.125 0.125 0.25 0.25 0.125 0.125 0.125 0.0625 0.0625 0 0 0 0 0 0 0 0 0 0 0 0 0 0 0 0 0 0 0 0 0 0 0 0 0 0 0 0 0 0 0 0 0 0 0 0 0 0 0 0 0 0 0 0 0 0.125 0.125 0.125 0.4375 0.4375 1.4375 1.4375 1.4375 4.0625 4.0625 7.125 7.125 7.125 8.5625 8.5625 8.5625 8.5625 8.5625 8.3125 8.3125 6.375 6.375 6.375 2.4375 2.4375 5.875 5.875 5.875 7.5 7.5 5.8125 5.8125 5.8125 5.3125 5.3125 1.3125 1.3125 1.3125 0 0 0 0 0 0 0 0.125 0.125 0.125 0.25 0.25 0.1875 0.1875 0.1875 0.5625 0.5625 1.3125 1.3125 1.3125 1.25 1.25 1 1 1 1.125 1.125 0.875 0.875 0.875 0.5 0.5 0.375 0.375
 0 0 0 0 0 0 0 0 0 0 0 0 0 0 0 0 0 0 0 0 0 0 0 0 0 0 0 0 0 0 0 0 0 0 0 0 0 0 0 0 0.0625 0.0625 0.1875 0.1875 0.1875 0.6875 0.6875 0.3125 0.3125 0.3125 0.1875 0.1875 0.125 0.125 0.125 0 0 0 0 0 0 0 0 0 0 0 0 0 0 0 0 0 0 0 0 0 0 0 0 0 0 0 0 0 0 0 0 0 0 0 0 0 0 0 0 0.125 0.125 0.4375 0.4375 0.4375 1.3125 1.3125 3.75 3.75 3.75 7.5625 7.5625 9.5625 9.5625 9.5625 8.625 8.625 7.875 7.875 7.875 7.3125 7.3125 3.3125 3.3125 3.3125 3.625 3.625 7.75 7.75 7.75 5.8125 5.8125 6.625 6.625 6.625 3.75 3.75 0.4375 0.4375 0.4375 0 0 0 0 0 0 0 0.125 0.125 0.125 0.125 0.125 0.25 0.25 0.25 0.625 0.625 1 1 1 1.0625 1.0625 1.125 1.125 1.125 0.875 0.875 0.6875 0.6875 0.6875 0.5625 0.5625 0.625 0.625
 0 0 0 0 0 0 0 0 0 0 0 0 0 0 0 0 0 0 0 0 0 0 0 0 0 0 0 0 0 0 0 0 0 0 0 0 0 0 0 0 0.0625 0.0625 0.1875 0.1875 0.1875 0.6875 0.6875 0.3125 0.3125 0.3125 0.1875 0.1875 0.125 0.125 0.125 0 0 0 0 0 0 0 0 0 0 0 0 0 0 0 0 0 0 0 0 0 0 0 0 0 0 0 0 0 0 0 0 0 0 0 0 0 0 0 0 0.125 0.125 0.4375 0.4375 0.4375 1.3125 1.3125 3.75 3.75 3.75 7.5625 7.5625 9.5625 9.5625 9.5625 8.625 8.625 7.875 7.875 7.875 7.3125 7.3125 3.3125 3.3125 3.3125 3.625 3.625 7.75 7.75 7.75 5.8125 5.8125 6.625 6.625 6.625 3.75 3.75 0.4375 0.4375 0.4375 0 0 0 0 0 0 0 0.125 0.125 0.125 0.125 0.125 0.25 0.25 0.25 0.625 0.625 1 1 1 1.0625 1.0625 1.125 1.125 1.125 0.875 0.875 0.6875 0.6875 0.6875 0.5625 0.5625 0.625 0.625
 0 0 0 0 0 0 0 0 0 0 0 0 0 0 0 0 0 0 0 0 0 0 0 0 0 0 0 0 0 0 0 0 0 0 0 0 0 0 0 0 0.0625 0.0625 0.375 0.375 0.375 0.5625 0.5625 0.0625 0.0625 0.0625 0.0625 0.0625 0.125 0.125 0.125 0.125 0.125 0.125 0.125 0.125 0 0 0 0 0 0 0 0 0 0 0 0 0 0 0 0 0 0 0 0 0 0 0 0 0 0 0 0 0 0 0 0 0.0625 0.0625 0.0625 0.3125 0.3125 1.0625 1.0625 1.0625 3.125 3.125 6.6875 6.6875 6.6875 9.5625 9.5625 8.4375 8.4375 8.4375 7 7 7.3125 7.3125 7.3125 4.5 4.5 2.1875 2.1875 2.1875 5.9375 5.9375 6.5625 6.5625 6.5625 6.5625 6.5625 5.1875 5.1875 5.1875 1.25 1.25 0.0625 0.0625 0.0625 0 0 0 0 0 0 0 0.0625 0.0625 0.0625 0.0625 0.0625 0.0625 0.0625 0.0625 0.1875 0.1875 0.5625 0.5625 0.5625 0.875 0.875 0.75 0.75 0.75 0.5625 0.5625 0.3125 0.3125 0.3125 0.375 0.375 0.4375 0.4375
 0 0 0 0 0 0 0 0 0 0 0 0 0 0 0 0 0 0 0 0 0 0 0 0 0 0 0 0 0 0 0 0 0 0 0 0 0 0 0 0 0.0625 0.0625 0.375 0.375 0.375 0.5625 0.5625 0.0625 0.0625 0.0625 0.0625 0.0625 0.125 0.125 0.125 0.125 0.125 0.125 0.125 0.125 0 0 0 0 0 0 0 0 0 0 0 0 0 0 0 0 0 0 0 0 0 0 0 0 0 0 0 0 0 0 0 0 0.0625 0.0625 0.0625 0.3125 0.3125 1.0625 1.0625 1.0625 3.125 3.125 6.6875 6.6875 6.6875 9.5625 9.5625 8.4375 8.4375 8.4375 7 7 7.3125 7.3125 7.3125 4.5 4.5 2.1875 2.1875 2.1875 5.9375 5.9375 6.5625 6.5625 6.5625 6.5625 6.5625 5.1875 5.1875 5.1875 1.25 1.25 0.0625 0.0625 0.0625 0 0 0 0 0 0 0 0.0625 0.0625 0.0625 0.0625 0.0625 0.0625 0.0625 0.0625 0.1875 0.1875 0.5625 0.5625 0.5625 0.875 0.875 0.75 0.75 0.75 0.5625 0.5625 0.3125 0.3125 0.3125 0.375 0.375 0.4375 0.4375
 0 0 0 0 0 0 0 0 0 0 0 0 0 0 0 0 0 0 0 0 0 0 0 0 0 0 0 0 0 0 0 0 0 0 0 0 0 0 0 0 0.0625 0.0625 0.375 0.375 0.375 0.5625 0.5625 0.0625 0.0625 0.0625 0.0625 0.0625 0.125 0.125 0.125 0.125 0.125 0.125 0.125 0.125 0 0 0 0 0 0 0 0 0 0 0 0 0 0 0 0 0 0 0 0 0 0 0 0 0 0 0 0 0 0 0 0 0.0625 0.0625 0.0625 0.3125 0.3125 1.0625 1.0625 1.0625 3.125 3.125 6.6875 6.6875 6.6875 9.5625 9.5625 8.4375 8.4375 8.4375 7 7 7.3125 7.3125 7.3125 4.5 4.5 2.1875 2.1875 2.1875 5.9375 5.9375 6.5625 6.5625 6.5625 6.5625 6.5625 5.1875 5.1875 5.1875 1.25 1.25 0.0625 0.0625 0.0625 0 0 0 0 0 0 0 0.0625 0.0625 0.0625 0.0625 0.0625 0.0625 0.0625 0.0625 0.1875 0.1875 0.5625 0.5625 0.5625 0.875 0.875 0.75 0.75 0.75 0.5625 0.5625 0.3125 0.3125 0.3125 0.375 0.375 0.4375 0.4375
 0 0 0 0 0 0 0 0 0 0 0 0 0 0 0 0 0 0 0 0 0 0 0 0 0 0 0 0 0 0 0 0 0 0 0 0 0 0 0 0 0 0 0.125 0.125 0.125 0 0 0 0 0 0 0 0.0625 0.0625 0.0625 0.375 0.375 0.3125 0.3125 0.3125 0.0625 0.0625 0 0 0 0 0 0 0 0 0 0 0 0 0 0 0 0 0 0 0 0 0 0 0 0 0 0 0 0 0 0 0.1875 0.1875 0.1875 0.75 0.75 2.5625 2.5625 2.5625 6 6 9.1875 9.1875 9.1875 8.1875 8.1875 6.125 6.125 6.125 7.25 7.25 5.375 5.375 5.375 2.375 2.375 3.75 3.75 3.75 6.4375 6.4375 6.5 6.5 6.5 5.5 5.5 1.8125 1.8125 1.8125 0.125 0.125 0 0 0 0 0 0 0 0 0 0 0.125 0.125 0.125 0.0625 0.0625 0.125 0.125 0.125 0.5625 0.5625 0.8125 0.8125 0.8125 0.75 0.75 0.5625 0.5625 0.5625 0.5 0.5 0.25 0.25 0.25 0.1875 0.1875 0.125 0.125
 0 0 0 0 0 0 0 0 0 0 0 0 0 0 0 0 0 0 0 0 0 0 0 0 0 0 0 0 0 0 0 0 0 0 0 0 0 0 0 0 0 0 0.125 0.125 0.125 0 0 0 0 0 0 0 0.0625 0.0625 0.0625 0.375 0.375 0.3125 0.3125 0.3125 0.0625 0.0625 0 0 0 0 0 0 0 0 0 0 0 0 0 0 0 0 0 0 0 0 0 0 0 0 0 0 0 0 0 0 0.1875 0.1875 0.1875 0.75 0.75 2.5625 2.5625 2.5625 6 6 9.1875 9.1875 9.1875 8.1875 8.1875 6.125 6.125 6.125 7.25 7.25 5.375 5.375 5.375 2.375 2.375 3.75 3.75 3.75 6.4375 6.4375 6.5 6.5 6.5 5.5 5.5 1.8125 1.8125 1.8125 0.125 0.125 0 0 0 0 0 0 0 0 0 0 0.125 0.125 0.125 0.0625 0.0625 0.125 0.125 0.125 0.5625 0.5625 0.8125 0.8125 0.8125 0.75 0.75 0.5625 0.5625 0.5625 0.5 0.5 0.25 0.25 0.25 0.1875 0.1875 0.125 0.125
 0 0 0 0 0 0 0 0 0 0 0 0 0 0 0 0 0 0 0 0 0 0 0 0 0 0 0 0 0 0 0 0 0 0 0 0 0 0 0 0 0 0 0 0 0 0 0 0 0 0 0 0 0 0 0 0 0 0 0 0 0 0 0 0 0 0 0 0 0 0 0 0 0 0 0 0 0 0 0 0 0 0 0 0 0 0 0 0 0 0 0.0625 0.0625 0.4375 0.4375 0.4375 1.75 1.75 5 5 5 8.25 8.25 7.4375 7.4375 7.4375 5 5 6.5625 6.5625 6.5625 5.8125 5.8125 3.0625 3.0625 3.0625 2.4375 2.4375 5.875 5.875 5.875 7.1875 7.1875 6 6 6 2.25 2.25 0.25 0.25 0.25 0 0 0 0 0 0 0 0 0 0 0.125 0.125 0.1875 0.1875 0.1875 0.0625 0.0625 0.25 0.25 0.25 0.5625 0.5625 0.6875 0.6875 0.6875 0.4375 0.4375 0.375 0.375 0.375 0.4375 0.4375 0.1875 0.1875 0.1875 0.125 0.125 0.0625 0.0625
 0 0 0 0 0 0 0 0 0 0 0 0 0 0 0 0 0 0 0 0 0 0 0 0 0 0 0 0 0 0 0 0 0 0 0 0 0 0 0 0 0 0 0 0 0 0 0 0 0 0 0 0 0 0 0 0 0 0 0 0 0 0 0 0 0 0 0 0 0 0 0 0 0 0 0 0 0 0 0 0 0 0 0 0 0 0 0 0 0 0 0.0625 0.0625 0.4375 0.4375 0.4375 1.75 1.75 5 5 5 8.25 8.25 7.4375 7.4375 7.4375 5 5 6.5625 6.5625 6.5625 5.8125 5.8125 3.0625 3.0625 3.0625 2.4375 2.4375 5.875 5.875 5.875 7.1875 7.1875 6 6 6 2.25 2.25 0.25 0.25 0.25 0 0 0 0 0 0 0 0 0 0 0.125 0.125 0.1875 0.1875 0.1875 0.0625 0.0625 0.25 0.25 0.25 0.5625 0.5625 0.6875 0.6875 0.6875 0.4375 0.4375 0.375 0.375 0.375 0.4375 0.4375 0.1875 0.1875 0.1875 0.125 0.125 0.0625 0.0625
 0 0 0 0 0 0 0 0 0 0 0 0 0 0 0 0 0 0 0 0 0 0 0 0 0 0 0 0 0 0 0 0 0 0 0 0 0 0 0 0 0 0 0 0 0 0 0 0 0 0 0 0 0 0 0 0 0 0 0 0 0 0 0 0 0 0 0 0 0 0 0 0 0 0 0 0 0 0 0 0 0 0 0 0 0 0 0 0 0 0 0.0625 0.0625 0.4375 0.4375 0.4375 1.75 1.75 5 5 5 8.25 8.25 7.4375 7.4375 7.4375 5 5 6.5625 6.5625 6.5625 5.8125 5.8125 3.0625 3.0625 3.0625 2.4375 2.4375 5.875 5.875 5.875 7.1875 7.1875 6 6 6 2.25 2.25 0.25 0.25 0.25 0 0 0 0 0 0 0 0 0 0 0.125 0.125 0.1875 0.1875 0.1875 0.0625 0.0625 0.25 0.25 0.25 0.5625 0.5625 0.6875 0.6875 0.6875 0.4375 0.4375 0.375 0.375 0.375 0.4375 0.4375 0.1875 0.1875 0.1875 0.125 0.125 0.0625 0.0625
 0 0 0 0 0 0 0 0 0 0 0 0 0 0 0 0 0 0 0 0 0 0 0 0 0 0 0 0 0 0 0 0 0 0 0 0 0 0 0 0 0 0 0 0 0 0 0 0 0 0 0 0 0 0 0 0 0 0 0 0 0 0 0 0 0 0 0 0 0 0 0 0 0 0 0 0 0 0 0 0 0 0 0 0 0 0 0 0 0 0 0.25 0.25 1.1875 1.1875 1.1875 3.25 3.25 6.1875 6.1875 6.1875 5.5625 5.5625 4.3125 4.3125 4.3125 6.125 6.125 6.0625 6.0625 6.0625 3.6875 3.6875 2.3125 2.3125 2.3125 4.625 4.625 7.3125 7.3125 7.3125 6.625 6.625 2.875 2.875 2.875 0.375 0.375 0 0 0 0 0 0 0 0 0 0 0 0 0 0.0625 0.0625 0.125 0.125 0.125 0.1875 0.1875 0.3125 0.3125 0.3125 0.4375 0.4375 0.5 0.5 0.5 0.3125 0.3125 0.5625 0.5625 0.5625 0.4375 0.4375 0.25 0.25 0.25 0.1875 0.1875 0.125 0.125
 0 0 0 0 0 0 0 0 0 0 0 0 0 0 0 0 0 0 0 0 0 0 0 0 0 0 0 0 0 0 0 0 0 0 0 0 0 0 0 0 0 0 0 0 0 0 0 0 0 0 0 0 0 0 0 0 0 0 0 0 0 0 0 0 0 0 0 0 0 0 0 0 0 0 0 0 0 0 0 0 0 0 0 0 0 0 0 0 0 0 0.25 0.25 1.1875 1.1875 1.1875 3.25 3.25 6.1875 6.1875 6.1875 5.5625 5.5625 4.3125 4.3125 4.3125 6.125 6.125 6.0625 6.0625 6.0625 3.6875 3.6875 2.3125 2.3125 2.3125 4.625 4.625 7.3125 7.3125 7.3125 6.625 6.625 2.875 2.875 2.875 0.375 0.375 0 0 0 0 0 0 0 0 0 0 0 0 0 0.0625 0.0625 0.125 0.125 0.125 0.1875 0.1875 0.3125 0.3125 0.3125 0.4375 0.4375 0.5 0.5 0.5 0.3125 0.3125 0.5625 0.5625 0.5625 0.4375 0.4375 0.25 0.25 0.25 0.1875 0.1875 0.125 0.125
 0 0 0 0 0 0 0 0 0 0 0 0 0 0 0 0 0 0 0 0 0 0 0 0 0 0 0 0 0 0 0 0 0 0 0 0 0 0 0 0 0 0 0 0 0 0 0 0 0 0 0 0 0 0 0 0 0 0 0 0 0 0 0 0 0 0 0 0 0 0 0 0 0 0 0 0 0 0 0 0 0 0 0 0 0 0 0 0.0625 0.0625 0.0625 0.75 0.75 2.5625 2.5625 2.5625 4.625 4.625 3.6875 3.6875 3.6875 3.0625 3.0625 5.6875 5.6875 5.6875 6.375 6.375 4.4375 4.4375 4.4375 2.5 2.5 3.3125 3.3125 3.3125 6.75 6.75 6.6875 6.6875 6.6875 3.1875 3.1875 0.5 0.5 0.5 0 0 0 0 0 0 0 0 0 0 0 0 0.0625 0.0625 0.0625 0.1875 0.1875 0.125 0.125 0.125 0.25 0.25 0.5625 0.5625 0.5625 0.6875 0.6875 0.375 0.375 0.375 0.4375 0.4375 0.4375 0.4375 0.4375 0.125 0.125 0.125 0.125 0.125 0.125 0.125 0.0625 0.0625
 0 0 0 0 0 0 0 0 0 0 0 0 0 0 0 0 0 0 0 0 0 0 0 0 0 0 0 0 0 0 0 0 0 0 0 0 0 0 0 0 0 0 0 0 0 0 0 0 0 0 0 0 0 0 0 0 0 0 0 0 0 0 0 0 0 0 0 0 0 0 0 0 0 0 0 0 0 0 0 0 0 0 0 0 0 0 0 0.0625 0.0625 0.0625 0.75 0.75 2.5625 2.5625 2.5625 4.625 4.625 3.6875 3.6875 3.6875 3.0625 3.0625 5.6875 5.6875 5.6875 6.375 6.375 4.4375 4.4375 4.4375 2.5 2.5 3.3125 3.3125 3.3125 6.75 6.75 6.6875 6.6875 6.6875 3.1875 3.1875 0.5 0.5 0.5 0 0 0 0 0 0 0 0 0 0 0 0 0.0625 0.0625 0.0625 0.1875 0.1875 0.125 0.125 0.125 0.25 0.25 0.5625 0.5625 0.5625 0.6875 0.6875 0.375 0.375 0.375 0.4375 0.4375 0.4375 0.4375 0.4375 0.125 0.125 0.125 0.125 0.125 0.125 0.125 0.0625 0.0625
 0 0 0 0 0 0 0 0 0 0 0 0 0 0 0 0 0 0 0 0 0 0 0 0 0 0 0 0 0 0 0 0 0 0 0 0 0 0 0 0 0 0 0 0 0 0 0 0 0 0 0 0 0 0 0 0 0 0 0 0 0 0 0 0 0 0 0 0 0 0 0 0 0 0 0 0 0 0 0 0 0 0 0 0 0 0 0 0.0625 0.0625 0.0625 0.75 0.75 2.5625 2.5625 2.5625 4.625 4.625 3.6875 3.6875 3.6875 3.0625 3.0625 5.6875 5.6875 5.6875 6.375 6.375 4.4375 4.4375 4.4375 2.5 2.5 3.3125 3.3125 3.3125 6.75 6.75 6.6875 6.6875 6.6875 3.1875 3.1875 0.5 0.5 0.5 0 0 0 0 0 0 0 0 0 0 0 0 0.0625 0.0625 0.0625 0.1875 0.1875 0.125 0.125 0.125 0.25 0.25 0.5625 0.5625 0.5625 0.6875 0.6875 0.375 0.375 0.375 0.4375 0.4375 0.4375 0.4375 0.4375 0.125 0.125 0.125 0.125 0.125 0.125 0.125 0.0625 0.0625
 0 0 0 0 0 0 0 0 0 0 0 0 0 0 0 0 0 0 0 0 0 0 0 0 0 0 0 0 0 0 0 0 0 0 0 0 0 0 0 0 0 0 0 0 0 0 0 0 0 0 0 0 0 0 0 0 0 0 0 0 0 0 0 0 0 0 0 0 0 0 0 0 0 0 0 0 0 0 0 0 0 0 0 0 0 0 0 0.3125 0.3125 0.3125 2 2 3.5625 3.5625 3.5625 2.5625 2.5625 2.5 2.5 2.5 5.0625 5.0625 6.3125 6.3125 6.3125 4.9375 4.9375 2.9375 2.9375 2.9375 2.375 2.375 5.4375 5.4375 5.4375 5.9375 5.9375 3.0625 3.0625 3.0625 0.75 0.75 0.125 0.125 0.125 0.125 0.125 0.0625 0.0625 0.0625 0 0 0 0 0 0 0 0.125 0.125 0.125 0.125 0.125 0.125 0.125 0.125 0.375 0.375 0.625 0.625 0.625 0.6875 0.6875 0.4375 0.4375 0.4375 0.1875 0.1875 0.125 0.125 0.125 0.0625 0.0625 0.125 0.125 0.125 0.3125 0.3125 0.3125 0.3125
 0 0 0 0 0 0 0 0 0 0 0 0 0 0 0 0 0 0 0 0 0 0 0 0 0 0 0 0 0 0 0 0 0 0 0 0 0 0 0 0 0 0 0 0 0 0 0 0 0 0 0 0 0 0 0 0 0 0 0 0 0 0 0 0 0 0 0 0 0 0 0 0 0 0 0 0 0 0 0 0 0 0 0 0 0 0 0 0.3125 0.3125 0.3125 2 2 3.5625 3.5625 3.5625 2.5625 2.5625 2.5 2.5 2.5 5.0625 5.0625 6.3125 6.3125 6.3125 4.9375 4.9375 2.9375 2.9375 2.9375 2.375 2.375 5.4375 5.4375 5.4375 5.9375 5.9375 3.0625 3.0625 3.0625 0.75 0.75 0.125 0.125 0.125 0.125 0.125 0.0625 0.0625 0.0625 0 0 0 0 0 0 0 0.125 0.125 0.125 0.125 0.125 0.125 0.125 0.125 0.375 0.375 0.625 0.625 0.625 0.6875 0.6875 0.4375 0.4375 0.4375 0.1875 0.1875 0.125 0.125 0.125 0.0625 0.0625 0.125 0.125 0.125 0.3125 0.3125 0.3125 0.3125
 0 0 0 0 0 0 0 0 0 0 0 0 0 0 0 0 0 0 0 0 0 0 0 0 0 0 0 0 0 0 0 0 0 0 0 0 0 0 0 0 0 0 0 0 0 0 0 0 0 0 0 0 0 0 0 0 0 0 0 0 0 0 0 0 0 0 0 0 0 0 0 0 0 0 0 0 0 0 0 0 0 0 0 0 0 0.25 0.25 1.5 1.5 1.5 2.5625 2.5625 1.6875 1.6875 1.6875 1.8125 1.8125 4.3125 4.3125 4.3125 6 6 5 5 5 2.875 2.875 1.9375 1.9375 1.9375 4.3125 4.3125 5.4375 5.4375 5.4375 2.875 2.875 0.6875 0.6875 0.6875 0.3125 0.3125 0.1875 0.1875 0.1875 0.1875 0.1875 0 0 0 0 0 0 0 0 0 0 0.0625 0.0625 0.0625 0.0625 0.0625 0.0625 0.0625 0.0625 0.375 0.375 0.625 0.625 0.625 0.5625 0.5625 0.3125 0.3125 0.3125 0.125 0.125 0.0625 0.0625 0.0625 0 0 0.25 0.25 0.25 0.5 0.5 0.625 0.625
 0 0 0 0 0 0 0 0 0 0 0 0 0 0 0 0 0 0 0 0 0 0 0 0 0 0 0 0 0 0 0 0 0 0 0 0 0 0 0 0 0 0 0 0 0 0 0 0 0 0 0 0 0 0 0 0 0 0 0 0 0 0 0 0 0 0 0 0 0 0 0 0 0 0 0 0 0 0 0 0 0 0 0 0 0 0.25 0.25 1.5 1.5 1.5 2.5625 2.5625 1.6875 1.6875 1.6875 1.8125 1.8125 4.3125 4.3125 4.3125 6 6 5 5 5 2.875 2.875 1.9375 1.9375 1.9375 4.3125 4.3125 5.4375 5.4375 5.4375 2.875 2.875 0.6875 0.6875 0.6875 0.3125 0.3125 0.1875 0.1875 0.1875 0.1875 0.1875 0 0 0 0 0 0 0 0 0 0 0.0625 0.0625 0.0625 0.0625 0.0625 0.0625 0.0625 0.0625 0.375 0.375 0.625 0.625 0.625 0.5625 0.5625 0.3125 0.3125 0.3125 0.125 0.125 0.0625 0.0625 0.0625 0 0 0.25 0.25 0.25 0.5 0.5 0.625 0.625
 0 0 0 0 0 0 0 0 0 0 0 0 0 0 0 0 0 0 0 0 0 0 0 0 0 0 0 0 0 0 0 0 0 0 0 0 0 0 0 0 0 0 0 0 0 0 0 0 0 0 0 0 0 0 0 0 0 0 0 0 0 0 0 0 0 0 0 0 0 0 0 0 0 0 0 0 0 0 0 0 0 0 0 0 0 0.25 0.25 1.5 1.5 1.5 2.5625 2.5625 1.6875 1.6875 1.6875 1.8125 1.8125 4.3125 4.3125 4.3125 6 6 5 5 5 2.875 2.875 1.9375 1.9375 1.9375 4.3125 4.3125 5.4375 5.4375 5.4375 2.875 2.875 0.6875 0.6875 0.6875 0.3125 0.3125 0.1875 0.1875 0.1875 0.1875 0.1875 0 0 0 0 0 0 0 0 0 0 0.0625 0.0625 0.0625 0.0625 0.0625 0.0625 0.0625 0.0625 0.375 0.375 0.625 0.625 0.625 0.5625 0.5625 0.3125 0.3125 0.3125 0.125 0.125 0.0625 0.0625 0.0625 0 0 0.25 0.25 0.25 0.5 0.5 0.625 0.625
 0 0 0 0 0 0 0 0 0 0 0 0 0 0 0 0 0 0 0 0 0 0 0 0 0 0 0 0 0 0 0 0 0 0 0 0 0 0 0 0 0 0 0 0 0 0 0 0 0 0 0 0 0 0 0 0 0 0 0 0 0 0 0 0 0 0 0 0 0 0 0 0 0 0 0 0 0 0 0 0 0 0 0.25 0.25 0.25 1.25 1.25 1.875 1.875 1.875 1.25 1.25 1.5625 1.5625 1.5625 3.5625 3.5625 4.875 4.875 4.875 4.5 4.5 3 3 3 1.6875 1.6875 3.25 3.25 3.25 5 5 3.125 3.125 3.125 0.625 0.625 0.75 0.75 0.75 0.4375 0.4375 0.25 0.25 0.25 0.0625 0.0625 0 0 0 0 0 0 0 0 0.0625 0.0625 0.1875 0.1875 0.1875 0.125 0.125 0.25 0.25 0.25 0.5 0.5 0.75 0.75 0.75 0.4375 0.4375 0.0625 0.0625 0.0625 0 0 0 0 0 0 0 0.1875 0.1875 0.1875 0.625 0.625 0.3125 0.3125
 0 0 0 0 0 0 0 0 0 0 0 0 0 0 0 0 0 0 0 0 0 0 0 0 0 0 0 0 0 0 0 0 0 0 0 0 0 0 0 0 0 0 0 0 0 0 0 0 0 0 0 0 0 0 0 0 0 0 0 0 0 0 0 0 0 0 0 0 0 0 0 0 0 0 0 0 0 0 0 0 0 0 0.25 0.25 0.25 1.25 1.25 1.875 1.875 1.875 1.25 1.25 1.5625 1.5625 1.5625 3.5625 3.5625 4.875 4.875 4.875 4.5 4.5 3 3 3 1.6875 1.6875 3.25 3.25 3.25 5 5 3.125 3.125 3.125 0.625 0.625 0.75 0.75 0.75 0.4375 0.4375 0.25 0.25 0.25 0.0625 0.0625 0 0 0 0 0 0 0 0 0.0625 0.0625 0.1875 0.1875 0.1875 0.125 0.125 0.25 0.25 0.25 0.5 0.5 0.75 0.75 0.75 0.4375 0.4375 0.0625 0.0625 0.0625 0 0 0 0 0 0 0 0.1875 0.1875 0.1875 0.625 0.625 0.3125 0.3125
 0 0 0 0 0 0 0 0 0 0 0 0 0 0 0 0 0 0 0 0 0 0 0 0 0 0 0 0 0 0 0 0 0 0 0 0 0 0 0 0 0 0 0 0 0 0 0 0 0 0 0 0 0 0 0 0 0 0 0 0 0 0 0 0 0 0 0 0 0 0 0 0 0 0 0 0 0 0 0 0 0.125 0.125 0.8125 0.8125 0.8125 1.4375 1.4375 1.25 1.25 1.25 1.8125 1.8125 3.125 3.125 3.125 3.8125 3.8125 3.6875 3.6875 3.6875 2.6875 2.6875 1.75 1.75 1.75 2.625 2.625 4.5 4.5 4.5 3.5625 3.5625 0.625 0.625 0.625 0.75 0.75 1.3125 1.3125 1.3125 0.375 0.375 0.125 0.125 0.125 0.0625 0.0625 0 0 0 0 0 0 0 0 0.125 0.125 0.1875 0.1875 0.1875 0.125 0.125 0.375 0.375 0.375 0.5625 0.5625 0.375 0.375 0.375 0.0625 0.0625 0 0 0 0 0 0 0 0 0 0 0.125 0.125 0.125 0.125 0.125 0 0
 0 0 0 0 0 0 0 0 0 0 0 0 0 0 0 0 0 0 0 0 0 0 0 0 0 0 0 0 0 0 0 0 0 0 0 0 0 0 0 0 0 0 0 0 0 0 0 0 0 0 0 0 0 0 0 0 0 0 0 0 0 0 0 0 0 0 0 0 0 0 0 0 0 0 0 0 0 0 0 0 0.125 0.125 0.8125 0.8125 0.8125 1.4375 1.4375 1.25 1.25 1.25 1.8125 1.8125 3.125 3.125 3.125 3.8125 3.8125 3.6875 3.6875 3.6875 2.6875 2.6875 1.75 1.75 1.75 2.625 2.625 4.5 4.5 4.5 3.5625 3.5625 0.625 0.625 0.625 0.75 0.75 1.3125 1.3125 1.3125 0.375 0.375 0.125 0.125 0.125 0.0625 0.0625 0 0 0 0 0 0 0 0 0.125 0.125 0.1875 0.1875 0.1875 0.125 0.125 0.375 0.375 0.375 0.5625 0.5625 0.375 0.375 0.375 0.0625 0.0625 0 0 0 0 0 0 0 0 0 0 0.125 0.125 0.125 0.125 0.125 0 0
 0 0 0 0 0 0 0 0 0 0 0 0 0 0 0 0 0 0 0 0 0 0 0 0 0 0 0 0 0 0 0 0 0 0 0 0 0 0 0 0 0 0 0 0 0 0 0 0 0 0 0 0 0 0 0 0 0 0 0 0 0 0 0 0 0 0 0 0 0 0 0 0 0 0 0 0 0 0 0 0 0.125 0.125 0.8125 0.8125 0.8125 1.4375 1.4375 1.25 1.25 1.25 1.8125 1.8125 3.125 3.125 3.125 3.8125 3.8125 3.6875 3.6875 3.6875 2.6875 2.6875 1.75 1.75 1.75 2.625 2.625 4.5 4.5 4.5 3.5625 3.5625 0.625 0.625 0.625 0.75 0.75 1.3125 1.3125 1.3125 0.375 0.375 0.125 0.125 0.125 0.0625 0.0625 0 0 0 0 0 0 0 0 0.125 0.125 0.1875 0.1875 0.1875 0.125 0.125 0.375 0.375 0.375 0.5625 0.5625 0.375 0.375 0.375 0.0625 0.0625 0 0 0 0 0 0 0 0 0 0 0.125 0.125 0.125 0.125 0.125 0 0
 0 0 0 0 0 0 0 0 0 0 0 0 0 0 0 0 0 0 0 0 0 0 0 0 0 0 0 0 0 0 0 0 0 0 0 0 0 0 0 0 0 0 0 0 0 0 0 0 0 0 0 0 0 0 0 0 0 0 0 0 0 0 0 0 0 0 0 0 0 0 0 0 0 0 0 0 0 0.0625 0.0625 0.0625 0.4375 0.4375 0.8125 0.8125 0.8125 1 1 2 2 2 3.0625 3.0625 3.125 3.125 3.125 2.8125 2.8125 2.25 2.25 2.25 1.5 1.5 2 2 2 3.875 3.875 3.5625 3.5625 3.5625 0.75 0.75 0.4375 0.4375 0.4375 2.0625 2.0625 1.375 1.375 1.375 0.1875 0.1875 0 0 0 0 0 0 0 0 0 0 0 0 0 0.0625 0.0625 0.0625 0.0625 0.0625 0 0 0.125 0.125 0.125 0.25 0.25 0.0625 0.0625 0.0625 0 0 0 0 0 0 0 0 0 0 0 0 0 0 0 0 0 0.0625 0.0625
 0 0 0 0 0 0 0 0 0 0 0 0 0 0 0 0 0 0 0 0 0 0 0 0 0 0 0 0 0 0 0 0 0 0 0 0 0 0 0 0 0 0 0 0 0 0 0 0 0 0 0 0 0 0 0 0 0 0 0 0 0 0 0 0 0 0 0 0 0 0 0 0 0 0 0 0 0 0.0625 0.0625 0.0625 0.4375 0.4375 0.8125 0.8125 0.8125 1 1 2 2 2 3.0625 3.0625 3.125 3.125 3.125 2.8125 2.8125 2.25 2.25 2.25 1.5 1.5 2 2 2 3.875 3.875 3.5625 3.5625 3.5625 0.75 0.75 0.4375 0.4375 0.4375 2.0625 2.0625 1.375 1.375 1.375 0.1875 0.1875 0 0 0 0 0 0 0 0 0 0 0 0 0 0.0625 0.0625 0.0625 0.0625 0.0625 0 0 0.125 0.125 0.125 0.25 0.25 0.0625 0.0625 0.0625 0 0 0 0 0 0 0 0 0 0 0 0 0 0 0 0 0 0.0625 0.0625
 0 0 0 0 0 0 0 0 0 0 0 0 0 0 0 0 0 0 0 0 0 0 0 0 0 0 0 0 0 0 0 0 0 0 0 0 0 0 0 0 0 0 0 0 0 0 0 0 0 0 0 0 0 0 0 0 0 0 0 0 0 0 0 0 0 0 0 0 0 0 0 0 0 0 0 0 0 0.25 0.25 0.25 0.625 0.625 0.8125 0.8125 0.8125 1.625 1.625 2.6875 2.6875 2.6875 2.75 2.75 2.125 2.125 2.125 1.6875 1.6875 1.0625 1.0625 1.0625 1.3125 1.3125 2.875 2.875 2.875 3.0625 3.0625 1 1 1 0.25 0.25 1.6875 1.6875 1.6875 2.125 2.125 0.5625 0.5625 0.5625 0 0 0 0 0 0 0 0 0 0 0 0 0 0 0 0 0 0 0 0 0 0 0 0 0 0 0 0 0 0 0 0 0 0 0 0.0625 0.0625 0 0 0 0 0 0 0 0 0 0 0.125 0.125
 0 0 0 0 0 0 0 0 0 0 0 0 0 0 0 0 0 0 0 0 0 0 0 0 0 0 0 0 0 0 0 0 0 0 0 0 0 0 0 0 0 0 0 0 0 0 0 0 0 0 0 0 0 0 0 0 0 0 0 0 0 0 0 0 0 0 0 0 0 0 0 0 0 0 0 0 0 0.25 0.25 0.25 0.625 0.625 0.8125 0.8125 0.8125 1.625 1.625 2.6875 2.6875 2.6875 2.75 2.75 2.125 2.125 2.125 1.6875 1.6875 1.0625 1.0625 1.0625 1.3125 1.3125 2.875 2.875 2.875 3.0625 3.0625 1 1 1 0.25 0.25 1.6875 1.6875 1.6875 2.125 2.125 0.5625 0.5625 0.5625 0 0 0 0 0 0 0 0 0 0 0 0 0 0 0 0 0 0 0 0 0 0 0 0 0 0 0 0 0 0 0 0 0 0 0 0.0625 0.0625 0 0 0 0 0 0 0 0 0 0 0.125 0.125
 0 0 0 0 0 0 0 0 0 0 0 0 0 0 0 0 0 0 0 0 0 0 0 0 0 0 0 0 0 0 0 0 0 0 0 0 0 0 0 0 0 0 0 0 0 0 0 0 0 0 0 0 0 0 0 0 0 0 0 0 0 0 0 0 0 0 0 0 0 0 0 0 0 0 0 0 0 0.25 0.25 0.25 0.625 0.625 0.8125 0.8125 0.8125 1.625 1.625 2.6875 2.6875 2.6875 2.75 2.75 2.125 2.125 2.125 1.6875 1.6875 1.0625 1.0625 1.0625 1.3125 1.3125 2.875 2.875 2.875 3.0625 3.0625 1 1 1 0.25 0.25 1.6875 1.6875 1.6875 2.125 2.125 0.5625 0.5625 0.5625 0 0 0 0 0 0 0 0 0 0 0 0 0 0 0 0 0 0 0 0 0 0 0 0 0 0 0 0 0 0 0 0 0 0 0 0.0625 0.0625 0 0 0 0 0 0 0 0 0 0 0.125 0.125
 0 0 0 0 0 0 0 0 0 0 0 0 0 0 0 0 0 0 0 0 0 0 0 0 0 0 0 0 0 0 0 0 0 0 0 0 0 0 0 0 0 0 0 0 0 0.0625 0.0625 0.125 0.125 0.125 0.0625 0.0625 0 0 0 0 0 0 0 0 0 0 0 0 0 0 0 0 0 0 0 0 0 0 0 0.0625 0.0625 0.375 0.375 0.375 0.5625 0.5625 1.0625 1.0625 1.0625 1.8125 1.8125 1.9375 1.9375 1.9375 1.375 1.375 0.875 0.875 0.875 0.6875 0.6875 0.625 0.625 0.625 1.8125 1.8125 2.875 2.875 2.875 1.125 1.125 0.25 0.25 0.25 1.5625 1.5625 2.75 2.75 2.75 1.0625 1.0625 0.125 0.125 0.125 0 0 0 0 0 0 0 0 0 0 0 0 0.0625 0.0625 0.0625 0.0625 0.0625 0 0 0 0 0 0 0 0 0 0 0 0 0 0 0 0 0 0 0 0 0 0 0 0 0 0 0 0 0 0 0.0625 0.0625
 0 0 0 0 0 0 0 0 0 0 0 0 0 0 0 0 0 0 0 0 0 0 0 0 0 0 0 0 0 0 0 0 0 0 0 0 0 0 0 0 0 0 0 0 0 0.0625 0.0625 0.125 0.125 0.125 0.0625 0.0625 0 0 0 0 0 0 0 0 0 0 0 0 0 0 0 0 0 0 0 0 0 0 0 0.0625 0.0625 0.375 0.375 0.375 0.5625 0.5625 1.0625 1.0625 1.0625 1.8125 1.8125 1.9375 1.9375 1.9375 1.375 1.375 0.875 0.875 0.875 0.6875 0.6875 0.625 0.625 0.625 1.8125 1.8125 2.875 2.875 2.875 1.125 1.125 0.25 0.25 0.25 1.5625 1.5625 2.75 2.75 2.75 1.0625 1.0625 0.125 0.125 0.125 0 0 0 0 0 0 0 0 0 0 0 0 0.0625 0.0625 0.0625 0.0625 0.0625 0 0 0 0 0 0 0 0 0 0 0 0 0 0 0 0 0 0 0 0 0 0 0 0 0 0 0 0 0 0 0.0625 0.0625
 0 0 0 0 0 0 0 0 0 0 0 0 0 0 0 0 0 0 0 0 0 0 0 0 0 0 0 0 0 0 0 0 0 0 0 0 0 0 0 0 0.1875 0.1875 0.1875 0.1875 0.1875 0.25 0.25 0.1875 0.1875 0.1875 0.125 0.125 0.125 0.125 0.125 0 0 0 0 0 0 0 0 0 0 0 0 0 0 0 0 0 0 0 0 0.1875 0.1875 0.375 0.375 0.375 0.625 0.625 1 1 1 1 1 0.6875 0.6875 0.6875 0.375 0.375 0.375 0.375 0.375 0.1875 0.1875 0.75 0.75 0.75 2.125 2.125 1.4375 1.4375 1.4375 0.3125 0.3125 1.5625 1.5625 1.5625 3.1875 3.1875 1.5 1.5 1.5 0.1875 0.1875 0 0 0 0 0 0 0 0 0 0 0 0 0 0.0625 0.0625 0.125 0.125 0.125 0.0625 0.0625 0 0 0 0 0 0 0 0 0 0 0 0 0 0 0 0 0 0 0 0 0 0 0 0 0 0 0 0 0 0 0 0
 0 0 0 0 0 0 0 0 0 0 0 0 0 0 0 0 0 0 0 0 0 0 0 0 0 0 0 0 0 0 0 0 0 0 0 0 0 0 0 0 0.1875 0.1875 0.1875 0.1875 0.1875 0.25 0.25 0.1875 0.1875 0.1875 0.125 0.125 0.125 0.125 0.125 0 0 0 0 0 0 0 0 0 0 0 0 0 0 0 0 0 0 0 0 0.1875 0.1875 0.375 0.375 0.375 0.625 0.625 1 1 1 1 1 0.6875 0.6875 0.6875 0.375 0.375 0.375 0.375 0.375 0.1875 0.1875 0.75 0.75 0.75 2.125 2.125 1.4375 1.4375 1.4375 0.3125 0.3125 1.5625 1.5625 1.5625 3.1875 3.1875 1.5 1.5 1.5 0.1875 0.1875 0 0 0 0 0 0 0 0 0 0 0 0 0 0.0625 0.0625 0.125 0.125 0.125 0.0625 0.0625 0 0 0 0 0 0 0 0 0 0 0 0 0 0 0 0 0 0 0 0 0 0 0 0 0 0 0 0 0 0 0 0
 0 0 0 0 0 0 0 0 0 0 0 0 0 0 0 0 0 0 0 0 0 0 0 0 0 0 0 0 0 0 0 0 0 0 0 0 0 0 0 0 0.1875 0.1875 0.1875 0.1875 0.1875 0.25 0.25 0.1875 0.1875 0.1875 0.125 0.125 0.125 0.125 0.125 0 0 0 0 0 0 0 0 0 0 0 0 0 0 0 0 0 0 0 0 0.1875 0.1875 0.375 0.375 0.375 0.625 0.625 1 1 1 1 1 0.6875 0.6875 0.6875 0.375 0.375 0.375 0.375 0.375 0.1875 0.1875 0.75 0.75 0.75 2.125 2.125 1.4375 1.4375 1.4375 0.3125 0.3125 1.5625 1.5625 1.5625 3.1875 3.1875 1.5 1.5 1.5 0.1875 0.1875 0 0 0 0 0 0 0 0 0 0 0 0 0 0.0625 0.0625 0.125 0.125 0.125 0.0625 0.0625 0 0 0 0 0 0 0 0 0 0 0 0 0 0 0 0 0 0 0 0 0 0 0 0 0 0 0 0 0 0 0 0
 0 0 0 0 0 0 0 0 0 0 0 0 0 0 0 0 0 0 0 0 0 0 0 0 0 0 0 0 0 0 0 0 0 0 0 0 0 0 0 0 0.25 0.25 0.375 0.375 0.375 0.9375 0.9375 1.375 1.375 1.375 1.25 1.25 0.8125 0.8125 0.8125 0.0625 0.0625 0 0 0 0 0 0 0 0 0 0 0 0 0 0 0 0 0 0 0.125 0.125 0.25 0.25 0.25 0.4375 0.4375 0.375 0.375 0.375 0.1875 0.1875 0.0625 0.0625 0.0625 0.125 0.125 0.125 0.125 0.125 0.4375 0.4375 1.1875 1.1875 1.1875 1.25 1.25 0.375 0.375 0.375 1.5 1.5 3.4375 3.4375 3.4375 2 2 0.25 0.25 0.25 0 0 0 0 0 0 0 0 0 0 0 0 0 0 0 0.0625 0.0625 0.0625 0.0625 0.0625 0 0 0 0 0 0 0 0 0 0 0 0 0 0 0 0 0 0 0 0 0 0 0 0 0 0 0 0 0 0 0 0 0 0
 0 0 0 0 0 0 0 0 0 0 0 0 0 0 0 0 0 0 0 0 0 0 0 0 0 0 0 0 0 0 0 0 0 0 0 0 0 0 0 0 0.25 0.25 0.375 0.375 0.375 0.9375 0.9375 1.375 1.375 1.375 1.25 1.25 0.8125 0.8125 0.8125 0.0625 0.0625 0 0 0 0 0 0 0 0 0 0 0 0 0 0 0 0 0 0 0.125 0.125 0.25 0.25 0.25 0.4375 0.4375 0.375 0.375 0.375 0.1875 0.1875 0.0625 0.0625 0.0625 0.125 0.125 0.125 0.125 0.125 0.4375 0.4375 1.1875 1.1875 1.1875 1.25 1.25 0.375 0.375 0.375 1.5 1.5 3.4375 3.4375 3.4375 2 2 0.25 0.25 0.25 0 0 0 0 0 0 0 0 0 0 0 0 0 0 0 0.0625 0.0625 0.0625 0.0625 0.0625 0 0 0 0 0 0 0 0 0 0 0 0 0 0 0 0 0 0 0 0 0 0 0 0 0 0 0 0 0 0 0 0 0 0
 0 0 0 0 0 0 0 0.0625 0.0625 0.0625 0.125 0.125 0.0625 0.0625 0.0625 0 0 0 0 0 0 0 0.0625 0.0625 0.0625 0.0625 0.0625 0.0625 0.0625 0.0625 0.25 0.25 0.25 0.25 0.25 0.5 0.5 0.375 0.375 0.375 0.3125 0.3125 1.0625 1.0625 1.0625 2.25 2.25 3.3125 3.3125 3.3125 2.1875 2.1875 1.0625 1.0625 1.0625 0.0625 0.0625 0 0 0 0 0 0 0 0 0 0 0 0 0 0 0 0 0 0 0.125 0.125 0.1875 0.1875 0.1875 0.125 0.125 0.0625 0.0625 0.0625 0.125 0.125 0.125 0.125 0.125 0.125 0.125 0.625 0.625 0.625 1.8125 1.8125 1.1875 1.1875 1.1875 0.25 0.25 1.6875 1.6875 1.6875 3.8125 3.8125 2.5625 2.5625 2.5625 0.625 0.625 0 0 0 0 0 0 0 0 0 0 0 0 0 0 0 0 0 0 0 0 0 0 0 0 0 0 0 0 0 0 0 0 0 0 0 0 0 0 0 0 0 0 0 0 0 0 0 0 0 0 0 0 0 0 0 0 0
 0 0 0 0 0 0 0 0.0625 0.0625 0.0625 0.125 0.125 0.0625 0.0625 0.0625 0 0 0 0 0 0 0 0.0625 0.0625 0.0625 0.0625 0.0625 0.0625 0.0625 0.0625 0.25 0.25 0.25 0.25 0.25 0.5 0.5 0.375 0.375 0.375 0.3125 0.3125 1.0625 1.0625 1.0625 2.25 2.25 3.3125 3.3125 3.3125 2.1875 2.1875 1.0625 1.0625 1.0625 0.0625 0.0625 0 0 0 0 0 0 0 0 0 0 0 0 0 0 0 0 0 0 0.125 0.125 0.1875 0.1875 0.1875 0.125 0.125 0.0625 0.0625 0.0625 0.125 0.125 0.125 0.125 0.125 0.125 0.125 0.625 0.625 0.625 1.8125 1.8125 1.1875 1.1875 1.1875 0.25 0.25 1.6875 1.6875 1.6875 3.8125 3.8125 2.5625 2.5625 2.5625 0.625 0.625 0 0 0 0 0 0 0 0 0 0 0 0 0 0 0 0 0 0 0 0 0 0 0 0 0 0 0 0 0 0 0 0 0 0 0 0 0 0 0 0 0 0 0 0 0 0 0 0 0 0 0 0 0 0 0 0 0
 0 0 0 0 0 0 0 0.0625 0.0625 0.0625 0.125 0.125 0.0625 0.0625 0.0625 0 0 0 0 0 0 0 0.0625 0.0625 0.0625 0.0625 0.0625 0.0625 0.0625 0.0625 0.25 0.25 0.25 0.25 0.25 0.5 0.5 0.375 0.375 0.375 0.3125 0.3125 1.0625 1.0625 1.0625 2.25 2.25 3.3125 3.3125 3.3125 2.1875 2.1875 1.0625 1.0625 1.0625 0.0625 0.0625 0 0 0 0 0 0 0 0 0 0 0 0 0 0 0 0 0 0 0.125 0.125 0.1875 0.1875 0.1875 0.125 0.125 0.0625 0.0625 0.0625 0.125 0.125 0.125 0.125 0.125 0.125 0.125 0.625 0.625 0.625 1.8125 1.8125 1.1875 1.1875 1.1875 0.25 0.25 1.6875 1.6875 1.6875 3.8125 3.8125 2.5625 2.5625 2.5625 0.625 0.625 0 0 0 0 0 0 0 0 0 0 0 0 0 0 0 0 0 0 0 0 0 0 0 0 0 0 0 0 0 0 0 0 0 0 0 0 0 0 0 0 0 0 0 0 0 0 0 0 0 0 0 0 0 0 0 0 0
 0 0 0 0 0 0 0 0.125 0.125 0.125 0.1875 0.1875 0.125 0.125 0.125 0 0 0 0 0 0 0 0.3125 0.3125 0.3125 0.4375 0.4375 0.8125 0.8125 0.8125 1.0625 1.0625 1.3125 1.3125 1.3125 1.8125 1.8125 1.625 1.625 1.625 1 1 1.5 1.5 1.5 2.1875 2.1875 2.6875 2.6875 2.6875 2.625 2.625 1.4375 1.4375 1.4375 0.0625 0.0625 0 0 0 0 0 0 0 0 0 0 0 0 0 0 0 0.125 0.125 0.125 0.125 0.125 0.0625 0.0625 0.0625 0.125 0.125 0.1875 0.1875 0.1875 0.4375 0.4375 0.4375 0.4375 0.4375 0.875 0.875 1.9375 1.9375 1.9375 2.0625 2.0625 0.6875 0.6875 0.6875 1.5 1.5 4.6875 4.6875 4.6875 3.4375 3.4375 1.4375 1.4375 1.4375 0.25 0.25 0 0 0 0 0 0 0 0 0 0 0 0 0 0 0 0 0 0 0 0 0 0 0 0 0 0 0 0 0 0 0 0 0 0 0 0 0 0 0 0 0 0 0 0 0 0 0 0 0 0 0 0 0 0 0 0 0
 0 0 0 0 0 0 0 0.125 0.125 0.125 0.1875 0.1875 0.125 0.125 0.125 0 0 0 0 0 0 0 0.3125 0.3125 0.3125 0.4375 0.4375 0.8125 0.8125 0.8125 1.0625 1.0625 1.3125 1.3125 1.3125 1.8125 1.8125 1.625 1.625 1.625 1 1 1.5 1.5 1.5 2.1875 2.1875 2.6875 2.6875 2.6875 2.625 2.625 1.4375 1.4375 1.4375 0.0625 0.0625 0 0 0 0 0 0 0 0 0 0 0 0 0 0 0 0.125 0.125 0.125 0.125 0.125 0.0625 0.0625 0.0625 0.125 0.125 0.1875 0.1875 0.1875 0.4375 0.4375 0.4375 0.4375 0.4375 0.875 0.875 1.9375 1.9375 1.9375 2.0625 2.0625 0.6875 0.6875 0.6875 1.5 1.5 4.6875 4.6875 4.6875 3.4375 3.4375 1.4375 1.4375 1.4375 0.25 0.25 0 0 0 0 0 0 0 0 0 0 0 0 0 0 0 0 0 0 0 0 0 0 0 0 0 0 0 0 0 0 0 0 0 0 0 0 0 0 0 0 0 0 0 0 0 0 0 0 0 0 0 0 0 0 0 0 0
 0 0 0 0 0 0 0 0.125 0.125 0.125 0.1875 0.1875 0.25 0.25 0.25 0.0625 0.0625 0.0625 0.0625 0.0625 0.125 0.125 0.3125 0.3125 0.3125 0.625 0.625 1.125 1.125 1.125 1.5625 1.5625 1.5 1.5 1.5 2.1875 2.1875 1.75 1.75 1.75 1.4375 1.4375 2.125 2.125 2.125 3.3125 3.3125 4.4375 4.4375 4.4375 3.125 3.125 2 2 2 0.1875 0.1875 0 0 0 0 0 0 0 0 0 0 0.0625 0.0625 0.0625 0.125 0.125 0.1875 0.1875 0.1875 0.125 0.125 0.0625 0.0625 0.0625 0 0 0.0625 0.0625 0.0625 0.25 0.25 0.1875 0.1875 0.1875 1.5 1.5 2.4375 2.4375 2.4375 1.25 1.25 0.9375 0.9375 0.9375 4.5625 4.5625 4.5625 4.5625 4.5625 1.6875 1.6875 0.375 0.375 0.375 0 0 0 0 0 0 0 0 0 0 0 0 0 0 0 0 0 0 0 0 0 0 0 0 0 0 0 0 0 0 0 0 0 0 0 0 0 0 0 0 0 0 0 0 0 0 0 0 0 0 0 0 0 0 0 0 0 0 0
 0 0 0 0 0 0 0 0.125 0.125 0.125 0.1875 0.1875 0.25 0.25 0.25 0.0625 0.0625 0.0625 0.0625 0.0625 0.125 0.125 0.3125 0.3125 0.3125 0.625 0.625 1.125 1.125 1.125 1.5625 1.5625 1.5 1.5 1.5 2.1875 2.1875 1.75 1.75 1.75 1.4375 1.4375 2.125 2.125 2.125 3.3125 3.3125 4.4375 4.4375 4.4375 3.125 3.125 2 2 2 0.1875 0.1875 0 0 0 0 0 0 0 0 0 0 0.0625 0.0625 0.0625 0.125 0.125 0.1875 0.1875 0.1875 0.125 0.125 0.0625 0.0625 0.0625 0 0 0.0625 0.0625 0.0625 0.25 0.25 0.1875 0.1875 0.1875 1.5 1.5 2.4375 2.4375 2.4375 1.25 1.25 0.9375 0.9375 0.9375 4.5625 4.5625 4.5625 4.5625 4.5625 1.6875 1.6875 0.375 0.375 0.375 0 0 0 0 0 0 0 0 0 0 0 0 0 0 0 0 0 0 0 0 0 0 0 0 0 0 0 0 0 0 0 0 0 0 0 0 0 0 0 0 0 0 0 0 0 0 0 0 0 0 0 0 0 0 0 0 0 0 0
