ncols        169
nrows        134
xllcorner    60.900000000000
yllcorner    23.700000000000
cellsize     0.100000000000
NODATA_value  -9999
 0.0 0 0 0 0 0 0 0 0 0 0 0 0 0 0 0 0 0 0 0 0 0 0 0 0 0.0625 0.0625 0.0625 0.0625 0.0625 0.0625 0.0625 0.0625 0.0625 0.0625 0.125 0.125 0.1875 0.1875 0.1875 0.25 0.25 0.375 0.375 0.375 0.5 0.5 0.5 0.5 0.5 0.5625 0.5625 0.5 0.5 0.5 0.375 0.375 0.25 0.25 0.25 0.125 0.125 0.0625 0.0625 0.0625 0.125 0.125 0.375 0.375 0.375 1.0625 1.0625 1.5625 1.5625 1.5625 1.875 1.875 3.25 3.25 3.25 4.5625 4.5625 3.25 3.25 3.25 3.5 3.5 3.5625 3.5625 3.5625 1.75 1.75 3.0625 3.0625 3.0625 3.25 3.25 3.75 3.75 3.75 3.25 3.25 0.8125 0.8125 0.8125 0.5 0.5 1.625 1.625 1.625 2.3125 2.3125 1.25 1.25 1.25 0.6875 0.6875 1.0625 1.0625 1.0625 1.625 1.625 2.0625 2.0625 2.0625 2.5625 2.5625 3.0625 3.0625 3.0625 2 2 2.5625 2.5625 2.5625 2.8125 2.8125 2.8125 2.8125 2.8125 2.5625 2.5625 1.625 1.625 1.625 0.8125 0.8125 0.4375 0.4375 0.4375 0.5 0.5 0.1875 0.1875 0.1875 0.0625 0.0625 0 0 0 0 0 0 0 0 0 0 0 0
 0 0 0 0 0 0 0 0 0 0 0 0 0 0 0 0 0 0 0 0 0 0 0 0 0 0.0625 0.0625 0.0625 0.0625 0.0625 0.0625 0.0625 0.0625 0.0625 0.0625 0.125 0.125 0.1875 0.1875 0.1875 0.25 0.25 0.375 0.375 0.375 0.5 0.5 0.5 0.5 0.5 0.5625 0.5625 0.5 0.5 0.5 0.375 0.375 0.25 0.25 0.25 0.125 0.125 0.0625 0.0625 0.0625 0.125 0.125 0.375 0.375 0.375 1.0625 1.0625 1.5625 1.5625 1.5625 1.875 1.875 3.25 3.25 3.25 4.5625 4.5625 3.25 3.25 3.25 3.5 3.5 3.5625 3.5625 3.5625 1.75 1.75 3.0625 3.0625 3.0625 3.25 3.25 3.75 3.75 3.75 3.25 3.25 0.8125 0.8125 0.8125 0.5 0.5 1.625 1.625 1.625 2.3125 2.3125 1.25 1.25 1.25 0.6875 0.6875 1.0625 1.0625 1.0625 1.625 1.625 2.0625 2.0625 2.0625 2.5625 2.5625 3.0625 3.0625 3.0625 2 2 2.5625 2.5625 2.5625 2.8125 2.8125 2.8125 2.8125 2.8125 2.5625 2.5625 1.625 1.625 1.625 0.8125 0.8125 0.4375 0.4375 0.4375 0.5 0.5 0.1875 0.1875 0.1875 0.0625 0.0625 0 0 0 0 0 0 0 0 0 0 0 0
 0 0 0 0 0 0 0 0 0 0 0 0 0 0 0 0 0 0 0 0 0 0 0.0625 0.0625 0.0625 0.0625 0.0625 0.0625 0.0625 0.0625 0.0625 0.0625 0.0625 0.0625 0.0625 0.0625 0.0625 0.125 0.125 0.125 0.4375 0.4375 0.75 0.75 0.75 0.625 0.625 0.5625 0.5625 0.5625 0.8125 0.8125 0.5625 0.5625 0.5625 0.5 0.5 0.1875 0.1875 0.1875 0.0625 0.0625 0.1875 0.1875 0.1875 0.5 0.5 1.1875 1.1875 1.1875 1.1875 1.1875 2.1875 2.1875 2.1875 3.0625 3.0625 3.9375 3.9375 3.9375 5.625 5.625 4.125 4.125 4.125 2.8125 2.8125 3.4375 3.4375 3.4375 3.0625 3.0625 3.6875 3.6875 3.6875 3.6875 3.6875 3.8125 3.8125 3.8125 2.875 2.875 0.375 0.375 0.375 0.1875 0.1875 1.125 1.125 1.125 1.5 1.5 1.6875 1.6875 1.6875 2.5 2.5 2.25 2.25 2.25 2.3125 2.3125 2.125 2.125 2.125 3.5625 3.5625 3.75 3.75 3.75 3.8125 3.8125 3.1875 3.1875 3.1875 2.5 2.5 4.25 4.25 4.25 3.75 3.75 2.8125 2.8125 2.8125 1.4375 1.4375 1.375 1.375 1.375 1.5625 1.5625 0.5625 0.5625 0.5625 0.5 0.5 0.25 0.25 0.25 0.125 0.125 0.0625 0.0625 0.0625 0 0 0 0
 0 0 0 0 0 0 0 0 0 0 0 0 0 0 0 0 0 0 0 0 0 0 0.0625 0.0625 0.0625 0.0625 0.0625 0.0625 0.0625 0.0625 0.0625 0.0625 0.0625 0.0625 0.0625 0.0625 0.0625 0.125 0.125 0.125 0.4375 0.4375 0.75 0.75 0.75 0.625 0.625 0.5625 0.5625 0.5625 0.8125 0.8125 0.5625 0.5625 0.5625 0.5 0.5 0.1875 0.1875 0.1875 0.0625 0.0625 0.1875 0.1875 0.1875 0.5 0.5 1.1875 1.1875 1.1875 1.1875 1.1875 2.1875 2.1875 2.1875 3.0625 3.0625 3.9375 3.9375 3.9375 5.625 5.625 4.125 4.125 4.125 2.8125 2.8125 3.4375 3.4375 3.4375 3.0625 3.0625 3.6875 3.6875 3.6875 3.6875 3.6875 3.8125 3.8125 3.8125 2.875 2.875 0.375 0.375 0.375 0.1875 0.1875 1.125 1.125 1.125 1.5 1.5 1.6875 1.6875 1.6875 2.5 2.5 2.25 2.25 2.25 2.3125 2.3125 2.125 2.125 2.125 3.5625 3.5625 3.75 3.75 3.75 3.8125 3.8125 3.1875 3.1875 3.1875 2.5 2.5 4.25 4.25 4.25 3.75 3.75 2.8125 2.8125 2.8125 1.4375 1.4375 1.375 1.375 1.375 1.5625 1.5625 0.5625 0.5625 0.5625 0.5 0.5 0.25 0.25 0.25 0.125 0.125 0.0625 0.0625 0.0625 0 0 0 0
 0 0 0 0 0 0 0 0 0 0 0 0 0 0 0 0 0 0 0 0 0 0 0.0625 0.0625 0.0625 0.0625 0.0625 0.0625 0.0625 0.0625 0.0625 0.0625 0.0625 0.0625 0.0625 0.0625 0.0625 0.125 0.125 0.125 0.4375 0.4375 0.75 0.75 0.75 0.625 0.625 0.5625 0.5625 0.5625 0.8125 0.8125 0.5625 0.5625 0.5625 0.5 0.5 0.1875 0.1875 0.1875 0.0625 0.0625 0.1875 0.1875 0.1875 0.5 0.5 1.1875 1.1875 1.1875 1.1875 1.1875 2.1875 2.1875 2.1875 3.0625 3.0625 3.9375 3.9375 3.9375 5.625 5.625 4.125 4.125 4.125 2.8125 2.8125 3.4375 3.4375 3.4375 3.0625 3.0625 3.6875 3.6875 3.6875 3.6875 3.6875 3.8125 3.8125 3.8125 2.875 2.875 0.375 0.375 0.375 0.1875 0.1875 1.125 1.125 1.125 1.5 1.5 1.6875 1.6875 1.6875 2.5 2.5 2.25 2.25 2.25 2.3125 2.3125 2.125 2.125 2.125 3.5625 3.5625 3.75 3.75 3.75 3.8125 3.8125 3.1875 3.1875 3.1875 2.5 2.5 4.25 4.25 4.25 3.75 3.75 2.8125 2.8125 2.8125 1.4375 1.4375 1.375 1.375 1.375 1.5625 1.5625 0.5625 0.5625 0.5625 0.5 0.5 0.25 0.25 0.25 0.125 0.125 0.0625 0.0625 0.0625 0 0 0 0
 0 0 0 0 0 0 0 0 0 0 0 0 0 0 0 0 0 0 0 0 0.0625 0.0625 0.0625 0.0625 0.0625 0.0625 0.0625 0.125 0.125 0.125 0.0625 0.0625 0.0625 0.0625 0.0625 0.0625 0.0625 0.0625 0.0625 0.0625 0.25 0.25 0.3125 0.3125 0.3125 0.1875 0.1875 0.1875 0.1875 0.1875 0.625 0.625 0.75 0.75 0.75 1 1 0.5 0.5 0.5 1.25 1.25 2.1875 2.1875 2.1875 3.1875 3.1875 3.125 3.125 3.125 2.5 2.5 3.9375 3.9375 3.9375 4.0625 4.0625 3.875 3.875 3.875 4.6875 4.6875 3.4375 3.4375 3.4375 3 3 2.8125 2.8125 2.8125 2.375 2.375 2.375 2.375 2.375 2.4375 2.4375 2.875 2.875 2.875 1.9375 1.9375 0.375 0.375 0.375 0.6875 0.6875 1.4375 1.4375 1.4375 1.8125 1.8125 2.3125 2.3125 2.3125 4.0625 4.0625 2.375 2.375 2.375 2.25 2.25 3.5 3.5 3.5 4 4 3.625 3.625 3.625 4.1875 4.1875 3.1875 3.1875 3.1875 0.875 0.875 2.125 2.125 2.125 2.5 2.5 2.4375 2.4375 2.4375 2.9375 2.9375 1.875 1.875 1.875 1.0625 1.0625 1.125 1.125 1.125 1.375 1.375 1.4375 1.4375 1.4375 1.0625 1.0625 0.375 0.375 0.375 0.1875 0.1875 0.125 0.125
 0 0 0 0 0 0 0 0 0 0 0 0 0 0 0 0 0 0 0 0 0.0625 0.0625 0.0625 0.0625 0.0625 0.0625 0.0625 0.125 0.125 0.125 0.0625 0.0625 0.0625 0.0625 0.0625 0.0625 0.0625 0.0625 0.0625 0.0625 0.25 0.25 0.3125 0.3125 0.3125 0.1875 0.1875 0.1875 0.1875 0.1875 0.625 0.625 0.75 0.75 0.75 1 1 0.5 0.5 0.5 1.25 1.25 2.1875 2.1875 2.1875 3.1875 3.1875 3.125 3.125 3.125 2.5 2.5 3.9375 3.9375 3.9375 4.0625 4.0625 3.875 3.875 3.875 4.6875 4.6875 3.4375 3.4375 3.4375 3 3 2.8125 2.8125 2.8125 2.375 2.375 2.375 2.375 2.375 2.4375 2.4375 2.875 2.875 2.875 1.9375 1.9375 0.375 0.375 0.375 0.6875 0.6875 1.4375 1.4375 1.4375 1.8125 1.8125 2.3125 2.3125 2.3125 4.0625 4.0625 2.375 2.375 2.375 2.25 2.25 3.5 3.5 3.5 4 4 3.625 3.625 3.625 4.1875 4.1875 3.1875 3.1875 3.1875 0.875 0.875 2.125 2.125 2.125 2.5 2.5 2.4375 2.4375 2.4375 2.9375 2.9375 1.875 1.875 1.875 1.0625 1.0625 1.125 1.125 1.125 1.375 1.375 1.4375 1.4375 1.4375 1.0625 1.0625 0.375 0.375 0.375 0.1875 0.1875 0.125 0.125
 0 0 0 0 0 0 0 0 0 0 0 0 0 0 0 0 0 0.0625 0.0625 0.0625 0.1875 0.1875 0.1875 0.1875 0.1875 0.125 0.125 0.125 0.125 0.125 0.0625 0.0625 0 0 0 0 0 0.0625 0.0625 0.0625 0.375 0.375 0.0625 0.0625 0.0625 0 0 0.0625 0.0625 0.0625 0.625 0.625 1.4375 1.4375 1.4375 0.6875 0.6875 1.125 1.125 1.125 2.4375 2.4375 2.6875 2.6875 2.6875 1.625 1.625 0.875 0.875 0.875 1.5625 1.5625 2.625 2.625 2.625 4.1875 4.1875 2.0625 2.0625 2.0625 1.5625 1.5625 1.625 1.625 1.625 1.5 1.5 1.1875 1.1875 1.1875 1.3125 1.3125 1.3125 1.3125 1.3125 1.25 1.25 1.625 1.625 1.625 1.4375 1.4375 2.4375 2.4375 2.4375 3.8125 3.8125 3.25 3.25 3.25 3.375 3.375 3.625 3.625 3.625 4.125 4.125 2.4375 2.4375 2.4375 3.1875 3.1875 4.125 4.125 4.125 2.4375 2.4375 1.875 1.875 1.875 3.25 3.25 3.3125 3.3125 3.3125 1.9375 1.9375 1.375 1.375 1.375 1.8125 1.8125 2.0625 2.0625 2.0625 2.125 2.125 2.375 2.375 2.375 2.25 2.25 1.8125 1.8125 1.8125 2.25 2.25 2 2 2 1.3125 1.3125 0.3125 0.3125 0.3125 0.3125 0.3125 0.25 0.25
 0 0 0 0 0 0 0 0 0 0 0 0 0 0 0 0 0 0.0625 0.0625 0.0625 0.1875 0.1875 0.1875 0.1875 0.1875 0.125 0.125 0.125 0.125 0.125 0.0625 0.0625 0 0 0 0 0 0.0625 0.0625 0.0625 0.375 0.375 0.0625 0.0625 0.0625 0 0 0.0625 0.0625 0.0625 0.625 0.625 1.4375 1.4375 1.4375 0.6875 0.6875 1.125 1.125 1.125 2.4375 2.4375 2.6875 2.6875 2.6875 1.625 1.625 0.875 0.875 0.875 1.5625 1.5625 2.625 2.625 2.625 4.1875 4.1875 2.0625 2.0625 2.0625 1.5625 1.5625 1.625 1.625 1.625 1.5 1.5 1.1875 1.1875 1.1875 1.3125 1.3125 1.3125 1.3125 1.3125 1.25 1.25 1.625 1.625 1.625 1.4375 1.4375 2.4375 2.4375 2.4375 3.8125 3.8125 3.25 3.25 3.25 3.375 3.375 3.625 3.625 3.625 4.125 4.125 2.4375 2.4375 2.4375 3.1875 3.1875 4.125 4.125 4.125 2.4375 2.4375 1.875 1.875 1.875 3.25 3.25 3.3125 3.3125 3.3125 1.9375 1.9375 1.375 1.375 1.375 1.8125 1.8125 2.0625 2.0625 2.0625 2.125 2.125 2.375 2.375 2.375 2.25 2.25 1.8125 1.8125 1.8125 2.25 2.25 2 2 2 1.3125 1.3125 0.3125 0.3125 0.3125 0.3125 0.3125 0.25 0.25
 0 0 0 0 0 0 0 0 0 0 0 0 0 0 0 0 0 0.0625 0.0625 0.0625 0.1875 0.1875 0.1875 0.1875 0.1875 0.125 0.125 0.125 0.125 0.125 0.0625 0.0625 0 0 0 0 0 0.0625 0.0625 0.0625 0.375 0.375 0.0625 0.0625 0.0625 0 0 0.0625 0.0625 0.0625 0.625 0.625 1.4375 1.4375 1.4375 0.6875 0.6875 1.125 1.125 1.125 2.4375 2.4375 2.6875 2.6875 2.6875 1.625 1.625 0.875 0.875 0.875 1.5625 1.5625 2.625 2.625 2.625 4.1875 4.1875 2.0625 2.0625 2.0625 1.5625 1.5625 1.625 1.625 1.625 1.5 1.5 1.1875 1.1875 1.1875 1.3125 1.3125 1.3125 1.3125 1.3125 1.25 1.25 1.625 1.625 1.625 1.4375 1.4375 2.4375 2.4375 2.4375 3.8125 3.8125 3.25 3.25 3.25 3.375 3.375 3.625 3.625 3.625 4.125 4.125 2.4375 2.4375 2.4375 3.1875 3.1875 4.125 4.125 4.125 2.4375 2.4375 1.875 1.875 1.875 3.25 3.25 3.3125 3.3125 3.3125 1.9375 1.9375 1.375 1.375 1.375 1.8125 1.8125 2.0625 2.0625 2.0625 2.125 2.125 2.375 2.375 2.375 2.25 2.25 1.8125 1.8125 1.8125 2.25 2.25 2 2 2 1.3125 1.3125 0.3125 0.3125 0.3125 0.3125 0.3125 0.25 0.25
 0 0 0 0 0 0 0 0 0 0 0 0 0 0 0 0 0 0.0625 0.0625 0.0625 0.125 0.125 0.0625 0.0625 0.0625 0.0625 0.0625 0.125 0.125 0.125 0.125 0.125 0.0625 0.0625 0.0625 0 0 0.0625 0.0625 0.0625 0.25 0.25 0.1875 0.1875 0.1875 0.375 0.375 0.6875 0.6875 0.6875 1.25 1.25 1.125 1.125 1.125 0.75 0.75 1 1 1 2.125 2.125 1.875 1.875 1.875 1.625 1.625 1.5 1.5 1.5 1.75 1.75 2.0625 2.0625 2.0625 4.0625 4.0625 2.25 2.25 2.25 2.5625 2.5625 2.375 2.375 2.375 1.25 1.25 0.875 0.875 0.875 0.5 0.5 1 1 1 1.375 1.375 1.25 1.25 1.25 1.625 1.625 5.1875 5.1875 5.1875 6.5 6.5 5.9375 5.9375 5.9375 6.5625 6.5625 4.8125 4.8125 4.8125 5.625 5.625 4.5 4.5 4.5 6.0625 6.0625 6 6 6 2.75 2.75 3.0625 3.0625 3.0625 3.3125 3.3125 2.9375 2.9375 2.9375 2.3125 2.3125 1.6875 1.6875 1.6875 2.5 2.5 5.0625 5.0625 5.0625 4.75 4.75 5.4375 5.4375 5.4375 5.8125 5.8125 4.375 4.375 4.375 2.25 2.25 2.25 2.25 2.25 1.3125 1.3125 0.625 0.625 0.625 0.75 0.75 0.3125 0.3125
 0 0 0 0 0 0 0 0 0 0 0 0 0 0 0 0 0 0.0625 0.0625 0.0625 0.125 0.125 0.0625 0.0625 0.0625 0.0625 0.0625 0.125 0.125 0.125 0.125 0.125 0.0625 0.0625 0.0625 0 0 0.0625 0.0625 0.0625 0.25 0.25 0.1875 0.1875 0.1875 0.375 0.375 0.6875 0.6875 0.6875 1.25 1.25 1.125 1.125 1.125 0.75 0.75 1 1 1 2.125 2.125 1.875 1.875 1.875 1.625 1.625 1.5 1.5 1.5 1.75 1.75 2.0625 2.0625 2.0625 4.0625 4.0625 2.25 2.25 2.25 2.5625 2.5625 2.375 2.375 2.375 1.25 1.25 0.875 0.875 0.875 0.5 0.5 1 1 1 1.375 1.375 1.25 1.25 1.25 1.625 1.625 5.1875 5.1875 5.1875 6.5 6.5 5.9375 5.9375 5.9375 6.5625 6.5625 4.8125 4.8125 4.8125 5.625 5.625 4.5 4.5 4.5 6.0625 6.0625 6 6 6 2.75 2.75 3.0625 3.0625 3.0625 3.3125 3.3125 2.9375 2.9375 2.9375 2.3125 2.3125 1.6875 1.6875 1.6875 2.5 2.5 5.0625 5.0625 5.0625 4.75 4.75 5.4375 5.4375 5.4375 5.8125 5.8125 4.375 4.375 4.375 2.25 2.25 2.25 2.25 2.25 1.3125 1.3125 0.625 0.625 0.625 0.75 0.75 0.3125 0.3125
 0 0 0 0 0 0.0625 0.0625 0 0 0 0 0 0 0 0 0.0625 0.0625 0.0625 0.0625 0.0625 0.0625 0.0625 0.0625 0.0625 0.0625 0.0625 0.0625 0.0625 0.0625 0.0625 0.0625 0.0625 0 0 0 0 0 0 0 0 0.25 0.25 0.5 0.5 0.5 0.875 0.875 1 1 1 1.125 1.125 0.9375 0.9375 0.9375 0.625 0.625 0.5625 0.5625 0.5625 0.9375 0.9375 1.875 1.875 1.875 2 2 2 2 2 1.8125 1.8125 1.375 1.375 1.375 4.1875 4.1875 4.25 4.25 4.25 2.375 2.375 2 2 2 1.875 1.875 1.6875 1.6875 1.6875 1.8125 1.8125 2.25 2.25 2.25 2 2 1.625 1.625 1.625 3.75 3.75 6.625 6.625 6.625 6.0625 6.0625 8 8 8 9 9 8.4375 8.4375 8.4375 11.625 11.625 10.4375 10.4375 10.4375 12.25 12.25 9.0625 9.0625 9.0625 4.25 4.25 4.5 4.5 4.5 2.9375 2.9375 3.6875 3.6875 3.6875 3.625 3.625 2.9375 2.9375 2.9375 3.125 3.125 3.4375 3.4375 3.4375 3.8125 3.8125 5.5 5.5 5.5 5.9375 5.9375 4.1875 4.1875 4.1875 3.1875 3.1875 2.1875 2.1875 2.1875 2.1875 2.1875 2.0625 2.0625 2.0625 1.6875 1.6875 1.1875 1.1875
 0 0 0 0 0 0.0625 0.0625 0 0 0 0 0 0 0 0 0.0625 0.0625 0.0625 0.0625 0.0625 0.0625 0.0625 0.0625 0.0625 0.0625 0.0625 0.0625 0.0625 0.0625 0.0625 0.0625 0.0625 0 0 0 0 0 0 0 0 0.25 0.25 0.5 0.5 0.5 0.875 0.875 1 1 1 1.125 1.125 0.9375 0.9375 0.9375 0.625 0.625 0.5625 0.5625 0.5625 0.9375 0.9375 1.875 1.875 1.875 2 2 2 2 2 1.8125 1.8125 1.375 1.375 1.375 4.1875 4.1875 4.25 4.25 4.25 2.375 2.375 2 2 2 1.875 1.875 1.6875 1.6875 1.6875 1.8125 1.8125 2.25 2.25 2.25 2 2 1.625 1.625 1.625 3.75 3.75 6.625 6.625 6.625 6.0625 6.0625 8 8 8 9 9 8.4375 8.4375 8.4375 11.625 11.625 10.4375 10.4375 10.4375 12.25 12.25 9.0625 9.0625 9.0625 4.25 4.25 4.5 4.5 4.5 2.9375 2.9375 3.6875 3.6875 3.6875 3.625 3.625 2.9375 2.9375 2.9375 3.125 3.125 3.4375 3.4375 3.4375 3.8125 3.8125 5.5 5.5 5.5 5.9375 5.9375 4.1875 4.1875 4.1875 3.1875 3.1875 2.1875 2.1875 2.1875 2.1875 2.1875 2.0625 2.0625 2.0625 1.6875 1.6875 1.1875 1.1875
 0 0 0 0 0 0.0625 0.0625 0 0 0 0 0 0 0 0 0.0625 0.0625 0.0625 0.0625 0.0625 0.0625 0.0625 0.0625 0.0625 0.0625 0.0625 0.0625 0.0625 0.0625 0.0625 0.0625 0.0625 0 0 0 0 0 0 0 0 0.25 0.25 0.5 0.5 0.5 0.875 0.875 1 1 1 1.125 1.125 0.9375 0.9375 0.9375 0.625 0.625 0.5625 0.5625 0.5625 0.9375 0.9375 1.875 1.875 1.875 2 2 2 2 2 1.8125 1.8125 1.375 1.375 1.375 4.1875 4.1875 4.25 4.25 4.25 2.375 2.375 2 2 2 1.875 1.875 1.6875 1.6875 1.6875 1.8125 1.8125 2.25 2.25 2.25 2 2 1.625 1.625 1.625 3.75 3.75 6.625 6.625 6.625 6.0625 6.0625 8 8 8 9 9 8.4375 8.4375 8.4375 11.625 11.625 10.4375 10.4375 10.4375 12.25 12.25 9.0625 9.0625 9.0625 4.25 4.25 4.5 4.5 4.5 2.9375 2.9375 3.6875 3.6875 3.6875 3.625 3.625 2.9375 2.9375 2.9375 3.125 3.125 3.4375 3.4375 3.4375 3.8125 3.8125 5.5 5.5 5.5 5.9375 5.9375 4.1875 4.1875 4.1875 3.1875 3.1875 2.1875 2.1875 2.1875 2.1875 2.1875 2.0625 2.0625 2.0625 1.6875 1.6875 1.1875 1.1875
 0 0 0 0 0 0.0625 0.0625 0.0625 0.0625 0.0625 0.0625 0.0625 0.0625 0.0625 0.0625 0.125 0.125 0.0625 0.0625 0.0625 0.0625 0.0625 0.0625 0.0625 0.0625 0 0 0 0 0 0 0 0 0 0 0 0 0.125 0.125 0.125 0.375 0.375 1.25 1.25 1.25 1.3125 1.3125 1.25 1.25 1.25 1.4375 1.4375 1.125 1.125 1.125 0.375 0.375 0.1875 0.1875 0.1875 0.625 0.625 2.625 2.625 2.625 2.6875 2.6875 2.9375 2.9375 2.9375 2.0625 2.0625 1.1875 1.1875 1.1875 2 2 3.4375 3.4375 3.4375 3.25 3.25 3.625 3.625 3.625 3 3 3 3 3 2.6875 2.6875 4.0625 4.0625 4.0625 3.9375 3.9375 3.9375 3.9375 3.9375 5.625 5.625 7.125 7.125 7.125 6 6 10.1875 10.1875 10.1875 12.8125 12.8125 11.6875 11.6875 11.6875 15.0625 15.0625 12.5 12.5 12.5 12.1875 12.1875 8.0625 8.0625 8.0625 7.4375 7.4375 4.6875 4.6875 4.6875 2.5 2.5 2.3125 2.3125 2.3125 1.375 1.375 3.9375 3.9375 3.9375 3.1875 3.1875 3 3 3 3.8125 3.8125 3.8125 3.8125 3.8125 4.0625 4.0625 3.8125 3.8125 3.8125 3.5 3.5 3.375 3.375 3.375 3.125 3.125 3.1875 3.1875 3.1875 2.5 2.5 2 2
 0 0 0 0 0 0.0625 0.0625 0.0625 0.0625 0.0625 0.0625 0.0625 0.0625 0.0625 0.0625 0.125 0.125 0.0625 0.0625 0.0625 0.0625 0.0625 0.0625 0.0625 0.0625 0 0 0 0 0 0 0 0 0 0 0 0 0.125 0.125 0.125 0.375 0.375 1.25 1.25 1.25 1.3125 1.3125 1.25 1.25 1.25 1.4375 1.4375 1.125 1.125 1.125 0.375 0.375 0.1875 0.1875 0.1875 0.625 0.625 2.625 2.625 2.625 2.6875 2.6875 2.9375 2.9375 2.9375 2.0625 2.0625 1.1875 1.1875 1.1875 2 2 3.4375 3.4375 3.4375 3.25 3.25 3.625 3.625 3.625 3 3 3 3 3 2.6875 2.6875 4.0625 4.0625 4.0625 3.9375 3.9375 3.9375 3.9375 3.9375 5.625 5.625 7.125 7.125 7.125 6 6 10.1875 10.1875 10.1875 12.8125 12.8125 11.6875 11.6875 11.6875 15.0625 15.0625 12.5 12.5 12.5 12.1875 12.1875 8.0625 8.0625 8.0625 7.4375 7.4375 4.6875 4.6875 4.6875 2.5 2.5 2.3125 2.3125 2.3125 1.375 1.375 3.9375 3.9375 3.9375 3.1875 3.1875 3 3 3 3.8125 3.8125 3.8125 3.8125 3.8125 4.0625 4.0625 3.8125 3.8125 3.8125 3.5 3.5 3.375 3.375 3.375 3.125 3.125 3.1875 3.1875 3.1875 2.5 2.5 2 2
 0 0 0 0 0 0.125 0.125 0.125 0.125 0.125 0.125 0.125 0.125 0.125 0.125 0.125 0.125 0.0625 0.0625 0.0625 0.0625 0.0625 0.0625 0.0625 0.0625 0 0 0.0625 0.0625 0.0625 0.125 0.125 0.125 0.125 0.125 0.125 0.125 0.3125 0.3125 0.3125 0.8125 0.8125 1.625 1.625 1.625 1.625 1.625 2.8125 2.8125 2.8125 1.75 1.75 0.5 0.5 0.5 0.25 0.25 0.1875 0.1875 0.1875 1 1 2.0625 2.0625 2.0625 2.5625 2.5625 3.3125 3.3125 3.3125 2.25 2.25 1.4375 1.4375 1.4375 0.9375 0.9375 2.625 2.625 2.625 5.125 5.125 4.6875 4.6875 4.6875 3.5625 3.5625 3.75 3.75 3.75 4.6875 4.6875 4.5 4.5 4.5 4.75 4.75 5.5 5.5 5.5 6.6875 6.6875 7.75 7.75 7.75 9.625 9.625 11.0625 11.0625 11.0625 13.625 13.625 16.625 16.625 16.625 19.25 19.25 15.75 15.75 15.75 15.375 15.375 14 14 14 10.125 10.125 6.25 6.25 6.25 5.625 5.625 4.1875 4.1875 4.1875 4.25 4.25 5.0625 5.0625 5.0625 6.4375 6.4375 5.5 5.5 5.5 4 4 3.3125 3.3125 3.3125 2.6875 2.6875 2.25 2.25 2.25 1.875 1.875 2.5625 2.5625 2.5625 2.625 2.625 2.9375 2.9375 2.9375 3.5625 3.5625 2.5625 2.5625
 0 0 0 0 0 0.125 0.125 0.125 0.125 0.125 0.125 0.125 0.125 0.125 0.125 0.125 0.125 0.0625 0.0625 0.0625 0.0625 0.0625 0.0625 0.0625 0.0625 0 0 0.0625 0.0625 0.0625 0.125 0.125 0.125 0.125 0.125 0.125 0.125 0.3125 0.3125 0.3125 0.8125 0.8125 1.625 1.625 1.625 1.625 1.625 2.8125 2.8125 2.8125 1.75 1.75 0.5 0.5 0.5 0.25 0.25 0.1875 0.1875 0.1875 1 1 2.0625 2.0625 2.0625 2.5625 2.5625 3.3125 3.3125 3.3125 2.25 2.25 1.4375 1.4375 1.4375 0.9375 0.9375 2.625 2.625 2.625 5.125 5.125 4.6875 4.6875 4.6875 3.5625 3.5625 3.75 3.75 3.75 4.6875 4.6875 4.5 4.5 4.5 4.75 4.75 5.5 5.5 5.5 6.6875 6.6875 7.75 7.75 7.75 9.625 9.625 11.0625 11.0625 11.0625 13.625 13.625 16.625 16.625 16.625 19.25 19.25 15.75 15.75 15.75 15.375 15.375 14 14 14 10.125 10.125 6.25 6.25 6.25 5.625 5.625 4.1875 4.1875 4.1875 4.25 4.25 5.0625 5.0625 5.0625 6.4375 6.4375 5.5 5.5 5.5 4 4 3.3125 3.3125 3.3125 2.6875 2.6875 2.25 2.25 2.25 1.875 1.875 2.5625 2.5625 2.5625 2.625 2.625 2.9375 2.9375 2.9375 3.5625 3.5625 2.5625 2.5625
 0 0 0 0 0 0.125 0.125 0.125 0.125 0.125 0.125 0.125 0.125 0.125 0.125 0.125 0.125 0.0625 0.0625 0.0625 0.0625 0.0625 0.0625 0.0625 0.0625 0 0 0.0625 0.0625 0.0625 0.125 0.125 0.125 0.125 0.125 0.125 0.125 0.3125 0.3125 0.3125 0.8125 0.8125 1.625 1.625 1.625 1.625 1.625 2.8125 2.8125 2.8125 1.75 1.75 0.5 0.5 0.5 0.25 0.25 0.1875 0.1875 0.1875 1 1 2.0625 2.0625 2.0625 2.5625 2.5625 3.3125 3.3125 3.3125 2.25 2.25 1.4375 1.4375 1.4375 0.9375 0.9375 2.625 2.625 2.625 5.125 5.125 4.6875 4.6875 4.6875 3.5625 3.5625 3.75 3.75 3.75 4.6875 4.6875 4.5 4.5 4.5 4.75 4.75 5.5 5.5 5.5 6.6875 6.6875 7.75 7.75 7.75 9.625 9.625 11.0625 11.0625 11.0625 13.625 13.625 16.625 16.625 16.625 19.25 19.25 15.75 15.75 15.75 15.375 15.375 14 14 14 10.125 10.125 6.25 6.25 6.25 5.625 5.625 4.1875 4.1875 4.1875 4.25 4.25 5.0625 5.0625 5.0625 6.4375 6.4375 5.5 5.5 5.5 4 4 3.3125 3.3125 3.3125 2.6875 2.6875 2.25 2.25 2.25 1.875 1.875 2.5625 2.5625 2.5625 2.625 2.625 2.9375 2.9375 2.9375 3.5625 3.5625 2.5625 2.5625
 0 0 0 0 0 0.125 0.125 0.25 0.25 0.25 0.375 0.375 0.3125 0.3125 0.3125 0.125 0.125 0.0625 0.0625 0.0625 0 0 0.0625 0.0625 0.0625 0 0 0 0 0 0.1875 0.1875 0.3125 0.3125 0.3125 0.375 0.375 0.75 0.75 0.75 1.1875 1.1875 1.875 1.875 1.875 3.1875 3.1875 3.25 3.25 3.25 0.8125 0.8125 0.3125 0.3125 0.3125 0.625 0.625 0.3125 0.3125 0.3125 0.8125 0.8125 1.125 1.125 1.125 2.0625 2.0625 3.9375 3.9375 3.9375 2.75 2.75 1.75 1.75 1.75 1.3125 1.3125 2.125 2.125 2.125 3.8125 3.8125 3.5625 3.5625 3.5625 4 4 6 6 6 6.0625 6.0625 4.625 4.625 4.625 5.1875 5.1875 6.3125 6.3125 6.3125 4.8125 4.8125 6.875 6.875 6.875 11.4375 11.4375 12.4375 12.4375 12.4375 14.5 14.5 16.5625 16.5625 16.5625 18.875 18.875 15.875 15.875 15.875 18.8125 18.8125 19.5 19.5 19.5 13 13 12.375 12.375 12.375 12.9375 12.9375 12.125 12.125 12.125 12.9375 12.9375 11.6875 11.6875 11.6875 9 9 7.5 7.5 7.5 6.1875 6.1875 4.375 4.375 4.375 2.625 2.625 1.8125 1.8125 1.8125 1.4375 1.4375 2.125 2.125 2.125 2.875 2.875 2.6875 2.6875 2.6875 4.25 4.25 2.375 2.375
 0 0 0 0 0 0.125 0.125 0.25 0.25 0.25 0.375 0.375 0.3125 0.3125 0.3125 0.125 0.125 0.0625 0.0625 0.0625 0 0 0.0625 0.0625 0.0625 0 0 0 0 0 0.1875 0.1875 0.3125 0.3125 0.3125 0.375 0.375 0.75 0.75 0.75 1.1875 1.1875 1.875 1.875 1.875 3.1875 3.1875 3.25 3.25 3.25 0.8125 0.8125 0.3125 0.3125 0.3125 0.625 0.625 0.3125 0.3125 0.3125 0.8125 0.8125 1.125 1.125 1.125 2.0625 2.0625 3.9375 3.9375 3.9375 2.75 2.75 1.75 1.75 1.75 1.3125 1.3125 2.125 2.125 2.125 3.8125 3.8125 3.5625 3.5625 3.5625 4 4 6 6 6 6.0625 6.0625 4.625 4.625 4.625 5.1875 5.1875 6.3125 6.3125 6.3125 4.8125 4.8125 6.875 6.875 6.875 11.4375 11.4375 12.4375 12.4375 12.4375 14.5 14.5 16.5625 16.5625 16.5625 18.875 18.875 15.875 15.875 15.875 18.8125 18.8125 19.5 19.5 19.5 13 13 12.375 12.375 12.375 12.9375 12.9375 12.125 12.125 12.125 12.9375 12.9375 11.6875 11.6875 11.6875 9 9 7.5 7.5 7.5 6.1875 6.1875 4.375 4.375 4.375 2.625 2.625 1.8125 1.8125 1.8125 1.4375 1.4375 2.125 2.125 2.125 2.875 2.875 2.6875 2.6875 2.6875 4.25 4.25 2.375 2.375
 0 0 0 0 0 0 0 0.1875 0.1875 0.1875 0.4375 0.4375 0.3125 0.3125 0.3125 0.125 0.125 0 0 0 0 0 0.0625 0.0625 0.0625 0 0 0 0 0 0.0625 0.0625 0.0625 0.0625 0.0625 0.125 0.125 0.25 0.25 0.25 2.125 2.125 3.25 3.25 3.25 2.4375 2.4375 0.875 0.875 0.875 0.25 0.25 0.4375 0.4375 0.4375 0.3125 0.3125 0.5 0.5 0.5 1.125 1.125 2 2 2 2.3125 2.3125 3 3 3 2.3125 2.3125 2.1875 2.1875 2.1875 2.0625 2.0625 3.1875 3.1875 3.1875 4.4375 4.4375 4.1875 4.1875 4.1875 4.8125 4.8125 6 6 6 4.6875 4.6875 4.4375 4.4375 4.4375 5.625 5.625 4.1875 4.1875 4.1875 4.125 4.125 6.875 6.875 6.875 8.9375 8.9375 9.375 9.375 9.375 11.125 11.125 14.25 14.25 14.25 16.4375 16.4375 14.1875 14.1875 14.1875 15.25 15.25 17.0625 17.0625 17.0625 16.1875 16.1875 16.75 16.75 16.75 14.875 14.875 14.8125 14.8125 14.8125 15.3125 15.3125 14 14 14 12.125 12.125 11.375 11.375 11.375 8.75 8.75 6.125 6.125 6.125 4.5625 4.5625 4.625 4.625 4.625 3.5 3.5 2.0625 2.0625 2.0625 1.25 1.25 1.125 1.125 1.125 1.6875 1.6875 1.625 1.625
 0 0 0 0 0 0 0 0.1875 0.1875 0.1875 0.4375 0.4375 0.3125 0.3125 0.3125 0.125 0.125 0 0 0 0 0 0.0625 0.0625 0.0625 0 0 0 0 0 0.0625 0.0625 0.0625 0.0625 0.0625 0.125 0.125 0.25 0.25 0.25 2.125 2.125 3.25 3.25 3.25 2.4375 2.4375 0.875 0.875 0.875 0.25 0.25 0.4375 0.4375 0.4375 0.3125 0.3125 0.5 0.5 0.5 1.125 1.125 2 2 2 2.3125 2.3125 3 3 3 2.3125 2.3125 2.1875 2.1875 2.1875 2.0625 2.0625 3.1875 3.1875 3.1875 4.4375 4.4375 4.1875 4.1875 4.1875 4.8125 4.8125 6 6 6 4.6875 4.6875 4.4375 4.4375 4.4375 5.625 5.625 4.1875 4.1875 4.1875 4.125 4.125 6.875 6.875 6.875 8.9375 8.9375 9.375 9.375 9.375 11.125 11.125 14.25 14.25 14.25 16.4375 16.4375 14.1875 14.1875 14.1875 15.25 15.25 17.0625 17.0625 17.0625 16.1875 16.1875 16.75 16.75 16.75 14.875 14.875 14.8125 14.8125 14.8125 15.3125 15.3125 14 14 14 12.125 12.125 11.375 11.375 11.375 8.75 8.75 6.125 6.125 6.125 4.5625 4.5625 4.625 4.625 4.625 3.5 3.5 2.0625 2.0625 2.0625 1.25 1.25 1.125 1.125 1.125 1.6875 1.6875 1.625 1.625
 0 0 0 0 0 0 0 0.1875 0.1875 0.1875 0.4375 0.4375 0.3125 0.3125 0.3125 0.125 0.125 0 0 0 0 0 0.0625 0.0625 0.0625 0 0 0 0 0 0.0625 0.0625 0.0625 0.0625 0.0625 0.125 0.125 0.25 0.25 0.25 2.125 2.125 3.25 3.25 3.25 2.4375 2.4375 0.875 0.875 0.875 0.25 0.25 0.4375 0.4375 0.4375 0.3125 0.3125 0.5 0.5 0.5 1.125 1.125 2 2 2 2.3125 2.3125 3 3 3 2.3125 2.3125 2.1875 2.1875 2.1875 2.0625 2.0625 3.1875 3.1875 3.1875 4.4375 4.4375 4.1875 4.1875 4.1875 4.8125 4.8125 6 6 6 4.6875 4.6875 4.4375 4.4375 4.4375 5.625 5.625 4.1875 4.1875 4.1875 4.125 4.125 6.875 6.875 6.875 8.9375 8.9375 9.375 9.375 9.375 11.125 11.125 14.25 14.25 14.25 16.4375 16.4375 14.1875 14.1875 14.1875 15.25 15.25 17.0625 17.0625 17.0625 16.1875 16.1875 16.75 16.75 16.75 14.875 14.875 14.8125 14.8125 14.8125 15.3125 15.3125 14 14 14 12.125 12.125 11.375 11.375 11.375 8.75 8.75 6.125 6.125 6.125 4.5625 4.5625 4.625 4.625 4.625 3.5 3.5 2.0625 2.0625 2.0625 1.25 1.25 1.125 1.125 1.125 1.6875 1.6875 1.625 1.625
 0 0 0 0 0 0 0 0 0 0 0 0 0 0 0 0 0 0 0 0 0 0 0 0 0 0 0 0 0 0 0 0 0 0 0 0.0625 0.0625 1.3125 1.3125 1.3125 3.4375 3.4375 1.8125 1.8125 1.8125 0.4375 0.4375 0.125 0.125 0.125 0.1875 0.1875 0.1875 0.1875 0.1875 0.1875 0.1875 0.6875 0.6875 0.6875 1 1 1.375 1.375 1.375 1.75 1.75 1.75 1.75 1.75 1.6875 1.6875 1.375 1.375 1.375 2 2 3.4375 3.4375 3.4375 3.75 3.75 3.1875 3.1875 3.1875 3.25 3.25 4.4375 4.4375 4.4375 4.8125 4.8125 5.375 5.375 5.375 5.8125 5.8125 5.8125 5.8125 5.8125 5.375 5.375 5.3125 5.3125 5.3125 6.25 6.25 5.4375 5.4375 5.4375 4.6875 4.6875 6.625 6.625 6.625 8.3125 8.3125 9.5625 9.5625 9.5625 10.75 10.75 10.5625 10.5625 10.5625 11.75 11.75 15.5625 15.5625 15.5625 17.8125 17.8125 17.875 17.875 17.875 14.4375 14.4375 15.4375 15.4375 15.4375 15.625 15.625 15.75 15.75 15.75 11 11 6.3125 6.3125 6.3125 3.4375 3.4375 3.75 3.75 3.75 3 3 2.75 2.75 2.75 2.4375 2.4375 1.4375 1.4375 1.4375 0.5 0.5 1.1875 1.1875
 0 0 0 0 0 0 0 0 0 0 0 0 0 0 0 0 0 0 0 0 0 0 0 0 0 0 0 0 0 0 0 0 0 0 0 0.0625 0.0625 1.3125 1.3125 1.3125 3.4375 3.4375 1.8125 1.8125 1.8125 0.4375 0.4375 0.125 0.125 0.125 0.1875 0.1875 0.1875 0.1875 0.1875 0.1875 0.1875 0.6875 0.6875 0.6875 1 1 1.375 1.375 1.375 1.75 1.75 1.75 1.75 1.75 1.6875 1.6875 1.375 1.375 1.375 2 2 3.4375 3.4375 3.4375 3.75 3.75 3.1875 3.1875 3.1875 3.25 3.25 4.4375 4.4375 4.4375 4.8125 4.8125 5.375 5.375 5.375 5.8125 5.8125 5.8125 5.8125 5.8125 5.375 5.375 5.3125 5.3125 5.3125 6.25 6.25 5.4375 5.4375 5.4375 4.6875 4.6875 6.625 6.625 6.625 8.3125 8.3125 9.5625 9.5625 9.5625 10.75 10.75 10.5625 10.5625 10.5625 11.75 11.75 15.5625 15.5625 15.5625 17.8125 17.8125 17.875 17.875 17.875 14.4375 14.4375 15.4375 15.4375 15.4375 15.625 15.625 15.75 15.75 15.75 11 11 6.3125 6.3125 6.3125 3.4375 3.4375 3.75 3.75 3.75 3 3 2.75 2.75 2.75 2.4375 2.4375 1.4375 1.4375 1.4375 0.5 0.5 1.1875 1.1875
 0 0 0 0 0 0 0 0 0 0 0 0 0 0 0 0 0 0 0 0 0 0 0 0 0 0 0 0 0 0 0 0 0 0 0 0.5 0.5 2.1875 2.1875 2.1875 1.3125 1.3125 0.4375 0.4375 0.4375 0.1875 0.1875 0.1875 0.1875 0.1875 0.25 0.25 0.1875 0.1875 0.1875 0.3125 0.3125 0.25 0.25 0.25 0.25 0.25 1.1875 1.1875 1.1875 2.375 2.375 1.9375 1.9375 1.9375 0.75 0.75 0.75 0.75 0.75 1.6875 1.6875 2.75 2.75 2.75 3.3125 3.3125 2.4375 2.4375 2.4375 1.6875 1.6875 3.125 3.125 3.125 3.6875 3.6875 4.375 4.375 4.375 6.3125 6.3125 7.4375 7.4375 7.4375 5.9375 5.9375 4.25 4.25 4.25 4.25 4.25 3.8125 3.8125 3.8125 2.5 2.5 3.3125 3.3125 3.3125 4.0625 4.0625 5.9375 5.9375 5.9375 6.125 6.125 6.6875 6.6875 6.6875 7.125 7.125 12.75 12.75 12.75 23.5 23.5 24.75 24.75 24.75 12.625 12.625 10.125 10.125 10.125 13.875 13.875 15.8125 15.8125 15.8125 12.4375 12.4375 7.9375 7.9375 7.9375 3.6875 3.6875 3.625 3.625 3.625 2.25 2.25 2.5625 2.5625 2.5625 2.3125 2.3125 2.25 2.25 2.25 1.9375 1.9375 1.6875 1.6875
 0 0 0 0 0 0 0 0 0 0 0 0 0 0 0 0 0 0 0 0 0 0 0 0 0 0 0 0 0 0 0 0 0 0 0 0.5 0.5 2.1875 2.1875 2.1875 1.3125 1.3125 0.4375 0.4375 0.4375 0.1875 0.1875 0.1875 0.1875 0.1875 0.25 0.25 0.1875 0.1875 0.1875 0.3125 0.3125 0.25 0.25 0.25 0.25 0.25 1.1875 1.1875 1.1875 2.375 2.375 1.9375 1.9375 1.9375 0.75 0.75 0.75 0.75 0.75 1.6875 1.6875 2.75 2.75 2.75 3.3125 3.3125 2.4375 2.4375 2.4375 1.6875 1.6875 3.125 3.125 3.125 3.6875 3.6875 4.375 4.375 4.375 6.3125 6.3125 7.4375 7.4375 7.4375 5.9375 5.9375 4.25 4.25 4.25 4.25 4.25 3.8125 3.8125 3.8125 2.5 2.5 3.3125 3.3125 3.3125 4.0625 4.0625 5.9375 5.9375 5.9375 6.125 6.125 6.6875 6.6875 6.6875 7.125 7.125 12.75 12.75 12.75 23.5 23.5 24.75 24.75 24.75 12.625 12.625 10.125 10.125 10.125 13.875 13.875 15.8125 15.8125 15.8125 12.4375 12.4375 7.9375 7.9375 7.9375 3.6875 3.6875 3.625 3.625 3.625 2.25 2.25 2.5625 2.5625 2.5625 2.3125 2.3125 2.25 2.25 2.25 1.9375 1.9375 1.6875 1.6875
 0 0 0 0 0 0 0 0 0 0 0 0 0 0 0 0 0 0 0 0 0 0 0 0 0 0 0 0 0 0 0 0 0 0 0 0.5 0.5 2.1875 2.1875 2.1875 1.3125 1.3125 0.4375 0.4375 0.4375 0.1875 0.1875 0.1875 0.1875 0.1875 0.25 0.25 0.1875 0.1875 0.1875 0.3125 0.3125 0.25 0.25 0.25 0.25 0.25 1.1875 1.1875 1.1875 2.375 2.375 1.9375 1.9375 1.9375 0.75 0.75 0.75 0.75 0.75 1.6875 1.6875 2.75 2.75 2.75 3.3125 3.3125 2.4375 2.4375 2.4375 1.6875 1.6875 3.125 3.125 3.125 3.6875 3.6875 4.375 4.375 4.375 6.3125 6.3125 7.4375 7.4375 7.4375 5.9375 5.9375 4.25 4.25 4.25 4.25 4.25 3.8125 3.8125 3.8125 2.5 2.5 3.3125 3.3125 3.3125 4.0625 4.0625 5.9375 5.9375 5.9375 6.125 6.125 6.6875 6.6875 6.6875 7.125 7.125 12.75 12.75 12.75 23.5 23.5 24.75 24.75 24.75 12.625 12.625 10.125 10.125 10.125 13.875 13.875 15.8125 15.8125 15.8125 12.4375 12.4375 7.9375 7.9375 7.9375 3.6875 3.6875 3.625 3.625 3.625 2.25 2.25 2.5625 2.5625 2.5625 2.3125 2.3125 2.25 2.25 2.25 1.9375 1.9375 1.6875 1.6875
 0 0 0 0 0 0 0 0 0 0 0 0 0 0 0 0 0 0 0 0 0 0 0 0 0 0.0625 0.0625 0.0625 0.0625 0.0625 0.0625 0.0625 0.125 0.125 0.125 1.4375 1.4375 1.5 1.5 1.5 0.125 0.125 0.1875 0.1875 0.1875 0.375 0.375 0.3125 0.3125 0.3125 0.375 0.375 0.25 0.25 0.25 0.125 0.125 0.1875 0.1875 0.1875 0.375 0.375 2.1875 2.1875 2.1875 3.25 3.25 1.8125 1.8125 1.8125 0.8125 0.8125 1.125 1.125 1.125 1.5 1.5 1.6875 1.6875 1.6875 1.8125 1.8125 1.875 1.875 1.875 1.5625 1.5625 2 2 2 3.4375 3.4375 5.125 5.125 5.125 8.125 8.125 9.4375 9.4375 9.4375 6.3125 6.3125 3.5 3.5 3.5 3 3 3.5 3.5 3.5 2.625 2.625 2 2 2 2.4375 2.4375 4.5625 4.5625 4.5625 5 5 4.375 4.375 4.375 4.75 4.75 13.3125 13.3125 13.3125 21.8125 21.8125 24.25 24.25 24.25 14.1875 14.1875 8.625 8.625 8.625 11.875 11.875 10.75 10.75 10.75 9.5625 9.5625 9.625 9.625 9.625 8.375 8.375 5.875 5.875 5.875 5.4375 5.4375 4.6875 4.6875 4.6875 2.6875 2.6875 3 3 3 3.125 3.125 1.75 1.75
 0 0 0 0 0 0 0 0 0 0 0 0 0 0 0 0 0 0 0 0 0 0 0 0 0 0.0625 0.0625 0.0625 0.0625 0.0625 0.0625 0.0625 0.125 0.125 0.125 1.4375 1.4375 1.5 1.5 1.5 0.125 0.125 0.1875 0.1875 0.1875 0.375 0.375 0.3125 0.3125 0.3125 0.375 0.375 0.25 0.25 0.25 0.125 0.125 0.1875 0.1875 0.1875 0.375 0.375 2.1875 2.1875 2.1875 3.25 3.25 1.8125 1.8125 1.8125 0.8125 0.8125 1.125 1.125 1.125 1.5 1.5 1.6875 1.6875 1.6875 1.8125 1.8125 1.875 1.875 1.875 1.5625 1.5625 2 2 2 3.4375 3.4375 5.125 5.125 5.125 8.125 8.125 9.4375 9.4375 9.4375 6.3125 6.3125 3.5 3.5 3.5 3 3 3.5 3.5 3.5 2.625 2.625 2 2 2 2.4375 2.4375 4.5625 4.5625 4.5625 5 5 4.375 4.375 4.375 4.75 4.75 13.3125 13.3125 13.3125 21.8125 21.8125 24.25 24.25 24.25 14.1875 14.1875 8.625 8.625 8.625 11.875 11.875 10.75 10.75 10.75 9.5625 9.5625 9.625 9.625 9.625 8.375 8.375 5.875 5.875 5.875 5.4375 5.4375 4.6875 4.6875 4.6875 2.6875 2.6875 3 3 3 3.125 3.125 1.75 1.75
 0 0 0 0 0 0 0 0 0 0 0 0 0 0 0 0 0 0 0 0 0 0 0.0625 0.0625 0.0625 0.0625 0.0625 0 0 0 0.0625 0.0625 0.4375 0.4375 0.4375 1 1 0.25 0.25 0.25 0 0 0.5 0.5 0.5 1.0625 1.0625 0.5 0.5 0.5 0.5 0.5 0.3125 0.3125 0.3125 0.25 0.25 0.25 0.25 0.25 1.5 1.5 2.9375 2.9375 2.9375 2.125 2.125 1.375 1.375 1.375 1.375 1.375 2 2 2 2 2 1.6875 1.6875 1.6875 1.4375 1.4375 1.4375 1.4375 1.4375 1.375 1.375 1.8125 1.8125 1.8125 2.625 2.625 3.875 3.875 3.875 6.25 6.25 6.8125 6.8125 6.8125 4.0625 4.0625 1.9375 1.9375 1.9375 1.6875 1.6875 3.375 3.375 3.375 2.6875 2.6875 1.0625 1.0625 1.0625 1.0625 1.0625 2.25 2.25 2.25 3.625 3.625 2.875 2.875 2.875 3.1875 3.1875 9.375 9.375 9.375 14.375 14.375 18.75 18.75 18.75 18.625 18.625 17.9375 17.9375 17.9375 21.5625 21.5625 13.9375 13.9375 13.9375 11.375 11.375 15.25 15.25 15.25 12.125 12.125 9.5625 9.5625 9.5625 8 8 5.75 5.75 5.75 5.4375 5.4375 4.5 4.5 4.5 3 3 1.0625 1.0625
 0 0 0 0 0 0 0 0 0 0 0 0 0 0 0 0 0 0 0 0 0 0 0.0625 0.0625 0.0625 0.0625 0.0625 0 0 0 0.0625 0.0625 0.4375 0.4375 0.4375 1 1 0.25 0.25 0.25 0 0 0.5 0.5 0.5 1.0625 1.0625 0.5 0.5 0.5 0.5 0.5 0.3125 0.3125 0.3125 0.25 0.25 0.25 0.25 0.25 1.5 1.5 2.9375 2.9375 2.9375 2.125 2.125 1.375 1.375 1.375 1.375 1.375 2 2 2 2 2 1.6875 1.6875 1.6875 1.4375 1.4375 1.4375 1.4375 1.4375 1.375 1.375 1.8125 1.8125 1.8125 2.625 2.625 3.875 3.875 3.875 6.25 6.25 6.8125 6.8125 6.8125 4.0625 4.0625 1.9375 1.9375 1.9375 1.6875 1.6875 3.375 3.375 3.375 2.6875 2.6875 1.0625 1.0625 1.0625 1.0625 1.0625 2.25 2.25 2.25 3.625 3.625 2.875 2.875 2.875 3.1875 3.1875 9.375 9.375 9.375 14.375 14.375 18.75 18.75 18.75 18.625 18.625 17.9375 17.9375 17.9375 21.5625 21.5625 13.9375 13.9375 13.9375 11.375 11.375 15.25 15.25 15.25 12.125 12.125 9.5625 9.5625 9.5625 8 8 5.75 5.75 5.75 5.4375 5.4375 4.5 4.5 4.5 3 3 1.0625 1.0625
 0 0 0 0 0 0 0 0 0 0 0 0 0 0 0 0 0 0 0 0 0 0 0.0625 0.0625 0.0625 0.0625 0.0625 0 0 0 0.0625 0.0625 0.4375 0.4375 0.4375 1 1 0.25 0.25 0.25 0 0 0.5 0.5 0.5 1.0625 1.0625 0.5 0.5 0.5 0.5 0.5 0.3125 0.3125 0.3125 0.25 0.25 0.25 0.25 0.25 1.5 1.5 2.9375 2.9375 2.9375 2.125 2.125 1.375 1.375 1.375 1.375 1.375 2 2 2 2 2 1.6875 1.6875 1.6875 1.4375 1.4375 1.4375 1.4375 1.4375 1.375 1.375 1.8125 1.8125 1.8125 2.625 2.625 3.875 3.875 3.875 6.25 6.25 6.8125 6.8125 6.8125 4.0625 4.0625 1.9375 1.9375 1.9375 1.6875 1.6875 3.375 3.375 3.375 2.6875 2.6875 1.0625 1.0625 1.0625 1.0625 1.0625 2.25 2.25 2.25 3.625 3.625 2.875 2.875 2.875 3.1875 3.1875 9.375 9.375 9.375 14.375 14.375 18.75 18.75 18.75 18.625 18.625 17.9375 17.9375 17.9375 21.5625 21.5625 13.9375 13.9375 13.9375 11.375 11.375 15.25 15.25 15.25 12.125 12.125 9.5625 9.5625 9.5625 8 8 5.75 5.75 5.75 5.4375 5.4375 4.5 4.5 4.5 3 3 1.0625 1.0625
 0 0 0 0 0 0 0 0 0 0 0 0 0 0 0 0.1875 0.1875 0.125 0.125 0.125 0.0625 0.0625 0.5 0.5 0.5 0.6875 0.6875 0.25 0.25 0.25 0.625 0.625 0.8125 0.8125 0.8125 0.3125 0.3125 0.125 0.125 0.125 0 0 0.8125 0.8125 0.8125 0.9375 0.9375 0.25 0.25 0.25 0.375 0.375 0.1875 0.1875 0.1875 0.125 0.125 0.125 0.125 0.125 1.0625 1.0625 1.8125 1.8125 1.8125 1.125 1.125 1.0625 1.0625 1.0625 2.25 2.25 2.9375 2.9375 2.9375 2.25 2.25 1.5 1.5 1.5 1 1 1 1 1 1.5 1.5 2 2 2 1.9375 1.9375 2.5 2.5 2.5 4 4 4.125 4.125 4.125 2.1875 2.1875 1.0625 1.0625 1.0625 1.1875 1.1875 2.75 2.75 2.75 2.125 2.125 0.5 0.5 0.5 0.3125 0.3125 0.5625 0.5625 0.5625 1.1875 1.1875 1.25 1.25 1.25 1.875 1.875 4.25 4.25 4.25 10.3125 10.3125 15.375 15.375 15.375 19.5 19.5 24.6875 24.6875 24.6875 26.75 26.75 19.875 19.875 19.875 18.1875 18.1875 16.5 16.5 16.5 9.9375 9.9375 12.25 12.25 12.25 12.375 12.375 7.625 7.625 7.625 5.5 5.5 4.6875 4.6875 4.6875 3.0625 3.0625 2.5 2.5
 0 0 0 0 0 0 0 0 0 0 0 0 0 0 0 0.1875 0.1875 0.125 0.125 0.125 0.0625 0.0625 0.5 0.5 0.5 0.6875 0.6875 0.25 0.25 0.25 0.625 0.625 0.8125 0.8125 0.8125 0.3125 0.3125 0.125 0.125 0.125 0 0 0.8125 0.8125 0.8125 0.9375 0.9375 0.25 0.25 0.25 0.375 0.375 0.1875 0.1875 0.1875 0.125 0.125 0.125 0.125 0.125 1.0625 1.0625 1.8125 1.8125 1.8125 1.125 1.125 1.0625 1.0625 1.0625 2.25 2.25 2.9375 2.9375 2.9375 2.25 2.25 1.5 1.5 1.5 1 1 1 1 1 1.5 1.5 2 2 2 1.9375 1.9375 2.5 2.5 2.5 4 4 4.125 4.125 4.125 2.1875 2.1875 1.0625 1.0625 1.0625 1.1875 1.1875 2.75 2.75 2.75 2.125 2.125 0.5 0.5 0.5 0.3125 0.3125 0.5625 0.5625 0.5625 1.1875 1.1875 1.25 1.25 1.25 1.875 1.875 4.25 4.25 4.25 10.3125 10.3125 15.375 15.375 15.375 19.5 19.5 24.6875 24.6875 24.6875 26.75 26.75 19.875 19.875 19.875 18.1875 18.1875 16.5 16.5 16.5 9.9375 9.9375 12.25 12.25 12.25 12.375 12.375 7.625 7.625 7.625 5.5 5.5 4.6875 4.6875 4.6875 3.0625 3.0625 2.5 2.5
 0 0 0 0 0 0 0 0 0 0 0 0 0.0625 0.0625 0.0625 0.3125 0.3125 0.25 0.25 0.25 0.1875 0.1875 0.875 0.875 0.875 2.125 2.125 0.625 0.625 0.625 0.4375 0.4375 0.25 0.25 0.25 0.6875 0.6875 1.125 1.125 1.125 0.25 0.25 1.0625 1.0625 1.0625 0.75 0.75 0.5 0.5 0.5 1.25 1.25 0.4375 0.4375 0.4375 0 0 0.0625 0.0625 0.0625 0.8125 0.8125 1.1875 1.1875 1.1875 1.3125 1.3125 1.75 1.75 1.75 2.5 2.5 2.0625 2.0625 2.0625 1.4375 1.4375 1.0625 1.0625 1.0625 0.625 0.625 1.125 1.125 1.125 1.25 1.25 1.4375 1.4375 1.4375 1.125 1.125 2.3125 2.3125 2.3125 2.4375 2.4375 2.1875 2.1875 2.1875 1.4375 1.4375 0.9375 0.9375 0.9375 1.5 1.5 2.6875 2.6875 2.6875 1.375 1.375 0.1875 0.1875 0.1875 0.125 0.125 0.125 0.125 0.125 0.25 0.25 0.5625 0.5625 0.5625 1.375 1.375 2.75 2.75 2.75 7.75 7.75 10.6875 10.6875 10.6875 9.625 9.625 10.625 10.625 10.625 13.25 13.25 10.8125 10.8125 10.8125 13.1875 13.1875 12.3125 12.3125 12.3125 3.75 3.75 4.75 4.75 4.75 10.1875 10.1875 11 11 11 7 7 4.625 4.625 4.625 3.25 3.25 2.0625 2.0625
 0 0 0 0 0 0 0 0 0 0 0 0 0.0625 0.0625 0.0625 0.3125 0.3125 0.25 0.25 0.25 0.1875 0.1875 0.875 0.875 0.875 2.125 2.125 0.625 0.625 0.625 0.4375 0.4375 0.25 0.25 0.25 0.6875 0.6875 1.125 1.125 1.125 0.25 0.25 1.0625 1.0625 1.0625 0.75 0.75 0.5 0.5 0.5 1.25 1.25 0.4375 0.4375 0.4375 0 0 0.0625 0.0625 0.0625 0.8125 0.8125 1.1875 1.1875 1.1875 1.3125 1.3125 1.75 1.75 1.75 2.5 2.5 2.0625 2.0625 2.0625 1.4375 1.4375 1.0625 1.0625 1.0625 0.625 0.625 1.125 1.125 1.125 1.25 1.25 1.4375 1.4375 1.4375 1.125 1.125 2.3125 2.3125 2.3125 2.4375 2.4375 2.1875 2.1875 2.1875 1.4375 1.4375 0.9375 0.9375 0.9375 1.5 1.5 2.6875 2.6875 2.6875 1.375 1.375 0.1875 0.1875 0.1875 0.125 0.125 0.125 0.125 0.125 0.25 0.25 0.5625 0.5625 0.5625 1.375 1.375 2.75 2.75 2.75 7.75 7.75 10.6875 10.6875 10.6875 9.625 9.625 10.625 10.625 10.625 13.25 13.25 10.8125 10.8125 10.8125 13.1875 13.1875 12.3125 12.3125 12.3125 3.75 3.75 4.75 4.75 4.75 10.1875 10.1875 11 11 11 7 7 4.625 4.625 4.625 3.25 3.25 2.0625 2.0625
 0 0 0 0 0 0 0 0 0 0 0 0 0.0625 0.0625 0.0625 0.3125 0.3125 0.25 0.25 0.25 0.1875 0.1875 0.875 0.875 0.875 2.125 2.125 0.625 0.625 0.625 0.4375 0.4375 0.25 0.25 0.25 0.6875 0.6875 1.125 1.125 1.125 0.25 0.25 1.0625 1.0625 1.0625 0.75 0.75 0.5 0.5 0.5 1.25 1.25 0.4375 0.4375 0.4375 0 0 0.0625 0.0625 0.0625 0.8125 0.8125 1.1875 1.1875 1.1875 1.3125 1.3125 1.75 1.75 1.75 2.5 2.5 2.0625 2.0625 2.0625 1.4375 1.4375 1.0625 1.0625 1.0625 0.625 0.625 1.125 1.125 1.125 1.25 1.25 1.4375 1.4375 1.4375 1.125 1.125 2.3125 2.3125 2.3125 2.4375 2.4375 2.1875 2.1875 2.1875 1.4375 1.4375 0.9375 0.9375 0.9375 1.5 1.5 2.6875 2.6875 2.6875 1.375 1.375 0.1875 0.1875 0.1875 0.125 0.125 0.125 0.125 0.125 0.25 0.25 0.5625 0.5625 0.5625 1.375 1.375 2.75 2.75 2.75 7.75 7.75 10.6875 10.6875 10.6875 9.625 9.625 10.625 10.625 10.625 13.25 13.25 10.8125 10.8125 10.8125 13.1875 13.1875 12.3125 12.3125 12.3125 3.75 3.75 4.75 4.75 4.75 10.1875 10.1875 11 11 11 7 7 4.625 4.625 4.625 3.25 3.25 2.0625 2.0625
 0 0 0 0 0 0 0 0 0 0 0 0 0 0 0 0.0625 0.0625 0.0625 0.0625 0.0625 0.4375 0.4375 0.875 0.875 0.875 1.3125 1.3125 0.3125 0.3125 0.3125 0.125 0.125 0.5 0.5 0.5 1.9375 1.9375 2.375 2.375 2.375 0.875 0.875 0.9375 0.9375 0.9375 0.4375 0.4375 1.5 1.5 1.5 2.125 2.125 0.4375 0.4375 0.4375 0.0625 0.0625 0.25 0.25 0.25 0.625 0.625 1.125 1.125 1.125 0.8125 0.8125 0.75 0.75 0.75 0.8125 0.8125 0.9375 0.9375 0.9375 1.25 1.25 0.875 0.875 0.875 0.625 0.625 0.75 0.75 0.75 1.1875 1.1875 1.4375 1.4375 1.4375 0.9375 0.9375 2.1875 2.1875 2.1875 1.75 1.75 1.0625 1.0625 1.0625 1 1 0.75 0.75 0.75 1.6875 1.6875 1.75 1.75 1.75 0.75 0.75 0.125 0.125 0.125 0.0625 0.0625 0.0625 0.0625 0.0625 0.0625 0.0625 0.4375 0.4375 0.4375 1.3125 1.3125 2.875 2.875 2.875 4.8125 4.8125 5.8125 5.8125 5.8125 4.75 4.75 3.5 3.5 3.5 3.75 3.75 3.9375 3.9375 3.9375 9.5625 9.5625 14.375 14.375 14.375 4.125 4.125 3.75 3.75 3.75 8.9375 8.9375 13.5625 13.5625 13.5625 10.1875 10.1875 7.5625 7.5625 7.5625 5.0625 5.0625 2.5625 2.5625
 0 0 0 0 0 0 0 0 0 0 0 0 0 0 0 0.0625 0.0625 0.0625 0.0625 0.0625 0.4375 0.4375 0.875 0.875 0.875 1.3125 1.3125 0.3125 0.3125 0.3125 0.125 0.125 0.5 0.5 0.5 1.9375 1.9375 2.375 2.375 2.375 0.875 0.875 0.9375 0.9375 0.9375 0.4375 0.4375 1.5 1.5 1.5 2.125 2.125 0.4375 0.4375 0.4375 0.0625 0.0625 0.25 0.25 0.25 0.625 0.625 1.125 1.125 1.125 0.8125 0.8125 0.75 0.75 0.75 0.8125 0.8125 0.9375 0.9375 0.9375 1.25 1.25 0.875 0.875 0.875 0.625 0.625 0.75 0.75 0.75 1.1875 1.1875 1.4375 1.4375 1.4375 0.9375 0.9375 2.1875 2.1875 2.1875 1.75 1.75 1.0625 1.0625 1.0625 1 1 0.75 0.75 0.75 1.6875 1.6875 1.75 1.75 1.75 0.75 0.75 0.125 0.125 0.125 0.0625 0.0625 0.0625 0.0625 0.0625 0.0625 0.0625 0.4375 0.4375 0.4375 1.3125 1.3125 2.875 2.875 2.875 4.8125 4.8125 5.8125 5.8125 5.8125 4.75 4.75 3.5 3.5 3.5 3.75 3.75 3.9375 3.9375 3.9375 9.5625 9.5625 14.375 14.375 14.375 4.125 4.125 3.75 3.75 3.75 8.9375 8.9375 13.5625 13.5625 13.5625 10.1875 10.1875 7.5625 7.5625 7.5625 5.0625 5.0625 2.5625 2.5625
 0 0 0 0 0 0 0 0 0 0 0 0 0 0 0 0 0 0 0 0 0.1875 0.1875 0.375 0.375 0.375 0.8125 0.8125 0.1875 0.1875 0.1875 0.25 0.25 0.875 0.875 0.875 1.75 1.75 0.9375 0.9375 0.9375 0.625 0.625 0.3125 0.3125 0.3125 0.75 0.75 2.125 2.125 2.125 1.1875 1.1875 0.125 0.125 0.125 0.1875 0.1875 0.6875 0.6875 0.6875 0.9375 0.9375 0.625 0.625 0.625 0.25 0.25 0.25 0.25 0.25 0.3125 0.3125 0.5 0.5 0.5 0.625 0.625 0.9375 0.9375 0.9375 0.6875 0.6875 0.4375 0.4375 0.4375 0.625 0.625 0.9375 0.9375 0.9375 1.0625 1.0625 1.5625 1.5625 1.5625 1.0625 1.0625 0.75 0.75 0.75 0.875 0.875 0.8125 0.8125 0.8125 1.375 1.375 0.9375 0.9375 0.9375 0.5 0.5 0.125 0.125 0.125 0 0 0 0 0 0.125 0.125 0.625 0.625 0.625 1.75 1.75 3.5 3.5 3.5 3.5625 3.5625 3.625 3.625 3.625 2.75 2.75 1.4375 1.4375 1.4375 1.4375 1.4375 1.375 1.375 1.375 4.5625 4.5625 8.375 8.375 8.375 3.25 3.25 1.0625 1.0625 1.0625 4.8125 4.8125 10.3125 10.3125 10.3125 10 10 10.125 10.125 10.125 6.75 6.75 5.25 5.25
 0 0 0 0 0 0 0 0 0 0 0 0 0 0 0 0 0 0 0 0 0.1875 0.1875 0.375 0.375 0.375 0.8125 0.8125 0.1875 0.1875 0.1875 0.25 0.25 0.875 0.875 0.875 1.75 1.75 0.9375 0.9375 0.9375 0.625 0.625 0.3125 0.3125 0.3125 0.75 0.75 2.125 2.125 2.125 1.1875 1.1875 0.125 0.125 0.125 0.1875 0.1875 0.6875 0.6875 0.6875 0.9375 0.9375 0.625 0.625 0.625 0.25 0.25 0.25 0.25 0.25 0.3125 0.3125 0.5 0.5 0.5 0.625 0.625 0.9375 0.9375 0.9375 0.6875 0.6875 0.4375 0.4375 0.4375 0.625 0.625 0.9375 0.9375 0.9375 1.0625 1.0625 1.5625 1.5625 1.5625 1.0625 1.0625 0.75 0.75 0.75 0.875 0.875 0.8125 0.8125 0.8125 1.375 1.375 0.9375 0.9375 0.9375 0.5 0.5 0.125 0.125 0.125 0 0 0 0 0 0.125 0.125 0.625 0.625 0.625 1.75 1.75 3.5 3.5 3.5 3.5625 3.5625 3.625 3.625 3.625 2.75 2.75 1.4375 1.4375 1.4375 1.4375 1.4375 1.375 1.375 1.375 4.5625 4.5625 8.375 8.375 8.375 3.25 3.25 1.0625 1.0625 1.0625 4.8125 4.8125 10.3125 10.3125 10.3125 10 10 10.125 10.125 10.125 6.75 6.75 5.25 5.25
 0 0 0 0 0 0 0 0 0 0 0 0 0 0 0 0 0 0 0 0 0.1875 0.1875 0.375 0.375 0.375 0.8125 0.8125 0.1875 0.1875 0.1875 0.25 0.25 0.875 0.875 0.875 1.75 1.75 0.9375 0.9375 0.9375 0.625 0.625 0.3125 0.3125 0.3125 0.75 0.75 2.125 2.125 2.125 1.1875 1.1875 0.125 0.125 0.125 0.1875 0.1875 0.6875 0.6875 0.6875 0.9375 0.9375 0.625 0.625 0.625 0.25 0.25 0.25 0.25 0.25 0.3125 0.3125 0.5 0.5 0.5 0.625 0.625 0.9375 0.9375 0.9375 0.6875 0.6875 0.4375 0.4375 0.4375 0.625 0.625 0.9375 0.9375 0.9375 1.0625 1.0625 1.5625 1.5625 1.5625 1.0625 1.0625 0.75 0.75 0.75 0.875 0.875 0.8125 0.8125 0.8125 1.375 1.375 0.9375 0.9375 0.9375 0.5 0.5 0.125 0.125 0.125 0 0 0 0 0 0.125 0.125 0.625 0.625 0.625 1.75 1.75 3.5 3.5 3.5 3.5625 3.5625 3.625 3.625 3.625 2.75 2.75 1.4375 1.4375 1.4375 1.4375 1.4375 1.375 1.375 1.375 4.5625 4.5625 8.375 8.375 8.375 3.25 3.25 1.0625 1.0625 1.0625 4.8125 4.8125 10.3125 10.3125 10.3125 10 10 10.125 10.125 10.125 6.75 6.75 5.25 5.25
 0 0 0 0 0 0 0 0 0 0 0 0 0 0 0 0 0 0 0 0 0.0625 0.0625 0.25 0.25 0.25 0.3125 0.3125 0.3125 0.3125 0.3125 0.375 0.375 0.8125 0.8125 0.8125 0.5625 0.5625 0.25 0.25 0.25 0.625 0.625 0.4375 0.4375 0.4375 0.8125 0.8125 0.5625 0.5625 0.5625 0.25 0.25 0.25 0.25 0.25 0.3125 0.3125 0.6875 0.6875 0.6875 0.375 0.375 0.1875 0.1875 0.1875 0.125 0.125 0.0625 0.0625 0.0625 0.0625 0.0625 0.125 0.125 0.125 0.3125 0.3125 0.5625 0.5625 0.5625 0.5 0.5 0.5 0.5 0.5 0.5 0.5 0.5 0.5 0.5 0.6875 0.6875 0.5625 0.5625 0.5625 0.3125 0.3125 0.5 0.5 0.5 0.625 0.625 0.6875 0.6875 0.6875 0.75 0.75 0.3125 0.3125 0.3125 0.1875 0.1875 0.0625 0.0625 0.0625 0 0 0 0 0 0.1875 0.1875 0.8125 0.8125 0.8125 2.125 2.125 3.5 3.5 3.5 3.375 3.375 4.0625 4.0625 4.0625 2.75 2.75 1.125 1.125 1.125 1.125 1.125 0.5625 0.5625 0.5625 0.5625 0.5625 1.375 1.375 1.375 1.4375 1.4375 1 1 1 3.0625 3.0625 7.1875 7.1875 7.1875 9.375 9.375 12.3125 12.3125 12.3125 10.8125 10.8125 8.9375 8.9375
 0 0 0 0 0 0 0 0 0 0 0 0 0 0 0 0 0 0 0 0 0.0625 0.0625 0.25 0.25 0.25 0.3125 0.3125 0.3125 0.3125 0.3125 0.375 0.375 0.8125 0.8125 0.8125 0.5625 0.5625 0.25 0.25 0.25 0.625 0.625 0.4375 0.4375 0.4375 0.8125 0.8125 0.5625 0.5625 0.5625 0.25 0.25 0.25 0.25 0.25 0.3125 0.3125 0.6875 0.6875 0.6875 0.375 0.375 0.1875 0.1875 0.1875 0.125 0.125 0.0625 0.0625 0.0625 0.0625 0.0625 0.125 0.125 0.125 0.3125 0.3125 0.5625 0.5625 0.5625 0.5 0.5 0.5 0.5 0.5 0.5 0.5 0.5 0.5 0.5 0.6875 0.6875 0.5625 0.5625 0.5625 0.3125 0.3125 0.5 0.5 0.5 0.625 0.625 0.6875 0.6875 0.6875 0.75 0.75 0.3125 0.3125 0.3125 0.1875 0.1875 0.0625 0.0625 0.0625 0 0 0 0 0 0.1875 0.1875 0.8125 0.8125 0.8125 2.125 2.125 3.5 3.5 3.5 3.375 3.375 4.0625 4.0625 4.0625 2.75 2.75 1.125 1.125 1.125 1.125 1.125 0.5625 0.5625 0.5625 0.5625 0.5625 1.375 1.375 1.375 1.4375 1.4375 1 1 1 3.0625 3.0625 7.1875 7.1875 7.1875 9.375 9.375 12.3125 12.3125 12.3125 10.8125 10.8125 8.9375 8.9375
 0 0 0 0 0 0 0 0 0 0 0 0 0 0 0 0 0 0 0 0 0 0 0 0 0 0.0625 0.0625 0 0 0 0.0625 0.0625 0.125 0.125 0.125 0 0 0 0 0 0.0625 0.0625 0.5625 0.5625 0.5625 0.875 0.875 0.625 0.625 0.625 0.8125 0.8125 0.625 0.625 0.625 0.375 0.375 0.1875 0.1875 0.1875 0.1875 0.1875 0.1875 0.1875 0.1875 0.0625 0.0625 0.0625 0.0625 0.0625 0.0625 0.0625 0.125 0.125 0.125 0.375 0.375 0.5 0.5 0.5 0.375 0.375 0.3125 0.3125 0.3125 0.25 0.25 0.125 0.125 0.125 0.125 0.125 0 0 0 0.0625 0.0625 0.125 0.125 0.125 0.25 0.25 0.25 0.25 0.25 0.1875 0.1875 0.125 0.125 0.125 0 0 0 0 0 0 0 0 0 0 0.25 0.25 1 1 1 2.25 2.25 3.875 3.875 3.875 4.1875 4.1875 4.5 4.5 4.5 2.875 2.875 1.1875 1.1875 1.1875 0.6875 0.6875 0.25 0.25 0.25 0.0625 0.0625 0.125 0.125 0.125 0.25 0.25 0.4375 0.4375 0.4375 1.4375 1.4375 5.8125 5.8125 5.8125 10.875 10.875 10.9375 10.9375 10.9375 14 14 11.6875 11.6875
 0 0 0 0 0 0 0 0 0 0 0 0 0 0 0 0 0 0 0 0 0 0 0 0 0 0.0625 0.0625 0 0 0 0.0625 0.0625 0.125 0.125 0.125 0 0 0 0 0 0.0625 0.0625 0.5625 0.5625 0.5625 0.875 0.875 0.625 0.625 0.625 0.8125 0.8125 0.625 0.625 0.625 0.375 0.375 0.1875 0.1875 0.1875 0.1875 0.1875 0.1875 0.1875 0.1875 0.0625 0.0625 0.0625 0.0625 0.0625 0.0625 0.0625 0.125 0.125 0.125 0.375 0.375 0.5 0.5 0.5 0.375 0.375 0.3125 0.3125 0.3125 0.25 0.25 0.125 0.125 0.125 0.125 0.125 0 0 0 0.0625 0.0625 0.125 0.125 0.125 0.25 0.25 0.25 0.25 0.25 0.1875 0.1875 0.125 0.125 0.125 0 0 0 0 0 0 0 0 0 0 0.25 0.25 1 1 1 2.25 2.25 3.875 3.875 3.875 4.1875 4.1875 4.5 4.5 4.5 2.875 2.875 1.1875 1.1875 1.1875 0.6875 0.6875 0.25 0.25 0.25 0.0625 0.0625 0.125 0.125 0.125 0.25 0.25 0.4375 0.4375 0.4375 1.4375 1.4375 5.8125 5.8125 5.8125 10.875 10.875 10.9375 10.9375 10.9375 14 14 11.6875 11.6875
 0 0 0 0 0 0 0 0 0 0 0 0 0 0 0 0 0 0 0 0 0 0 0 0 0 0.0625 0.0625 0 0 0 0.0625 0.0625 0.125 0.125 0.125 0 0 0 0 0 0.0625 0.0625 0.5625 0.5625 0.5625 0.875 0.875 0.625 0.625 0.625 0.8125 0.8125 0.625 0.625 0.625 0.375 0.375 0.1875 0.1875 0.1875 0.1875 0.1875 0.1875 0.1875 0.1875 0.0625 0.0625 0.0625 0.0625 0.0625 0.0625 0.0625 0.125 0.125 0.125 0.375 0.375 0.5 0.5 0.5 0.375 0.375 0.3125 0.3125 0.3125 0.25 0.25 0.125 0.125 0.125 0.125 0.125 0 0 0 0.0625 0.0625 0.125 0.125 0.125 0.25 0.25 0.25 0.25 0.25 0.1875 0.1875 0.125 0.125 0.125 0 0 0 0 0 0 0 0 0 0 0.25 0.25 1 1 1 2.25 2.25 3.875 3.875 3.875 4.1875 4.1875 4.5 4.5 4.5 2.875 2.875 1.1875 1.1875 1.1875 0.6875 0.6875 0.25 0.25 0.25 0.0625 0.0625 0.125 0.125 0.125 0.25 0.25 0.4375 0.4375 0.4375 1.4375 1.4375 5.8125 5.8125 5.8125 10.875 10.875 10.9375 10.9375 10.9375 14 14 11.6875 11.6875
 0 0 0 0 0 0 0 0 0 0 0 0 0 0 0 0 0 0 0 0 0 0 0 0 0 0 0 0 0 0 0 0 0 0 0 0 0 0 0 0 0 0 0.0625 0.0625 0.0625 0.25 0.25 0.25 0.25 0.25 0.3125 0.3125 0.25 0.25 0.25 0.25 0.25 0.1875 0.1875 0.1875 0.25 0.25 0.1875 0.1875 0.1875 0.0625 0.0625 0.0625 0.0625 0.0625 0.0625 0.0625 0.0625 0.0625 0.0625 0.1875 0.1875 0.5 0.5 0.5 0.75 0.75 0.4375 0.4375 0.4375 0.1875 0.1875 0.0625 0.0625 0.0625 0 0 0 0 0 0 0 0.0625 0.0625 0.0625 0.0625 0.0625 0 0 0 0.0625 0.0625 0.0625 0.0625 0.0625 0 0 0 0 0 0 0 0.0625 0.0625 0.0625 0.625 0.625 1.5 1.5 1.5 2.5625 2.5625 4 4 4 4.25 4.25 4.25 4.25 4.25 2.875 2.875 1.5 1.5 1.5 0.5625 0.5625 0.1875 0.1875 0.1875 0 0 0 0 0 0 0 0 0 0 0 0 0.375 0.375 0.375 1.25 1.25 1.125 1.125 1.125 8.5625 8.5625 13.9375 13.9375
 0 0 0 0 0 0 0 0 0 0 0 0 0 0 0 0 0 0 0 0 0 0 0 0 0 0 0 0 0 0 0 0 0 0 0 0 0 0 0 0 0 0 0.0625 0.0625 0.0625 0.25 0.25 0.25 0.25 0.25 0.3125 0.3125 0.25 0.25 0.25 0.25 0.25 0.1875 0.1875 0.1875 0.25 0.25 0.1875 0.1875 0.1875 0.0625 0.0625 0.0625 0.0625 0.0625 0.0625 0.0625 0.0625 0.0625 0.0625 0.1875 0.1875 0.5 0.5 0.5 0.75 0.75 0.4375 0.4375 0.4375 0.1875 0.1875 0.0625 0.0625 0.0625 0 0 0 0 0 0 0 0.0625 0.0625 0.0625 0.0625 0.0625 0 0 0 0.0625 0.0625 0.0625 0.0625 0.0625 0 0 0 0 0 0 0 0.0625 0.0625 0.0625 0.625 0.625 1.5 1.5 1.5 2.5625 2.5625 4 4 4 4.25 4.25 4.25 4.25 4.25 2.875 2.875 1.5 1.5 1.5 0.5625 0.5625 0.1875 0.1875 0.1875 0 0 0 0 0 0 0 0 0 0 0 0 0.375 0.375 0.375 1.25 1.25 1.125 1.125 1.125 8.5625 8.5625 13.9375 13.9375
 0 0 0 0 0 0 0 0 0 0 0 0 0 0 0 0 0 0 0 0 0 0 0 0 0 0 0 0 0 0 0 0 0 0 0 0 0 0 0 0 0 0 0 0 0 0 0 0 0 0 0 0 0.0625 0.0625 0.0625 0.0625 0.0625 0.3125 0.3125 0.3125 0.625 0.625 0.25 0.25 0.25 0.25 0.25 0.1875 0.1875 0.1875 0.125 0.125 0.25 0.25 0.25 0.3125 0.3125 0.5 0.5 0.5 0.5625 0.5625 0.4375 0.4375 0.4375 0.25 0.25 0.25 0.25 0.25 0.125 0.125 0 0 0 0 0 0.0625 0.0625 0.0625 0 0 0 0 0 0.0625 0.0625 0.0625 0.0625 0.0625 0 0 0 0 0 0 0 0.125 0.125 0.125 0.8125 0.8125 1.625 1.625 1.625 2.6875 2.6875 3.6875 3.6875 3.6875 3.8125 3.8125 3.875 3.875 3.875 3 3 1.3125 1.3125 1.3125 0.375 0.375 0.125 0.125 0.125 0 0 0 0 0 0 0 0 0 0 0 0 0 0 0 0 0 0 0 0 2.4375 2.4375 9.625 9.625
 0 0 0 0 0 0 0 0 0 0 0 0 0 0 0 0 0 0 0 0 0 0 0 0 0 0 0 0 0 0 0 0 0 0 0 0 0 0 0 0 0 0 0 0 0 0 0 0 0 0 0 0 0.0625 0.0625 0.0625 0.0625 0.0625 0.3125 0.3125 0.3125 0.625 0.625 0.25 0.25 0.25 0.25 0.25 0.1875 0.1875 0.1875 0.125 0.125 0.25 0.25 0.25 0.3125 0.3125 0.5 0.5 0.5 0.5625 0.5625 0.4375 0.4375 0.4375 0.25 0.25 0.25 0.25 0.25 0.125 0.125 0 0 0 0 0 0.0625 0.0625 0.0625 0 0 0 0 0 0.0625 0.0625 0.0625 0.0625 0.0625 0 0 0 0 0 0 0 0.125 0.125 0.125 0.8125 0.8125 1.625 1.625 1.625 2.6875 2.6875 3.6875 3.6875 3.6875 3.8125 3.8125 3.875 3.875 3.875 3 3 1.3125 1.3125 1.3125 0.375 0.375 0.125 0.125 0.125 0 0 0 0 0 0 0 0 0 0 0 0 0 0 0 0 0 0 0 0 2.4375 2.4375 9.625 9.625
 0 0 0 0 0 0 0 0 0 0 0 0 0 0 0 0 0 0 0 0 0 0 0 0 0 0 0 0 0 0 0 0 0 0 0 0 0 0 0 0 0 0 0 0 0 0 0 0 0 0 0 0 0.0625 0.0625 0.0625 0.0625 0.0625 0.3125 0.3125 0.3125 0.625 0.625 0.25 0.25 0.25 0.25 0.25 0.1875 0.1875 0.1875 0.125 0.125 0.25 0.25 0.25 0.3125 0.3125 0.5 0.5 0.5 0.5625 0.5625 0.4375 0.4375 0.4375 0.25 0.25 0.25 0.25 0.25 0.125 0.125 0 0 0 0 0 0.0625 0.0625 0.0625 0 0 0 0 0 0.0625 0.0625 0.0625 0.0625 0.0625 0 0 0 0 0 0 0 0.125 0.125 0.125 0.8125 0.8125 1.625 1.625 1.625 2.6875 2.6875 3.6875 3.6875 3.6875 3.8125 3.8125 3.875 3.875 3.875 3 3 1.3125 1.3125 1.3125 0.375 0.375 0.125 0.125 0.125 0 0 0 0 0 0 0 0 0 0 0 0 0 0 0 0 0 0 0 0 2.4375 2.4375 9.625 9.625
 0 0 0 0 0 0 0 0 0 0 0 0 0 0 0 0 0 0 0 0 0 0 0 0 0 0 0 0 0 0 0 0 0 0 0 0 0 0 0 0 0 0 0 0 0 0 0 0 0 0 0 0 0 0 0 0.125 0.125 1 1 1 1.5625 1.5625 1.375 1.375 1.375 1.3125 1.3125 0.6875 0.6875 0.6875 0.25 0.25 0.4375 0.4375 0.4375 0.8125 0.8125 0.6875 0.6875 0.6875 0.5 0.5 0.4375 0.4375 0.4375 0.5625 0.5625 0.9375 0.9375 0.9375 0.5625 0.5625 0 0 0 0 0 0 0 0 0 0 0 0 0 0 0 0 0 0 0 0 0 0 0 0 0 0.1875 0.1875 0.1875 0.8125 0.8125 1.6875 1.6875 1.6875 3.125 3.125 4.0625 4.0625 4.0625 4 4 4.3125 4.3125 4.3125 2.5 2.5 0.75 0.75 0.75 0.1875 0.1875 0 0 0 0 0 0 0 0 0 0 0 0 0 0 0 0 0 0 0 0 0 0 0 0.125 0.125 0.8125 0.8125
 0 0 0 0 0 0 0 0 0 0 0 0 0 0 0 0 0 0 0 0 0 0 0 0 0 0 0 0 0 0 0 0 0 0 0 0 0 0 0 0 0 0 0 0 0 0 0 0 0 0 0 0 0 0 0 0.125 0.125 1 1 1 1.5625 1.5625 1.375 1.375 1.375 1.3125 1.3125 0.6875 0.6875 0.6875 0.25 0.25 0.4375 0.4375 0.4375 0.8125 0.8125 0.6875 0.6875 0.6875 0.5 0.5 0.4375 0.4375 0.4375 0.5625 0.5625 0.9375 0.9375 0.9375 0.5625 0.5625 0 0 0 0 0 0 0 0 0 0 0 0 0 0 0 0 0 0 0 0 0 0 0 0 0 0.1875 0.1875 0.1875 0.8125 0.8125 1.6875 1.6875 1.6875 3.125 3.125 4.0625 4.0625 4.0625 4 4 4.3125 4.3125 4.3125 2.5 2.5 0.75 0.75 0.75 0.1875 0.1875 0 0 0 0 0 0 0 0 0 0 0 0 0 0 0 0 0 0 0 0 0 0 0 0.125 0.125 0.8125 0.8125
 0 0 0 0 0 0 0 0 0 0 0 0 0 0 0 0 0 0 0 0 0 0 0 0 0 0 0 0 0 0 0 0 0 0 0 0 0 0 0 0 0 0 0 0 0 0 0 0 0 0 0 0 0.0625 0.0625 0.0625 0.5625 0.5625 1.5 1.5 1.5 2.375 2.375 2.9375 2.9375 2.9375 2.3125 2.3125 1.0625 1.0625 1.0625 0.3125 0.3125 0.625 0.625 0.625 0.875 0.875 0.8125 0.8125 0.8125 0.75 0.75 0.4375 0.4375 0.4375 0.6875 0.6875 0.9375 0.9375 0.9375 0.5 0.5 0.0625 0.0625 0.0625 0 0 0 0 0 0 0 0 0 0 0 0 0 0 0 0 0 0 0 0 0.0625 0.0625 0.375 0.375 0.375 1.25 1.25 2.8125 2.8125 2.8125 4.4375 4.4375 4.75 4.75 4.75 4.5625 4.5625 4.125 4.125 4.125 1.625 1.625 0.5 0.5 0.5 0.0625 0.0625 0 0 0 0 0 0 0 0 0 0 0 0 0 0 0 0 0 0 0 0 0 0 0 0 0 0 0
 0 0 0 0 0 0 0 0 0 0 0 0 0 0 0 0 0 0 0 0 0 0 0 0 0 0 0 0 0 0 0 0 0 0 0 0 0 0 0 0 0 0 0 0 0 0 0 0 0 0 0 0 0.0625 0.0625 0.0625 0.5625 0.5625 1.5 1.5 1.5 2.375 2.375 2.9375 2.9375 2.9375 2.3125 2.3125 1.0625 1.0625 1.0625 0.3125 0.3125 0.625 0.625 0.625 0.875 0.875 0.8125 0.8125 0.8125 0.75 0.75 0.4375 0.4375 0.4375 0.6875 0.6875 0.9375 0.9375 0.9375 0.5 0.5 0.0625 0.0625 0.0625 0 0 0 0 0 0 0 0 0 0 0 0 0 0 0 0 0 0 0 0 0.0625 0.0625 0.375 0.375 0.375 1.25 1.25 2.8125 2.8125 2.8125 4.4375 4.4375 4.75 4.75 4.75 4.5625 4.5625 4.125 4.125 4.125 1.625 1.625 0.5 0.5 0.5 0.0625 0.0625 0 0 0 0 0 0 0 0 0 0 0 0 0 0 0 0 0 0 0 0 0 0 0 0 0 0 0
 0 0 0 0 0 0 0 0 0 0 0 0 0 0 0 0 0 0 0 0 0 0 0 0 0 0 0 0 0 0 0 0 0 0 0 0 0 0 0 0 0 0 0 0 0 0 0 0 0 0 0 0 0.0625 0.0625 0.0625 0.5625 0.5625 1.5 1.5 1.5 2.375 2.375 2.9375 2.9375 2.9375 2.3125 2.3125 1.0625 1.0625 1.0625 0.3125 0.3125 0.625 0.625 0.625 0.875 0.875 0.8125 0.8125 0.8125 0.75 0.75 0.4375 0.4375 0.4375 0.6875 0.6875 0.9375 0.9375 0.9375 0.5 0.5 0.0625 0.0625 0.0625 0 0 0 0 0 0 0 0 0 0 0 0 0 0 0 0 0 0 0 0 0.0625 0.0625 0.375 0.375 0.375 1.25 1.25 2.8125 2.8125 2.8125 4.4375 4.4375 4.75 4.75 4.75 4.5625 4.5625 4.125 4.125 4.125 1.625 1.625 0.5 0.5 0.5 0.0625 0.0625 0 0 0 0 0 0 0 0 0 0 0 0 0 0 0 0 0 0 0 0 0 0 0 0 0 0 0
 0 0 0 0 0 0 0 0 0 0 0 0 0 0 0 0 0 0 0 0 0 0 0 0 0 0 0 0 0 0 0 0 0 0 0 0 0 0 0 0 0 0 0 0 0 0 0 0 0 0 0 0 0.0625 0.0625 0.0625 0.9375 0.9375 1.4375 1.4375 1.4375 1.125 1.125 1.1875 1.1875 1.1875 1 1 0.375 0.375 0.375 0.125 0.125 0.4375 0.4375 0.4375 0.625 0.625 0.6875 0.6875 0.6875 0.5625 0.5625 0.1875 0.1875 0.1875 0.3125 0.3125 0.5 0.5 0.5 0.4375 0.4375 0.0625 0.0625 0.0625 0 0 0 0 0 0 0 0 0 0 0 0 0 0 0 0 0 0 0 0 0.3125 0.3125 1.3125 1.3125 1.3125 2.875 2.875 4.3125 4.3125 4.3125 4.875 4.875 4.5625 4.5625 4.5625 4.5 4.5 3 3 3 1.25 1.25 0.1875 0.1875 0.1875 0 0 0 0 0 0 0 0 0 0 0 0 0 0 0 0 0 0 0 0 0 0 0 0 0 0 0 0 0
 0 0 0 0 0 0 0 0 0 0 0 0 0 0 0 0 0 0 0 0 0 0 0 0 0 0 0 0 0 0 0 0 0 0 0 0 0 0 0 0 0 0 0 0 0 0 0 0 0 0 0 0 0.0625 0.0625 0.0625 0.9375 0.9375 1.4375 1.4375 1.4375 1.125 1.125 1.1875 1.1875 1.1875 1 1 0.375 0.375 0.375 0.125 0.125 0.4375 0.4375 0.4375 0.625 0.625 0.6875 0.6875 0.6875 0.5625 0.5625 0.1875 0.1875 0.1875 0.3125 0.3125 0.5 0.5 0.5 0.4375 0.4375 0.0625 0.0625 0.0625 0 0 0 0 0 0 0 0 0 0 0 0 0 0 0 0 0 0 0 0 0.3125 0.3125 1.3125 1.3125 1.3125 2.875 2.875 4.3125 4.3125 4.3125 4.875 4.875 4.5625 4.5625 4.5625 4.5 4.5 3 3 3 1.25 1.25 0.1875 0.1875 0.1875 0 0 0 0 0 0 0 0 0 0 0 0 0 0 0 0 0 0 0 0 0 0 0 0 0 0 0 0 0
 0 0 0 0 0 0 0 0 0 0 0 0 0 0 0 0 0 0 0 0 0 0 0 0 0 0 0 0 0 0 0 0 0 0 0 0 0 0 0 0 0 0 0 0 0 0 0 0 0 0 0 0 0.25 0.25 0.25 1.8125 1.8125 2 2 2 1.375 1.375 1.0625 1.0625 1.0625 0.6875 0.6875 0.25 0.25 0.25 0.0625 0.0625 0.0625 0.0625 0.0625 0.0625 0.0625 0.125 0.125 0.125 0.125 0.125 0.125 0.125 0.125 0.125 0.125 0.1875 0.1875 0.1875 0.125 0.125 0 0 0 0 0 0 0 0 0 0 0 0 0 0.0625 0.0625 0 0 0 0.0625 0.0625 0.3125 0.3125 0.3125 1.3125 1.3125 3.25 3.25 3.25 4.6875 4.6875 4.75 4.75 4.75 4.25 4.25 4.1875 4.1875 4.1875 3.6875 3.6875 2.125 2.125 2.125 0.875 0.875 0.0625 0.0625 0.0625 0 0 0 0 0 0 0 0 0 0 0 0 0 0 0 0.0625 0.0625 0 0 0 0 0 0 0 0 0 0 0 0
 0 0 0 0 0 0 0 0 0 0 0 0 0 0 0 0 0 0 0 0 0 0 0 0 0 0 0 0 0 0 0 0 0 0 0 0 0 0 0 0 0 0 0 0 0 0 0 0 0 0 0 0 0.25 0.25 0.25 1.8125 1.8125 2 2 2 1.375 1.375 1.0625 1.0625 1.0625 0.6875 0.6875 0.25 0.25 0.25 0.0625 0.0625 0.0625 0.0625 0.0625 0.0625 0.0625 0.125 0.125 0.125 0.125 0.125 0.125 0.125 0.125 0.125 0.125 0.1875 0.1875 0.1875 0.125 0.125 0 0 0 0 0 0 0 0 0 0 0 0 0 0.0625 0.0625 0 0 0 0.0625 0.0625 0.3125 0.3125 0.3125 1.3125 1.3125 3.25 3.25 3.25 4.6875 4.6875 4.75 4.75 4.75 4.25 4.25 4.1875 4.1875 4.1875 3.6875 3.6875 2.125 2.125 2.125 0.875 0.875 0.0625 0.0625 0.0625 0 0 0 0 0 0 0 0 0 0 0 0 0 0 0 0.0625 0.0625 0 0 0 0 0 0 0 0 0 0 0 0
 0 0 0 0 0 0 0 0 0 0 0 0 0 0 0 0 0 0 0 0 0 0 0 0 0 0 0 0 0 0 0 0 0 0 0 0 0 0 0 0 0 0 0 0 0 0 0 0 0 0 0 0 0.25 0.25 0.25 1.8125 1.8125 2 2 2 1.375 1.375 1.0625 1.0625 1.0625 0.6875 0.6875 0.25 0.25 0.25 0.0625 0.0625 0.0625 0.0625 0.0625 0.0625 0.0625 0.125 0.125 0.125 0.125 0.125 0.125 0.125 0.125 0.125 0.125 0.1875 0.1875 0.1875 0.125 0.125 0 0 0 0 0 0 0 0 0 0 0 0 0 0.0625 0.0625 0 0 0 0.0625 0.0625 0.3125 0.3125 0.3125 1.3125 1.3125 3.25 3.25 3.25 4.6875 4.6875 4.75 4.75 4.75 4.25 4.25 4.1875 4.1875 4.1875 3.6875 3.6875 2.125 2.125 2.125 0.875 0.875 0.0625 0.0625 0.0625 0 0 0 0 0 0 0 0 0 0 0 0 0 0 0 0.0625 0.0625 0 0 0 0 0 0 0 0 0 0 0 0
 0 0 0 0 0 0 0 0 0 0 0 0 0 0 0 0 0 0 0 0 0 0 0 0 0 0 0 0 0 0 0 0 0 0 0 0 0 0 0 0 0 0 0 0 0 0 0 0 0 0 0 0 0.3125 0.3125 0.3125 1.125 1.125 0.9375 0.9375 0.9375 1.25 1.25 1.25 1.25 1.25 0.6875 0.6875 0.3125 0.3125 0.3125 0.0625 0.0625 0.0625 0.0625 0.0625 0 0 0 0 0 0.0625 0.0625 0.0625 0.0625 0.0625 0.0625 0.0625 0.0625 0.0625 0.0625 0 0 0 0 0 0 0 0 0 0 0 0 0.125 0.125 0.125 0.1875 0.1875 0.125 0.125 0.125 0.25 0.25 1.3125 1.3125 1.3125 3.125 3.125 4.6875 4.6875 4.6875 5.125 5.125 4.3125 4.3125 4.3125 4.25 4.25 3.875 3.875 3.875 2.375 2.375 1.25 1.25 1.25 0.25 0.25 0 0 0 0 0 0 0 0 0 0 0 0 0 0 0 0 0 0 0 0 0 0 0 0 0 0 0 0 0 0 0 0
 0 0 0 0 0 0 0 0 0 0 0 0 0 0 0 0 0 0 0 0 0 0 0 0 0 0 0 0 0 0 0 0 0 0 0 0 0 0 0 0 0 0 0 0 0 0 0 0 0 0 0 0 0.3125 0.3125 0.3125 1.125 1.125 0.9375 0.9375 0.9375 1.25 1.25 1.25 1.25 1.25 0.6875 0.6875 0.3125 0.3125 0.3125 0.0625 0.0625 0.0625 0.0625 0.0625 0 0 0 0 0 0.0625 0.0625 0.0625 0.0625 0.0625 0.0625 0.0625 0.0625 0.0625 0.0625 0 0 0 0 0 0 0 0 0 0 0 0 0.125 0.125 0.125 0.1875 0.1875 0.125 0.125 0.125 0.25 0.25 1.3125 1.3125 1.3125 3.125 3.125 4.6875 4.6875 4.6875 5.125 5.125 4.3125 4.3125 4.3125 4.25 4.25 3.875 3.875 3.875 2.375 2.375 1.25 1.25 1.25 0.25 0.25 0 0 0 0 0 0 0 0 0 0 0 0 0 0 0 0 0 0 0 0 0 0 0 0 0 0 0 0 0 0 0 0
 0 0 0 0 0 0 0 0 0 0 0 0 0 0 0 0 0 0 0 0 0 0 0 0 0 0 0 0 0 0 0 0 0 0 0 0 0 0 0 0 0 0 0 0 0 0 0 0 0 0 0 0 0.25 0.25 0.25 0.5625 0.5625 0.5625 0.5625 0.5625 0.6875 0.6875 0.5 0.5 0.5 0.125 0.125 0.0625 0.0625 0.0625 0.1875 0.1875 0.125 0.125 0.125 0 0 0 0 0 0 0 0 0 0 0 0 0 0 0 0 0 0 0 0 0 0 0 0 0 0.0625 0.0625 0.1875 0.1875 0.1875 0.1875 0.1875 0.3125 0.3125 0.3125 1.125 1.125 3.0625 3.0625 3.0625 4.625 4.625 5.4375 5.4375 5.4375 4.8125 4.8125 4.875 4.875 4.875 5.3125 5.3125 3.625 3.625 3.625 2.25 2.25 0.625 0.625 0.625 0 0 0 0 0 0 0 0 0 0 0 0 0 0 0 0 0 0 0 0 0 0 0 0 0 0 0 0 0 0 0 0 0 0
 0 0 0 0 0 0 0 0 0 0 0 0 0 0 0 0 0 0 0 0 0 0 0 0 0 0 0 0 0 0 0 0 0 0 0 0 0 0 0 0 0 0 0 0 0 0 0 0 0 0 0 0 0.25 0.25 0.25 0.5625 0.5625 0.5625 0.5625 0.5625 0.6875 0.6875 0.5 0.5 0.5 0.125 0.125 0.0625 0.0625 0.0625 0.1875 0.1875 0.125 0.125 0.125 0 0 0 0 0 0 0 0 0 0 0 0 0 0 0 0 0 0 0 0 0 0 0 0 0 0.0625 0.0625 0.1875 0.1875 0.1875 0.1875 0.1875 0.3125 0.3125 0.3125 1.125 1.125 3.0625 3.0625 3.0625 4.625 4.625 5.4375 5.4375 5.4375 4.8125 4.8125 4.875 4.875 4.875 5.3125 5.3125 3.625 3.625 3.625 2.25 2.25 0.625 0.625 0.625 0 0 0 0 0 0 0 0 0 0 0 0 0 0 0 0 0 0 0 0 0 0 0 0 0 0 0 0 0 0 0 0 0 0
 0 0 0 0 0 0 0 0 0 0 0 0 0 0 0 0 0 0 0 0 0 0 0 0 0 0 0 0 0 0 0 0 0 0 0 0 0 0 0 0 0 0 0 0 0 0 0 0 0 0 0 0 0.25 0.25 0.25 0.5625 0.5625 0.5625 0.5625 0.5625 0.6875 0.6875 0.5 0.5 0.5 0.125 0.125 0.0625 0.0625 0.0625 0.1875 0.1875 0.125 0.125 0.125 0 0 0 0 0 0 0 0 0 0 0 0 0 0 0 0 0 0 0 0 0 0 0 0 0 0.0625 0.0625 0.1875 0.1875 0.1875 0.1875 0.1875 0.3125 0.3125 0.3125 1.125 1.125 3.0625 3.0625 3.0625 4.625 4.625 5.4375 5.4375 5.4375 4.8125 4.8125 4.875 4.875 4.875 5.3125 5.3125 3.625 3.625 3.625 2.25 2.25 0.625 0.625 0.625 0 0 0 0 0 0 0 0 0 0 0 0 0 0 0 0 0 0 0 0 0 0 0 0 0 0 0 0 0 0 0 0 0 0
 0 0 0 0 0 0 0 0 0 0 0 0 0 0 0 0 0 0 0 0 0 0 0 0 0 0 0 0 0 0 0 0 0 0 0 0 0 0 0 0 0 0 0 0 0 0 0 0 0 0 0 0 0.25 0.25 0.25 0.75 0.75 1.125 1.125 1.125 0.6875 0.6875 0.125 0.125 0.125 0 0 0 0 0 0 0 0 0 0 0 0 0 0 0 0 0 0 0 0 0 0 0 0 0 0 0 0 0 0 0 0 0 0 0 0.0625 0.0625 0.125 0.125 0.125 0.3125 0.3125 1.125 1.125 1.125 3.0625 3.0625 4.75 4.75 4.75 5.8125 5.8125 5.6875 5.6875 5.6875 5 5 5.75 5.75 5.75 4.625 4.625 3.5625 3.5625 3.5625 2.8125 2.8125 0.6875 0.6875 0.6875 0 0 0 0 0 0 0 0 0 0 0 0 0 0 0 0 0 0 0 0 0 0 0 0 0 0 0 0 0 0 0 0 0 0
 0 0 0 0 0 0 0 0 0 0 0 0 0 0 0 0 0 0 0 0 0 0 0 0 0 0 0 0 0 0 0 0 0 0 0 0 0 0 0 0 0 0 0 0 0 0 0 0 0 0 0 0 0.25 0.25 0.25 0.75 0.75 1.125 1.125 1.125 0.6875 0.6875 0.125 0.125 0.125 0 0 0 0 0 0 0 0 0 0 0 0 0 0 0 0 0 0 0 0 0 0 0 0 0 0 0 0 0 0 0 0 0 0 0 0.0625 0.0625 0.125 0.125 0.125 0.3125 0.3125 1.125 1.125 1.125 3.0625 3.0625 4.75 4.75 4.75 5.8125 5.8125 5.6875 5.6875 5.6875 5 5 5.75 5.75 5.75 4.625 4.625 3.5625 3.5625 3.5625 2.8125 2.8125 0.6875 0.6875 0.6875 0 0 0 0 0 0 0 0 0 0 0 0 0 0 0 0 0 0 0 0 0 0 0 0 0 0 0 0 0 0 0 0 0 0
 0.0625 0.0625 0 0 0 0 0 0 0 0 0 0 0 0 0 0 0 0 0 0 0 0 0 0 0 0 0 0 0 0 0 0 0 0 0 0 0 0 0 0 0 0 0 0 0 0 0 0 0 0 0 0 0.25 0.25 0.25 1.9375 1.9375 2.75 2.75 2.75 1 1 0 0 0 0 0 0 0 0 0 0 0 0 0 0 0 0 0 0 0 0 0 0 0 0 0 0 0 0 0 0 0 0 0 0 0 0.0625 0.0625 0.0625 0.125 0.125 0.375 0.375 0.375 1.125 1.125 3.0625 3.0625 3.0625 4.875 4.875 5.8125 5.8125 5.8125 6.75 6.75 5.9375 5.9375 5.9375 5.5 5.5 4.6875 4.6875 4.6875 3.8125 3.8125 2.9375 2.9375 2.9375 1.125 1.125 0.125 0.125 0.125 0 0 0 0 0 0 0 0 0 0 0 0 0 0 0 0 0 0 0 0 0 0 0 0 0 0 0 0 0 0 0 0 0 0
 0.0625 0.0625 0 0 0 0 0 0 0 0 0 0 0 0 0 0 0 0 0 0 0 0 0 0 0 0 0 0 0 0 0 0 0 0 0 0 0 0 0 0 0 0 0 0 0 0 0 0 0 0 0 0 0.25 0.25 0.25 1.9375 1.9375 2.75 2.75 2.75 1 1 0 0 0 0 0 0 0 0 0 0 0 0 0 0 0 0 0 0 0 0 0 0 0 0 0 0 0 0 0 0 0 0 0 0 0 0.0625 0.0625 0.0625 0.125 0.125 0.375 0.375 0.375 1.125 1.125 3.0625 3.0625 3.0625 4.875 4.875 5.8125 5.8125 5.8125 6.75 6.75 5.9375 5.9375 5.9375 5.5 5.5 4.6875 4.6875 4.6875 3.8125 3.8125 2.9375 2.9375 2.9375 1.125 1.125 0.125 0.125 0.125 0 0 0 0 0 0 0 0 0 0 0 0 0 0 0 0 0 0 0 0 0 0 0 0 0 0 0 0 0 0 0 0 0 0
 0.0625 0.0625 0 0 0 0 0 0 0 0 0 0 0 0 0 0 0 0 0 0 0 0 0 0 0 0 0 0 0 0 0 0 0 0 0 0 0 0 0 0 0 0 0 0 0 0 0 0 0 0 0 0 0.25 0.25 0.25 1.9375 1.9375 2.75 2.75 2.75 1 1 0 0 0 0 0 0 0 0 0 0 0 0 0 0 0 0 0 0 0 0 0 0 0 0 0 0 0 0 0 0 0 0 0 0 0 0.0625 0.0625 0.0625 0.125 0.125 0.375 0.375 0.375 1.125 1.125 3.0625 3.0625 3.0625 4.875 4.875 5.8125 5.8125 5.8125 6.75 6.75 5.9375 5.9375 5.9375 5.5 5.5 4.6875 4.6875 4.6875 3.8125 3.8125 2.9375 2.9375 2.9375 1.125 1.125 0.125 0.125 0.125 0 0 0 0 0 0 0 0 0 0 0 0 0 0 0 0 0 0 0 0 0 0 0 0 0 0 0 0 0 0 0 0 0 0
 0.0625 0.0625 0 0 0 0 0 0 0 0 0 0 0 0 0 0 0 0 0 0 0 0 0 0 0 0 0 0 0 0 0 0 0 0 0 0 0 0 0 0 0 0 0 0 0 0 0 0 0 0 0.0625 0.0625 0.4375 0.4375 0.4375 1.8125 1.8125 2.5625 2.5625 2.5625 0.625 0.625 0 0 0 0 0 0 0 0 0 0 0 0 0 0 0 0 0 0 0 0 0 0 0 0 0 0 0 0 0 0 0 0 0 0.0625 0.0625 0.125 0.125 0.125 0.4375 0.4375 1.375 1.375 1.375 2.875 2.875 4.75 4.75 4.75 6 6 7.5 7.5 7.5 7.0625 7.0625 5.75 5.75 5.75 4.5 4.5 3.875 3.875 3.875 2.9375 2.9375 0.9375 0.9375 0.9375 0.125 0.125 0 0 0 0 0 0 0 0 0 0 0 0 0 0 0 0 0 0 0 0 0 0 0 0 0 0 0 0 0 0 0 0 0 0 0 0 0
 0.0625 0.0625 0 0 0 0 0 0 0 0 0 0 0 0 0 0 0 0 0 0 0 0 0 0 0 0 0 0 0 0 0 0 0 0 0 0 0 0 0 0 0 0 0 0 0 0 0 0 0 0 0.0625 0.0625 0.4375 0.4375 0.4375 1.8125 1.8125 2.5625 2.5625 2.5625 0.625 0.625 0 0 0 0 0 0 0 0 0 0 0 0 0 0 0 0 0 0 0 0 0 0 0 0 0 0 0 0 0 0 0 0 0 0.0625 0.0625 0.125 0.125 0.125 0.4375 0.4375 1.375 1.375 1.375 2.875 2.875 4.75 4.75 4.75 6 6 7.5 7.5 7.5 7.0625 7.0625 5.75 5.75 5.75 4.5 4.5 3.875 3.875 3.875 2.9375 2.9375 0.9375 0.9375 0.9375 0.125 0.125 0 0 0 0 0 0 0 0 0 0 0 0 0 0 0 0 0 0 0 0 0 0 0 0 0 0 0 0 0 0 0 0 0 0 0 0 0
 0.0625 0.0625 0 0 0 0 0 0 0 0 0 0 0 0 0 0 0 0 0 0 0 0 0 0 0 0 0 0 0 0 0 0 0 0 0 0 0 0 0 0 0 0 0 0 0 0 0 0 0 0 0.125 0.125 0.5625 0.5625 0.5625 1.0625 1.0625 1.1875 1.1875 1.1875 0.125 0.125 0 0 0 0 0 0 0 0 0 0 0 0 0 0 0 0 0 0 0 0 0 0 0 0 0 0 0 0 0 0 0.0625 0.0625 0.0625 0.25 0.25 0.5625 0.5625 0.5625 1.6875 1.6875 3.0625 3.0625 3.0625 4.4375 4.4375 6.0625 6.0625 6.0625 7.625 7.625 7.9375 7.9375 7.9375 6.375 6.375 4.75 4.75 4.75 3.75 3.75 2.6875 2.6875 2.6875 0.9375 0.9375 0.125 0.125 0.125 0 0 0 0 0 0 0 0 0 0 0 0 0 0 0 0 0 0 0 0 0 0 0 0 0 0 0 0 0 0 0 0 0 0 0 0 0 0 0
 0.0625 0.0625 0 0 0 0 0 0 0 0 0 0 0 0 0 0 0 0 0 0 0 0 0 0 0 0 0 0 0 0 0 0 0 0 0 0 0 0 0 0 0 0 0 0 0 0 0 0 0 0 0.125 0.125 0.5625 0.5625 0.5625 1.0625 1.0625 1.1875 1.1875 1.1875 0.125 0.125 0 0 0 0 0 0 0 0 0 0 0 0 0 0 0 0 0 0 0 0 0 0 0 0 0 0 0 0 0 0 0.0625 0.0625 0.0625 0.25 0.25 0.5625 0.5625 0.5625 1.6875 1.6875 3.0625 3.0625 3.0625 4.4375 4.4375 6.0625 6.0625 6.0625 7.625 7.625 7.9375 7.9375 7.9375 6.375 6.375 4.75 4.75 4.75 3.75 3.75 2.6875 2.6875 2.6875 0.9375 0.9375 0.125 0.125 0.125 0 0 0 0 0 0 0 0 0 0 0 0 0 0 0 0 0 0 0 0 0 0 0 0 0 0 0 0 0 0 0 0 0 0 0 0 0 0 0
 0.0625 0.0625 0 0 0 0 0 0 0 0 0 0 0 0 0 0 0 0 0 0 0 0 0 0 0 0 0 0 0 0 0 0 0 0 0 0 0 0 0 0 0 0 0 0 0 0 0 0 0 0 0.125 0.125 0.5625 0.5625 0.5625 1.0625 1.0625 1.1875 1.1875 1.1875 0.125 0.125 0 0 0 0 0 0 0 0 0 0 0 0 0 0 0 0 0 0 0 0 0 0 0 0 0 0 0 0 0 0 0.0625 0.0625 0.0625 0.25 0.25 0.5625 0.5625 0.5625 1.6875 1.6875 3.0625 3.0625 3.0625 4.4375 4.4375 6.0625 6.0625 6.0625 7.625 7.625 7.9375 7.9375 7.9375 6.375 6.375 4.75 4.75 4.75 3.75 3.75 2.6875 2.6875 2.6875 0.9375 0.9375 0.125 0.125 0.125 0 0 0 0 0 0 0 0 0 0 0 0 0 0 0 0 0 0 0 0 0 0 0 0 0 0 0 0 0 0 0 0 0 0 0 0 0 0 0
 0 0 0 0 0 0 0 0 0 0 0 0 0 0 0 0 0 0 0 0 0 0 0 0 0 0 0 0 0 0 0 0 0 0 0 0 0 0 0 0 0 0 0 0 0 0 0 0 0 0 0.3125 0.3125 0.5625 0.5625 0.5625 0.4375 0.4375 0.375 0.375 0.375 0.1875 0.1875 0.0625 0.0625 0.0625 0 0 0 0 0 0 0 0 0 0 0 0 0 0 0 0 0 0 0 0 0 0 0 0 0 0.0625 0.0625 0.375 0.375 0.375 0.8125 0.8125 2.1875 2.1875 2.1875 3.625 3.625 4.3125 4.3125 4.3125 5.8125 5.8125 7.1875 7.1875 7.1875 8.0625 8.0625 7.3125 7.3125 7.3125 5.375 5.375 3.5625 3.5625 3.5625 2.125 2.125 0.875 0.875 0.875 0.3125 0.3125 0.0625 0.0625 0.0625 0 0 0 0 0 0 0 0 0 0 0 0 0 0 0 0 0 0 0 0 0 0 0 0 0 0 0 0 0 0 0 0 0 0 0 0 0 0 0
 0 0 0 0 0 0 0 0 0 0 0 0 0 0 0 0 0 0 0 0 0 0 0 0 0 0 0 0 0 0 0 0 0 0 0 0 0 0 0 0 0 0 0 0 0 0 0 0 0 0 0.3125 0.3125 0.5625 0.5625 0.5625 0.4375 0.4375 0.375 0.375 0.375 0.1875 0.1875 0.0625 0.0625 0.0625 0 0 0 0 0 0 0 0 0 0 0 0 0 0 0 0 0 0 0 0 0 0 0 0 0 0.0625 0.0625 0.375 0.375 0.375 0.8125 0.8125 2.1875 2.1875 2.1875 3.625 3.625 4.3125 4.3125 4.3125 5.8125 5.8125 7.1875 7.1875 7.1875 8.0625 8.0625 7.3125 7.3125 7.3125 5.375 5.375 3.5625 3.5625 3.5625 2.125 2.125 0.875 0.875 0.875 0.3125 0.3125 0.0625 0.0625 0.0625 0 0 0 0 0 0 0 0 0 0 0 0 0 0 0 0 0 0 0 0 0 0 0 0 0 0 0 0 0 0 0 0 0 0 0 0 0 0 0
 0 0 0 0 0 0 0 0 0 0 0 0 0 0 0 0 0 0 0 0 0 0 0 0 0 0 0 0 0 0 0 0 0 0 0 0 0 0.25 0.25 0.25 0.625 0.625 0.6875 0.6875 0.6875 0.1875 0.1875 0.1875 0.1875 0.1875 0.625 0.625 0.4375 0.4375 0.4375 0.625 0.625 0.1875 0.1875 0.1875 0.625 0.625 0.1875 0.1875 0.1875 0 0 0 0 0 0 0 0 0 0 0 0 0 0 0 0 0 0 0 0 0 0 0.0625 0.0625 0.0625 0.375 0.375 0.75 0.75 0.75 2 2 3.3125 3.3125 3.3125 3.75 3.75 5.3125 5.3125 5.3125 7.0625 7.0625 8.5 8.5 8.5 8.25 8.25 6.5 6.5 6.5 4.125 4.125 1.875 1.875 1.875 0.8125 0.8125 0.4375 0.4375 0.4375 0.125 0.125 0 0 0 0 0 0 0 0 0 0 0 0 0 0 0 0 0 0 0 0 0 0 0 0 0 0 0 0 0 0 0 0 0 0 0 0 0 0 0 0 0 0
 0 0 0 0 0 0 0 0 0 0 0 0 0 0 0 0 0 0 0 0 0 0 0 0 0 0 0 0 0 0 0 0 0 0 0 0 0 0.25 0.25 0.25 0.625 0.625 0.6875 0.6875 0.6875 0.1875 0.1875 0.1875 0.1875 0.1875 0.625 0.625 0.4375 0.4375 0.4375 0.625 0.625 0.1875 0.1875 0.1875 0.625 0.625 0.1875 0.1875 0.1875 0 0 0 0 0 0 0 0 0 0 0 0 0 0 0 0 0 0 0 0 0 0 0.0625 0.0625 0.0625 0.375 0.375 0.75 0.75 0.75 2 2 3.3125 3.3125 3.3125 3.75 3.75 5.3125 5.3125 5.3125 7.0625 7.0625 8.5 8.5 8.5 8.25 8.25 6.5 6.5 6.5 4.125 4.125 1.875 1.875 1.875 0.8125 0.8125 0.4375 0.4375 0.4375 0.125 0.125 0 0 0 0 0 0 0 0 0 0 0 0 0 0 0 0 0 0 0 0 0 0 0 0 0 0 0 0 0 0 0 0 0 0 0 0 0 0 0 0 0 0
 0 0 0 0 0 0 0 0 0 0 0 0 0 0 0 0 0 0 0 0 0 0 0 0 0 0 0 0 0 0 0 0 0 0 0 0 0 0.25 0.25 0.25 0.625 0.625 0.6875 0.6875 0.6875 0.1875 0.1875 0.1875 0.1875 0.1875 0.625 0.625 0.4375 0.4375 0.4375 0.625 0.625 0.1875 0.1875 0.1875 0.625 0.625 0.1875 0.1875 0.1875 0 0 0 0 0 0 0 0 0 0 0 0 0 0 0 0 0 0 0 0 0 0 0.0625 0.0625 0.0625 0.375 0.375 0.75 0.75 0.75 2 2 3.3125 3.3125 3.3125 3.75 3.75 5.3125 5.3125 5.3125 7.0625 7.0625 8.5 8.5 8.5 8.25 8.25 6.5 6.5 6.5 4.125 4.125 1.875 1.875 1.875 0.8125 0.8125 0.4375 0.4375 0.4375 0.125 0.125 0 0 0 0 0 0 0 0 0 0 0 0 0 0 0 0 0 0 0 0 0 0 0 0 0 0 0 0 0 0 0 0 0 0 0 0 0 0 0 0 0 0
 0 0 0 0 0 0 0 0 0 0 0 0 0 0 0 0 0 0 0 0 0 0 0 0 0 0 0 0 0 0 0 0 0 0 0 0.1875 0.1875 1.5625 1.5625 1.5625 2.75 2.75 3.5 3.5 3.5 2.0625 2.0625 1.0625 1.0625 1.0625 1.625 1.625 1.125 1.125 1.125 0.875 0.875 0.875 0.875 0.875 0.6875 0.6875 0.0625 0.0625 0.0625 0 0 0 0 0 0 0 0 0 0 0 0 0 0 0 0 0 0 0 0 0.0625 0.0625 0.3125 0.3125 0.3125 0.5 0.5 1.625 1.625 1.625 3.4375 3.4375 4.4375 4.4375 4.4375 5.625 5.625 7 7 7 8.8125 8.8125 9.5625 9.5625 9.5625 7.75 7.75 4.8125 4.8125 4.8125 1.875 1.875 0.75 0.75 0.75 0.3125 0.3125 0.1875 0.1875 0.1875 0.0625 0.0625 0 0 0 0 0 0 0 0 0 0 0 0 0 0 0 0 0 0 0 0 0 0 0 0 0 0 0 0 0 0 0 0 0 0 0 0 0 0 0 0 0 0
 0 0 0 0 0 0 0 0 0 0 0 0 0 0 0 0 0 0 0 0 0 0 0 0 0 0 0 0 0 0 0 0 0 0 0 0.1875 0.1875 1.5625 1.5625 1.5625 2.75 2.75 3.5 3.5 3.5 2.0625 2.0625 1.0625 1.0625 1.0625 1.625 1.625 1.125 1.125 1.125 0.875 0.875 0.875 0.875 0.875 0.6875 0.6875 0.0625 0.0625 0.0625 0 0 0 0 0 0 0 0 0 0 0 0 0 0 0 0 0 0 0 0 0.0625 0.0625 0.3125 0.3125 0.3125 0.5 0.5 1.625 1.625 1.625 3.4375 3.4375 4.4375 4.4375 4.4375 5.625 5.625 7 7 7 8.8125 8.8125 9.5625 9.5625 9.5625 7.75 7.75 4.8125 4.8125 4.8125 1.875 1.875 0.75 0.75 0.75 0.3125 0.3125 0.1875 0.1875 0.1875 0.0625 0.0625 0 0 0 0 0 0 0 0 0 0 0 0 0 0 0 0 0 0 0 0 0 0 0 0 0 0 0 0 0 0 0 0 0 0 0 0 0 0 0 0 0 0
 0 0 0 0 0 0 0 0.0625 0.0625 0.0625 0 0 0 0 0 0 0 0 0 0 0 0 0 0 0 0 0 0 0 0 0 0 0 0 0 0.0625 0.0625 0.5 0.5 0.5 1.75 1.75 2.9375 2.9375 2.9375 5 5 4.4375 4.4375 4.4375 4.5 4.5 4.625 4.625 4.625 2.625 2.625 1.5625 1.5625 1.5625 0.25 0.25 0 0 0 0 0 0 0 0 0 0 0 0 0 0 0 0 0 0 0 0 0 0 0 0.1875 0.1875 0.375 0.375 0.375 0.875 0.875 2.8125 2.8125 2.8125 4.375 4.375 5.5 5.5 5.5 6.9375 6.9375 9 9 9 10.1875 10.1875 8.5625 8.5625 8.5625 5.0625 5.0625 1.75 1.75 1.75 0.5 0.5 0.1875 0.1875 0.1875 0.25 0.25 0.1875 0.1875 0.1875 0 0 0 0 0 0 0 0 0 0 0 0 0 0 0 0 0 0 0 0 0 0 0 0 0 0 0 0 0 0 0 0 0 0 0 0 0 0 0 0 0 0 0 0
 0 0 0 0 0 0 0 0.0625 0.0625 0.0625 0 0 0 0 0 0 0 0 0 0 0 0 0 0 0 0 0 0 0 0 0 0 0 0 0 0.0625 0.0625 0.5 0.5 0.5 1.75 1.75 2.9375 2.9375 2.9375 5 5 4.4375 4.4375 4.4375 4.5 4.5 4.625 4.625 4.625 2.625 2.625 1.5625 1.5625 1.5625 0.25 0.25 0 0 0 0 0 0 0 0 0 0 0 0 0 0 0 0 0 0 0 0 0 0 0 0.1875 0.1875 0.375 0.375 0.375 0.875 0.875 2.8125 2.8125 2.8125 4.375 4.375 5.5 5.5 5.5 6.9375 6.9375 9 9 9 10.1875 10.1875 8.5625 8.5625 8.5625 5.0625 5.0625 1.75 1.75 1.75 0.5 0.5 0.1875 0.1875 0.1875 0.25 0.25 0.1875 0.1875 0.1875 0 0 0 0 0 0 0 0 0 0 0 0 0 0 0 0 0 0 0 0 0 0 0 0 0 0 0 0 0 0 0 0 0 0 0 0 0 0 0 0 0 0 0 0
 0 0 0 0 0 0 0 0.0625 0.0625 0.0625 0 0 0 0 0 0 0 0 0 0 0 0 0 0 0 0 0 0 0 0 0 0 0 0 0 0.0625 0.0625 0.5 0.5 0.5 1.75 1.75 2.9375 2.9375 2.9375 5 5 4.4375 4.4375 4.4375 4.5 4.5 4.625 4.625 4.625 2.625 2.625 1.5625 1.5625 1.5625 0.25 0.25 0 0 0 0 0 0 0 0 0 0 0 0 0 0 0 0 0 0 0 0 0 0 0 0.1875 0.1875 0.375 0.375 0.375 0.875 0.875 2.8125 2.8125 2.8125 4.375 4.375 5.5 5.5 5.5 6.9375 6.9375 9 9 9 10.1875 10.1875 8.5625 8.5625 8.5625 5.0625 5.0625 1.75 1.75 1.75 0.5 0.5 0.1875 0.1875 0.1875 0.25 0.25 0.1875 0.1875 0.1875 0 0 0 0 0 0 0 0 0 0 0 0 0 0 0 0 0 0 0 0 0 0 0 0 0 0 0 0 0 0 0 0 0 0 0 0 0 0 0 0 0 0 0 0
 0 0 0 0 0 0 0 0 0 0 0.125 0.125 0.0625 0.0625 0.0625 0 0 0 0 0 0 0 0 0 0 0 0 0 0 0 0 0 0 0 0 0 0 0.5 0.5 0.5 4.75 4.75 7 7 7 8.0625 8.0625 8 8 8 7.3125 7.3125 5.5 5.5 5.5 3.9375 3.9375 2.125 2.125 2.125 0.375 0.375 0 0 0 0 0 0 0 0 0 0 0 0 0 0 0 0 0 0 0 0 0 0 0 0.1875 0.1875 0.5625 0.5625 0.5625 1.875 1.875 3.75 3.75 3.75 5.25 5.25 7.0625 7.0625 7.0625 9.3125 9.3125 10.625 10.625 10.625 8 8 4.5625 4.5625 4.5625 1.5625 1.5625 0.3125 0.3125 0.3125 0.125 0.125 0.25 0.25 0.25 0.375 0.375 0.0625 0.0625 0.0625 0 0 0 0 0 0 0 0 0 0 0 0 0 0 0 0 0 0 0 0 0 0 0 0 0 0 0 0 0 0 0 0 0 0 0 0 0 0 0 0 0 0 0 0
 0 0 0 0 0 0 0 0 0 0 0.125 0.125 0.0625 0.0625 0.0625 0 0 0 0 0 0 0 0 0 0 0 0 0 0 0 0 0 0 0 0 0 0 0.5 0.5 0.5 4.75 4.75 7 7 7 8.0625 8.0625 8 8 8 7.3125 7.3125 5.5 5.5 5.5 3.9375 3.9375 2.125 2.125 2.125 0.375 0.375 0 0 0 0 0 0 0 0 0 0 0 0 0 0 0 0 0 0 0 0 0 0 0 0.1875 0.1875 0.5625 0.5625 0.5625 1.875 1.875 3.75 3.75 3.75 5.25 5.25 7.0625 7.0625 7.0625 9.3125 9.3125 10.625 10.625 10.625 8 8 4.5625 4.5625 4.5625 1.5625 1.5625 0.3125 0.3125 0.3125 0.125 0.125 0.25 0.25 0.25 0.375 0.375 0.0625 0.0625 0.0625 0 0 0 0 0 0 0 0 0 0 0 0 0 0 0 0 0 0 0 0 0 0 0 0 0 0 0 0 0 0 0 0 0 0 0 0 0 0 0 0 0 0 0 0
 0 0 0 0 0 0 0 0 0 0 0 0 0 0 0 0 0 0 0 0 0 0 0 0 0 0 0 0 0 0 0 0 0 0 0 0 0 0.125 0.125 0.125 1.875 1.875 4.3125 4.3125 4.3125 4.5625 4.5625 3.8125 3.8125 3.8125 2.3125 2.3125 1.9375 1.9375 1.9375 2.8125 2.8125 1.8125 1.8125 1.8125 0.5625 0.5625 0.0625 0.0625 0.0625 0 0 0 0 0 0 0 0 0 0 0 0 0 0 0 0 0 0.1875 0.1875 0.1875 0.75 0.75 1.625 1.625 1.625 2.6875 2.6875 4.4375 4.4375 4.4375 7.4375 7.4375 10 10 10 10.5625 10.5625 6.8125 6.8125 6.8125 3.6875 3.6875 1.3125 1.3125 1.3125 0.25 0.25 0.0625 0.0625 0.0625 0.25 0.25 0.375 0.375 0.375 0.125 0.125 0 0 0 0 0 0 0 0 0 0 0 0 0 0 0 0 0 0 0 0 0 0 0 0 0 0 0 0 0 0 0 0 0 0 0 0 0 0 0 0 0 0 0 0 0 0 0
 0 0 0 0 0 0 0 0 0 0 0 0 0 0 0 0 0 0 0 0 0 0 0 0 0 0 0 0 0 0 0 0 0 0 0 0 0 0.125 0.125 0.125 1.875 1.875 4.3125 4.3125 4.3125 4.5625 4.5625 3.8125 3.8125 3.8125 2.3125 2.3125 1.9375 1.9375 1.9375 2.8125 2.8125 1.8125 1.8125 1.8125 0.5625 0.5625 0.0625 0.0625 0.0625 0 0 0 0 0 0 0 0 0 0 0 0 0 0 0 0 0 0.1875 0.1875 0.1875 0.75 0.75 1.625 1.625 1.625 2.6875 2.6875 4.4375 4.4375 4.4375 7.4375 7.4375 10 10 10 10.5625 10.5625 6.8125 6.8125 6.8125 3.6875 3.6875 1.3125 1.3125 1.3125 0.25 0.25 0.0625 0.0625 0.0625 0.25 0.25 0.375 0.375 0.375 0.125 0.125 0 0 0 0 0 0 0 0 0 0 0 0 0 0 0 0 0 0 0 0 0 0 0 0 0 0 0 0 0 0 0 0 0 0 0 0 0 0 0 0 0 0 0 0 0 0 0
 0 0 0 0 0 0 0 0 0 0 0 0 0 0 0 0 0 0 0 0 0 0 0 0 0 0 0 0 0 0 0 0 0 0 0 0 0 0.125 0.125 0.125 1.875 1.875 4.3125 4.3125 4.3125 4.5625 4.5625 3.8125 3.8125 3.8125 2.3125 2.3125 1.9375 1.9375 1.9375 2.8125 2.8125 1.8125 1.8125 1.8125 0.5625 0.5625 0.0625 0.0625 0.0625 0 0 0 0 0 0 0 0 0 0 0 0 0 0 0 0 0 0.1875 0.1875 0.1875 0.75 0.75 1.625 1.625 1.625 2.6875 2.6875 4.4375 4.4375 4.4375 7.4375 7.4375 10 10 10 10.5625 10.5625 6.8125 6.8125 6.8125 3.6875 3.6875 1.3125 1.3125 1.3125 0.25 0.25 0.0625 0.0625 0.0625 0.25 0.25 0.375 0.375 0.375 0.125 0.125 0 0 0 0 0 0 0 0 0 0 0 0 0 0 0 0 0 0 0 0 0 0 0 0 0 0 0 0 0 0 0 0 0 0 0 0 0 0 0 0 0 0 0 0 0 0 0
 0 0 0 0 0 0 0 0 0 0 0 0 0 0 0 0 0 0 0 0 0 0 0 0 0 0 0 0 0 0 0 0 0 0 0 0 0 0.0625 0.0625 0.0625 0.625 0.625 1.625 1.625 1.625 1.0625 1.0625 1.625 1.625 1.625 1.25 1.25 1.0625 1.0625 1.0625 0.9375 0.9375 0.4375 0.4375 0.4375 0.1875 0.1875 0 0 0 0 0 0 0 0 0 0 0 0 0 0 0 0.0625 0.0625 0.0625 0.25 0.25 0.9375 0.9375 0.9375 1.8125 1.8125 2.1875 2.1875 2.1875 3.8125 3.8125 7.5 7.5 7.5 10.5 10.5 10.4375 10.4375 10.4375 6.3125 6.3125 3.1875 3.1875 3.1875 1.375 1.375 0.375 0.375 0.375 0.125 0.125 0.25 0.25 0.25 0.375 0.375 0.3125 0.3125 0.3125 0 0 0 0 0 0 0 0 0 0 0 0 0 0 0 0 0 0 0 0 0 0 0 0 0 0 0 0 0 0 0 0 0 0 0 0 0 0 0 0 0 0 0 0 0 0 0 0 0
 0 0 0 0 0 0 0 0 0 0 0 0 0 0 0 0 0 0 0 0 0 0 0 0 0 0 0 0 0 0 0 0 0 0 0 0 0 0.0625 0.0625 0.0625 0.625 0.625 1.625 1.625 1.625 1.0625 1.0625 1.625 1.625 1.625 1.25 1.25 1.0625 1.0625 1.0625 0.9375 0.9375 0.4375 0.4375 0.4375 0.1875 0.1875 0 0 0 0 0 0 0 0 0 0 0 0 0 0 0 0.0625 0.0625 0.0625 0.25 0.25 0.9375 0.9375 0.9375 1.8125 1.8125 2.1875 2.1875 2.1875 3.8125 3.8125 7.5 7.5 7.5 10.5 10.5 10.4375 10.4375 10.4375 6.3125 6.3125 3.1875 3.1875 3.1875 1.375 1.375 0.375 0.375 0.375 0.125 0.125 0.25 0.25 0.25 0.375 0.375 0.3125 0.3125 0.3125 0 0 0 0 0 0 0 0 0 0 0 0 0 0 0 0 0 0 0 0 0 0 0 0 0 0 0 0 0 0 0 0 0 0 0 0 0 0 0 0 0 0 0 0 0 0 0 0 0
 0 0 0 0 0 0 0 0 0 0 0 0 0 0 0 0 0 0 0 0 0 0 0 0 0 0 0 0.0625 0.0625 0.0625 0 0 0 0 0 0 0 0.125 0.125 0.125 0.5 0.5 0.75 0.75 0.75 1.375 1.375 1.3125 1.3125 1.3125 0.4375 0.4375 0.125 0.125 0.125 0.0625 0.0625 0 0 0 0 0 0 0 0 0 0 0 0 0 0 0 0 0 0 0 0 0.25 0.25 0.25 1 1 1.5625 1.5625 1.5625 1.875 1.875 3.4375 3.4375 3.4375 7.8125 7.8125 10.5 10.5 10.5 10.1875 10.1875 7 7 7 4 4 1.875 1.875 1.875 0.625 0.625 0.375 0.375 0.375 0.25 0.25 0.375 0.375 0.375 0.4375 0.4375 0.125 0.125 0.125 0 0 0 0 0 0 0 0 0 0 0 0 0 0 0 0 0 0 0 0 0 0 0 0 0 0 0 0 0 0 0 0 0 0 0 0 0 0 0 0 0 0 0 0 0 0 0 0 0
 0 0 0 0 0 0 0 0 0 0 0 0 0 0 0 0 0 0 0 0 0 0 0 0 0 0 0 0.0625 0.0625 0.0625 0 0 0 0 0 0 0 0.125 0.125 0.125 0.5 0.5 0.75 0.75 0.75 1.375 1.375 1.3125 1.3125 1.3125 0.4375 0.4375 0.125 0.125 0.125 0.0625 0.0625 0 0 0 0 0 0 0 0 0 0 0 0 0 0 0 0 0 0 0 0 0.25 0.25 0.25 1 1 1.5625 1.5625 1.5625 1.875 1.875 3.4375 3.4375 3.4375 7.8125 7.8125 10.5 10.5 10.5 10.1875 10.1875 7 7 7 4 4 1.875 1.875 1.875 0.625 0.625 0.375 0.375 0.375 0.25 0.25 0.375 0.375 0.375 0.4375 0.4375 0.125 0.125 0.125 0 0 0 0 0 0 0 0 0 0 0 0 0 0 0 0 0 0 0 0 0 0 0 0 0 0 0 0 0 0 0 0 0 0 0 0 0 0 0 0 0 0 0 0 0 0 0 0 0
 0 0 0 0 0 0 0 0 0 0 0 0 0 0 0 0 0 0 0 0 0 0 0 0 0 0 0 0.0625 0.0625 0.0625 0 0 0 0 0 0 0 0.125 0.125 0.125 0.5 0.5 0.75 0.75 0.75 1.375 1.375 1.3125 1.3125 1.3125 0.4375 0.4375 0.125 0.125 0.125 0.0625 0.0625 0 0 0 0 0 0 0 0 0 0 0 0 0 0 0 0 0 0 0 0 0.25 0.25 0.25 1 1 1.5625 1.5625 1.5625 1.875 1.875 3.4375 3.4375 3.4375 7.8125 7.8125 10.5 10.5 10.5 10.1875 10.1875 7 7 7 4 4 1.875 1.875 1.875 0.625 0.625 0.375 0.375 0.375 0.25 0.25 0.375 0.375 0.375 0.4375 0.4375 0.125 0.125 0.125 0 0 0 0 0 0 0 0 0 0 0 0 0 0 0 0 0 0 0 0 0 0 0 0 0 0 0 0 0 0 0 0 0 0 0 0 0 0 0 0 0 0 0 0 0 0 0 0 0
 0 0 0 0 0 0 0 0 0 0 0 0 0 0 0 0 0 0 0 0 0 0 0 0 0 0.0625 0.0625 0.125 0.125 0.125 0.25 0.25 0.25 0.25 0.25 0.375 0.375 0.625 0.625 0.625 1 1 1.375 1.375 1.375 1.5625 1.5625 0.6875 0.6875 0.6875 0.125 0.125 0 0 0 0 0 0 0 0 0 0 0 0 0 0 0 0 0 0 0 0 0 0 0 0.1875 0.1875 1.0625 1.0625 1.0625 1.1875 1.1875 1.125 1.125 1.125 3.5 3.5 8.0625 8.0625 8.0625 9.5625 9.5625 9.25 9.25 9.25 7.6875 7.6875 5.1875 5.1875 5.1875 3.25 3.25 1 1 1 0.375 0.375 0.25 0.25 0.25 0.25 0.25 0.4375 0.4375 0.4375 0.25 0.25 0 0 0 0 0 0 0 0 0 0 0 0 0 0 0 0 0 0 0 0 0 0 0 0 0 0 0 0 0 0 0 0 0 0 0 0 0 0 0 0 0 0 0 0 0 0 0 0 0 0 0 0
 0 0 0 0 0 0 0 0 0 0 0 0 0 0 0 0 0 0 0 0 0 0 0 0 0 0.0625 0.0625 0.125 0.125 0.125 0.25 0.25 0.25 0.25 0.25 0.375 0.375 0.625 0.625 0.625 1 1 1.375 1.375 1.375 1.5625 1.5625 0.6875 0.6875 0.6875 0.125 0.125 0 0 0 0 0 0 0 0 0 0 0 0 0 0 0 0 0 0 0 0 0 0 0 0.1875 0.1875 1.0625 1.0625 1.0625 1.1875 1.1875 1.125 1.125 1.125 3.5 3.5 8.0625 8.0625 8.0625 9.5625 9.5625 9.25 9.25 9.25 7.6875 7.6875 5.1875 5.1875 5.1875 3.25 3.25 1 1 1 0.375 0.375 0.25 0.25 0.25 0.25 0.25 0.4375 0.4375 0.4375 0.25 0.25 0 0 0 0 0 0 0 0 0 0 0 0 0 0 0 0 0 0 0 0 0 0 0 0 0 0 0 0 0 0 0 0 0 0 0 0 0 0 0 0 0 0 0 0 0 0 0 0 0 0 0 0
 0 0 0 0 0 0 0 0 0 0 0 0 0 0 0 0 0 0 0 0 0.125 0.125 1.375 1.375 1.375 1.875 1.875 1.5625 1.5625 1.5625 1.625 1.625 1.3125 1.3125 1.3125 0.75 0.75 0.5 0.5 0.5 0.5625 0.5625 0.5 0.5 0.5 0.25 0.25 0.0625 0.0625 0.0625 0 0 0 0 0 0 0 0 0 0 0 0 0 0 0 0 0 0 0 0 0 0 0.1875 0.1875 0.1875 1 1 1.1875 1.1875 1.1875 1 1 3.4375 3.4375 3.4375 8.0625 8.0625 8.5 8.5 8.5 8.375 8.375 7.6875 7.6875 7.6875 5.875 5.875 4.3125 4.3125 4.3125 1.8125 1.8125 0.5 0.5 0.5 0.1875 0.1875 0.25 0.25 0.25 0.375 0.375 0.3125 0.3125 0.3125 0 0 0 0 0 0 0 0 0 0 0 0 0 0 0 0 0 0 0 0 0 0 0 0 0 0 0 0 0 0 0 0 0 0 0 0 0 0 0 0 0 0 0 0 0 0 0 0 0 0 0 0 0 0
 0 0 0 0 0 0 0 0 0 0 0 0 0 0 0 0 0 0 0 0 0.125 0.125 1.375 1.375 1.375 1.875 1.875 1.5625 1.5625 1.5625 1.625 1.625 1.3125 1.3125 1.3125 0.75 0.75 0.5 0.5 0.5 0.5625 0.5625 0.5 0.5 0.5 0.25 0.25 0.0625 0.0625 0.0625 0 0 0 0 0 0 0 0 0 0 0 0 0 0 0 0 0 0 0 0 0 0 0.1875 0.1875 0.1875 1 1 1.1875 1.1875 1.1875 1 1 3.4375 3.4375 3.4375 8.0625 8.0625 8.5 8.5 8.5 8.375 8.375 7.6875 7.6875 7.6875 5.875 5.875 4.3125 4.3125 4.3125 1.8125 1.8125 0.5 0.5 0.5 0.1875 0.1875 0.25 0.25 0.25 0.375 0.375 0.3125 0.3125 0.3125 0 0 0 0 0 0 0 0 0 0 0 0 0 0 0 0 0 0 0 0 0 0 0 0 0 0 0 0 0 0 0 0 0 0 0 0 0 0 0 0 0 0 0 0 0 0 0 0 0 0 0 0 0 0
 0 0 0 0 0 0 0 0 0 0 0 0 0 0 0 0 0 0 0 0 0.125 0.125 1.375 1.375 1.375 1.875 1.875 1.5625 1.5625 1.5625 1.625 1.625 1.3125 1.3125 1.3125 0.75 0.75 0.5 0.5 0.5 0.5625 0.5625 0.5 0.5 0.5 0.25 0.25 0.0625 0.0625 0.0625 0 0 0 0 0 0 0 0 0 0 0 0 0 0 0 0 0 0 0 0 0 0 0.1875 0.1875 0.1875 1 1 1.1875 1.1875 1.1875 1 1 3.4375 3.4375 3.4375 8.0625 8.0625 8.5 8.5 8.5 8.375 8.375 7.6875 7.6875 7.6875 5.875 5.875 4.3125 4.3125 4.3125 1.8125 1.8125 0.5 0.5 0.5 0.1875 0.1875 0.25 0.25 0.25 0.375 0.375 0.3125 0.3125 0.3125 0 0 0 0 0 0 0 0 0 0 0 0 0 0 0 0 0 0 0 0 0 0 0 0 0 0 0 0 0 0 0 0 0 0 0 0 0 0 0 0 0 0 0 0 0 0 0 0 0 0 0 0 0 0
 0 0 0 0 0 0 0 0 0 0 0 0 0 0 0 0 0 0 0 0 0.4375 0.4375 2.1875 2.1875 2.1875 2.8125 2.8125 2.4375 2.4375 2.4375 2.125 2.125 1.5 1.5 1.5 0.4375 0.4375 0.125 0.125 0.125 0.0625 0.0625 0 0 0 0 0 0 0 0 0 0 0 0 0 0 0 0 0 0 0 0 0 0 0 0 0 0 0 0 0.0625 0.0625 0.625 0.625 0.625 1.125 1.125 1 1 1 3.3125 3.3125 7.125 7.125 7.125 7.625 7.625 7.375 7.375 7.375 7.4375 7.4375 6.25 6.25 6.25 4.6875 4.6875 1.875 1.875 1.875 0.5 0.5 0.1875 0.1875 0.1875 0.25 0.25 0.25 0.25 0.25 0.125 0.125 0 0 0 0 0 0 0 0 0 0 0 0 0 0 0 0 0 0 0 0 0 0 0 0 0 0 0 0 0 0 0 0 0 0 0 0 0 0 0 0 0 0 0 0 0 0 0 0 0 0 0 0 0 0 0 0 0
 0 0 0 0 0 0 0 0 0 0 0 0 0 0 0 0 0 0 0 0 0.4375 0.4375 2.1875 2.1875 2.1875 2.8125 2.8125 2.4375 2.4375 2.4375 2.125 2.125 1.5 1.5 1.5 0.4375 0.4375 0.125 0.125 0.125 0.0625 0.0625 0 0 0 0 0 0 0 0 0 0 0 0 0 0 0 0 0 0 0 0 0 0 0 0 0 0 0 0 0.0625 0.0625 0.625 0.625 0.625 1.125 1.125 1 1 1 3.3125 3.3125 7.125 7.125 7.125 7.625 7.625 7.375 7.375 7.375 7.4375 7.4375 6.25 6.25 6.25 4.6875 4.6875 1.875 1.875 1.875 0.5 0.5 0.1875 0.1875 0.1875 0.25 0.25 0.25 0.25 0.25 0.125 0.125 0 0 0 0 0 0 0 0 0 0 0 0 0 0 0 0 0 0 0 0 0 0 0 0 0 0 0 0 0 0 0 0 0 0 0 0 0 0 0 0 0 0 0 0 0 0 0 0 0 0 0 0 0 0 0 0 0
 0 0 0 0 0 0 0 0 0 0 0 0 0 0 0 0 0 0 0 0 0 0 0.625 0.625 0.625 1.25 1.25 0.9375 0.9375 0.9375 0.875 0.875 1 1 1 0.375 0.375 0.125 0.125 0.125 0.0625 0.0625 0 0 0 0 0 0 0 0 0 0 0 0 0 0 0 0 0 0 0 0 0 0 0 0 0 0 0 0 0.1875 0.1875 0.5625 0.5625 0.5625 0.9375 0.9375 3.5625 3.5625 3.5625 6.6875 6.6875 6.625 6.625 6.625 6.6875 6.6875 7 7 7 6.4375 6.4375 4.9375 4.9375 4.9375 2 2 0.625 0.625 0.625 0.1875 0.1875 0.3125 0.3125 0.3125 0.3125 0.3125 0.1875 0.1875 0.1875 0 0 0 0 0 0 0 0 0 0 0 0 0 0 0 0 0 0 0 0 0 0 0 0 0 0 0 0 0 0 0 0 0 0 0 0 0 0 0 0 0 0 0 0 0 0 0 0 0 0 0 0 0 0 0 0 0 0 0
 0 0 0 0 0 0 0 0 0 0 0 0 0 0 0 0 0 0 0 0 0 0 0.625 0.625 0.625 1.25 1.25 0.9375 0.9375 0.9375 0.875 0.875 1 1 1 0.375 0.375 0.125 0.125 0.125 0.0625 0.0625 0 0 0 0 0 0 0 0 0 0 0 0 0 0 0 0 0 0 0 0 0 0 0 0 0 0 0 0 0.1875 0.1875 0.5625 0.5625 0.5625 0.9375 0.9375 3.5625 3.5625 3.5625 6.6875 6.6875 6.625 6.625 6.625 6.6875 6.6875 7 7 7 6.4375 6.4375 4.9375 4.9375 4.9375 2 2 0.625 0.625 0.625 0.1875 0.1875 0.3125 0.3125 0.3125 0.3125 0.3125 0.1875 0.1875 0.1875 0 0 0 0 0 0 0 0 0 0 0 0 0 0 0 0 0 0 0 0 0 0 0 0 0 0 0 0 0 0 0 0 0 0 0 0 0 0 0 0 0 0 0 0 0 0 0 0 0 0 0 0 0 0 0 0 0 0 0
 0 0 0 0 0 0 0 0 0 0 0 0 0 0 0 0 0 0 0 0 0 0 0.625 0.625 0.625 1.25 1.25 0.9375 0.9375 0.9375 0.875 0.875 1 1 1 0.375 0.375 0.125 0.125 0.125 0.0625 0.0625 0 0 0 0 0 0 0 0 0 0 0 0 0 0 0 0 0 0 0 0 0 0 0 0 0 0 0 0 0.1875 0.1875 0.5625 0.5625 0.5625 0.9375 0.9375 3.5625 3.5625 3.5625 6.6875 6.6875 6.625 6.625 6.625 6.6875 6.6875 7 7 7 6.4375 6.4375 4.9375 4.9375 4.9375 2 2 0.625 0.625 0.625 0.1875 0.1875 0.3125 0.3125 0.3125 0.3125 0.3125 0.1875 0.1875 0.1875 0 0 0 0 0 0 0 0 0 0 0 0 0 0 0 0 0 0 0 0 0 0 0 0 0 0 0 0 0 0 0 0 0 0 0 0 0 0 0 0 0 0 0 0 0 0 0 0 0 0 0 0 0 0 0 0 0 0 0
 0 0 0 0 0 0 0 0 0 0 0 0 0 0 0 0 0 0 0 0 0.0625 0.0625 0.375 0.375 0.375 0.4375 0.4375 0.25 0.25 0.25 0.375 0.375 0.5625 0.5625 0.5625 0.375 0.375 0.125 0.125 0.125 0 0 0 0 0 0 0 0 0 0 0 0 0 0 0 0 0 0 0 0 0 0 0 0 0 0 0 0 0 0 0.1875 0.1875 0.3125 0.3125 0.3125 2.125 2.125 5.875 5.875 5.875 6 6 6.0625 6.0625 6.0625 6.625 6.625 6.375 6.375 6.375 4.8125 4.8125 2 2 2 0.6875 0.6875 0.25 0.25 0.25 0.1875 0.1875 0.25 0.25 0.25 0.1875 0.1875 0.0625 0.0625 0.0625 0 0 0 0 0 0 0 0 0 0 0 0 0 0 0 0 0 0 0 0 0 0 0 0 0 0 0 0 0 0 0 0 0 0 0 0 0 0 0 0 0 0 0 0 0 0 0 0 0 0 0 0 0 0 0 0 0 0 0
 0 0 0 0 0 0 0 0 0 0 0 0 0 0 0 0 0 0 0 0 0.0625 0.0625 0.375 0.375 0.375 0.4375 0.4375 0.25 0.25 0.25 0.375 0.375 0.5625 0.5625 0.5625 0.375 0.375 0.125 0.125 0.125 0 0 0 0 0 0 0 0 0 0 0 0 0 0 0 0 0 0 0 0 0 0 0 0 0 0 0 0 0 0 0.1875 0.1875 0.3125 0.3125 0.3125 2.125 2.125 5.875 5.875 5.875 6 6 6.0625 6.0625 6.0625 6.625 6.625 6.375 6.375 6.375 4.8125 4.8125 2 2 2 0.6875 0.6875 0.25 0.25 0.25 0.1875 0.1875 0.25 0.25 0.25 0.1875 0.1875 0.0625 0.0625 0.0625 0 0 0 0 0 0 0 0 0 0 0 0 0 0 0 0 0 0 0 0 0 0 0 0 0 0 0 0 0 0 0 0 0 0 0 0 0 0 0 0 0 0 0 0 0 0 0 0 0 0 0 0 0 0 0 0 0 0 0
 0 0 0 0 0 0 0 0 0 0 0 0 0 0 0 0 0 0.25 0.25 0.25 0.375 0.375 0.5625 0.5625 0.5625 0.625 0.625 0.625 0.625 0.625 0.75 0.75 0.75 0.75 0.75 0.375 0.375 0.125 0.125 0.125 0 0 0 0 0 0 0 0 0 0 0 0 0 0 0 0 0 0 0 0 0 0 0 0 0 0 0 0 0 0 0.125 0.125 1.125 1.125 1.125 4.25 4.25 5.625 5.625 5.625 5.9375 5.9375 6.5 6.5 6.5 6.6875 6.6875 4.75 4.75 4.75 1.8125 1.8125 0.6875 0.6875 0.6875 0.3125 0.3125 0.1875 0.1875 0.1875 0.1875 0.1875 0.25 0.25 0.25 0.1875 0.1875 0 0 0 0 0 0 0 0 0 0 0 0 0 0 0 0 0 0 0 0 0 0 0 0 0 0 0 0 0 0 0 0 0 0 0 0 0 0 0 0 0 0 0 0 0 0 0 0 0 0 0 0 0 0 0 0 0 0 0 0 0 0
 0 0 0 0 0 0 0 0 0 0 0 0 0 0 0 0 0 0.25 0.25 0.25 0.375 0.375 0.5625 0.5625 0.5625 0.625 0.625 0.625 0.625 0.625 0.75 0.75 0.75 0.75 0.75 0.375 0.375 0.125 0.125 0.125 0 0 0 0 0 0 0 0 0 0 0 0 0 0 0 0 0 0 0 0 0 0 0 0 0 0 0 0 0 0 0.125 0.125 1.125 1.125 1.125 4.25 4.25 5.625 5.625 5.625 5.9375 5.9375 6.5 6.5 6.5 6.6875 6.6875 4.75 4.75 4.75 1.8125 1.8125 0.6875 0.6875 0.6875 0.3125 0.3125 0.1875 0.1875 0.1875 0.1875 0.1875 0.25 0.25 0.25 0.1875 0.1875 0 0 0 0 0 0 0 0 0 0 0 0 0 0 0 0 0 0 0 0 0 0 0 0 0 0 0 0 0 0 0 0 0 0 0 0 0 0 0 0 0 0 0 0 0 0 0 0 0 0 0 0 0 0 0 0 0 0 0 0 0 0
 0 0 0 0 0 0 0 0 0 0 0 0 0 0 0 0 0 0.25 0.25 0.25 0.375 0.375 0.5625 0.5625 0.5625 0.625 0.625 0.625 0.625 0.625 0.75 0.75 0.75 0.75 0.75 0.375 0.375 0.125 0.125 0.125 0 0 0 0 0 0 0 0 0 0 0 0 0 0 0 0 0 0 0 0 0 0 0 0 0 0 0 0 0 0 0.125 0.125 1.125 1.125 1.125 4.25 4.25 5.625 5.625 5.625 5.9375 5.9375 6.5 6.5 6.5 6.6875 6.6875 4.75 4.75 4.75 1.8125 1.8125 0.6875 0.6875 0.6875 0.3125 0.3125 0.1875 0.1875 0.1875 0.1875 0.1875 0.25 0.25 0.25 0.1875 0.1875 0 0 0 0 0 0 0 0 0 0 0 0 0 0 0 0 0 0 0 0 0 0 0 0 0 0 0 0 0 0 0 0 0 0 0 0 0 0 0 0 0 0 0 0 0 0 0 0 0 0 0 0 0 0 0 0 0 0 0 0 0 0
 0 0 0 0 0 0 0 0 0 0 0 0 0 0 0 0.0625 0.0625 0.4375 0.4375 0.4375 0.6875 0.6875 0.5 0.5 0.5 0.625 0.625 0.6875 0.6875 0.6875 0.75 0.75 0.8125 0.8125 0.8125 0.625 0.625 0.3125 0.3125 0.3125 0.0625 0.0625 0 0 0 0 0 0 0 0 0 0 0 0 0 0 0 0 0 0 0 0 0 0 0 0 0 0 0 0 0.625 0.625 2.875 2.875 2.875 4.875 4.875 5.625 5.625 5.625 6.6875 6.6875 7.1875 7.1875 7.1875 5.0625 5.0625 1.75 1.75 1.75 0.625 0.625 0.3125 0.3125 0.3125 0.125 0.125 0.125 0.125 0.125 0.1875 0.1875 0.5 0.5 0.5 0.125 0.125 0 0 0 0 0 0 0 0 0 0 0 0 0 0 0 0 0 0 0 0 0 0 0 0 0 0 0 0 0 0 0 0 0 0 0 0 0 0 0 0 0 0 0 0 0 0 0 0 0 0 0 0 0 0 0 0 0 0 0 0 0 0
 0 0 0 0 0 0 0 0 0 0 0 0 0 0 0 0.0625 0.0625 0.4375 0.4375 0.4375 0.6875 0.6875 0.5 0.5 0.5 0.625 0.625 0.6875 0.6875 0.6875 0.75 0.75 0.8125 0.8125 0.8125 0.625 0.625 0.3125 0.3125 0.3125 0.0625 0.0625 0 0 0 0 0 0 0 0 0 0 0 0 0 0 0 0 0 0 0 0 0 0 0 0 0 0 0 0 0.625 0.625 2.875 2.875 2.875 4.875 4.875 5.625 5.625 5.625 6.6875 6.6875 7.1875 7.1875 7.1875 5.0625 5.0625 1.75 1.75 1.75 0.625 0.625 0.3125 0.3125 0.3125 0.125 0.125 0.125 0.125 0.125 0.1875 0.1875 0.5 0.5 0.5 0.125 0.125 0 0 0 0 0 0 0 0 0 0 0 0 0 0 0 0 0 0 0 0 0 0 0 0 0 0 0 0 0 0 0 0 0 0 0 0 0 0 0 0 0 0 0 0 0 0 0 0 0 0 0 0 0 0 0 0 0 0 0 0 0 0
 0 0 0 0 0 0 0 0 0 0 0 0 0 0 0 0.0625 0.0625 0.3125 0.3125 0.3125 0.375 0.375 0.625 0.625 0.625 2.4375 2.4375 2.875 2.875 2.875 3.25 3.25 2.25 2.25 2.25 1.1875 1.1875 0.875 0.875 0.875 0.3125 0.3125 0.125 0.125 0.125 0 0 0 0 0 0 0 0 0 0 0 0 0 0 0 0 0 0 0 0 0 0 0.125 0.125 0.125 1.5 1.5 3.5 3.5 3.5 4.625 4.625 6.3125 6.3125 6.3125 7.75 7.75 5.5 5.5 5.5 2.0625 2.0625 0.6875 0.6875 0.6875 0.1875 0.1875 0.125 0.125 0.125 0.0625 0.0625 0.0625 0.0625 0.0625 0.4375 0.4375 0.1875 0.1875 0.1875 0 0 0 0 0 0 0 0 0 0 0 0 0 0 0 0 0 0 0 0 0 0 0 0 0 0 0 0 0 0 0 0 0 0 0 0 0 0 0 0 0 0 0 0 0 0 0 0 0 0 0 0 0 0 0 0 0 0 0 0 0 0 0 0
 0 0 0 0 0 0 0 0 0 0 0 0 0 0 0 0.0625 0.0625 0.3125 0.3125 0.3125 0.375 0.375 0.625 0.625 0.625 2.4375 2.4375 2.875 2.875 2.875 3.25 3.25 2.25 2.25 2.25 1.1875 1.1875 0.875 0.875 0.875 0.3125 0.3125 0.125 0.125 0.125 0 0 0 0 0 0 0 0 0 0 0 0 0 0 0 0 0 0 0 0 0 0 0.125 0.125 0.125 1.5 1.5 3.5 3.5 3.5 4.625 4.625 6.3125 6.3125 6.3125 7.75 7.75 5.5 5.5 5.5 2.0625 2.0625 0.6875 0.6875 0.6875 0.1875 0.1875 0.125 0.125 0.125 0.0625 0.0625 0.0625 0.0625 0.0625 0.4375 0.4375 0.1875 0.1875 0.1875 0 0 0 0 0 0 0 0 0 0 0 0 0 0 0 0 0 0 0 0 0 0 0 0 0 0 0 0 0 0 0 0 0 0 0 0 0 0 0 0 0 0 0 0 0 0 0 0 0 0 0 0 0 0 0 0 0 0 0 0 0 0 0 0
 0 0 0 0 0 0 0 0 0 0 0 0 0 0 0 0.0625 0.0625 0.3125 0.3125 0.3125 0.375 0.375 0.625 0.625 0.625 2.4375 2.4375 2.875 2.875 2.875 3.25 3.25 2.25 2.25 2.25 1.1875 1.1875 0.875 0.875 0.875 0.3125 0.3125 0.125 0.125 0.125 0 0 0 0 0 0 0 0 0 0 0 0 0 0 0 0 0 0 0 0 0 0 0.125 0.125 0.125 1.5 1.5 3.5 3.5 3.5 4.625 4.625 6.3125 6.3125 6.3125 7.75 7.75 5.5 5.5 5.5 2.0625 2.0625 0.6875 0.6875 0.6875 0.1875 0.1875 0.125 0.125 0.125 0.0625 0.0625 0.0625 0.0625 0.0625 0.4375 0.4375 0.1875 0.1875 0.1875 0 0 0 0 0 0 0 0 0 0 0 0 0 0 0 0 0 0 0 0 0 0 0 0 0 0 0 0 0 0 0 0 0 0 0 0 0 0 0 0 0 0 0 0 0 0 0 0 0 0 0 0 0 0 0 0 0 0 0 0 0 0 0 0
 0 0 0 0 0 0 0 0 0 0 0 0 0.0625 0.0625 0.0625 0.25 0.25 0.8125 0.8125 0.8125 1.1875 1.1875 1.5625 1.5625 1.5625 3.4375 3.4375 3.75 3.75 3.75 4 4 3.5625 3.5625 3.5625 2.8125 2.8125 2.0625 2.0625 2.0625 1.875 1.875 0.8125 0.8125 0.8125 0.6875 0.6875 0.75 0.75 0.75 0.375 0.375 0 0 0 0 0 0 0 0 0 0 0 0 0 0 0 0.3125 0.3125 0.3125 1.8125 1.8125 3.5 3.5 3.5 5.5 5.5 7.25 7.25 7.25 5.125 5.125 2.25 2.25 2.25 1 1 0.3125 0.3125 0.3125 0.125 0.125 0.0625 0.0625 0.0625 0.0625 0.0625 0.4375 0.4375 0.4375 0.3125 0.3125 0 0 0 0 0 0 0 0 0 0 0 0 0 0 0 0 0 0 0 0 0 0 0 0 0 0 0 0 0 0 0 0 0 0 0 0 0 0 0 0 0 0 0 0 0 0 0 0 0 0 0 0 0 0 0 0 0 0 0 0 0 0 0 0 0 0 0
 0 0 0 0 0 0 0 0 0 0 0 0 0.0625 0.0625 0.0625 0.25 0.25 0.8125 0.8125 0.8125 1.1875 1.1875 1.5625 1.5625 1.5625 3.4375 3.4375 3.75 3.75 3.75 4 4 3.5625 3.5625 3.5625 2.8125 2.8125 2.0625 2.0625 2.0625 1.875 1.875 0.8125 0.8125 0.8125 0.6875 0.6875 0.75 0.75 0.75 0.375 0.375 0 0 0 0 0 0 0 0 0 0 0 0 0 0 0 0.3125 0.3125 0.3125 1.8125 1.8125 3.5 3.5 3.5 5.5 5.5 7.25 7.25 7.25 5.125 5.125 2.25 2.25 2.25 1 1 0.3125 0.3125 0.3125 0.125 0.125 0.0625 0.0625 0.0625 0.0625 0.0625 0.4375 0.4375 0.4375 0.3125 0.3125 0 0 0 0 0 0 0 0 0 0 0 0 0 0 0 0 0 0 0 0 0 0 0 0 0 0 0 0 0 0 0 0 0 0 0 0 0 0 0 0 0 0 0 0 0 0 0 0 0 0 0 0 0 0 0 0 0 0 0 0 0 0 0 0 0 0 0
 0 0 0 0 0 0 0 0.0625 0.0625 0.0625 0.0625 0.0625 0.1875 0.1875 0.1875 0.3125 0.3125 0.875 0.875 0.875 1.5625 1.5625 1.5 1.5 1.5 2.4375 2.4375 3.5625 3.5625 3.5625 3.125 3.125 3.25 3.25 3.25 3.75 3.75 6.125 6.125 6.125 6.9375 6.9375 5.375 5.375 5.375 3.8125 3.8125 2.375 2.375 2.375 0.6875 0.6875 0.0625 0.0625 0.0625 0 0 0 0 0 0 0 0 0 0 0 0 0.3125 0.3125 0.3125 1.625 1.625 3.8125 3.8125 3.8125 5.75 5.75 3.875 3.875 3.875 1.8125 1.8125 1 1 1 0.5 0.5 0.1875 0.1875 0.1875 0.0625 0.0625 0.125 0.125 0.125 0.5625 0.5625 0.4375 0.4375 0.4375 0.0625 0.0625 0 0 0 0 0 0 0 0 0 0 0 0 0 0 0 0 0 0 0 0 0 0 0 0 0 0 0 0 0.0625 0.0625 0 0 0 0 0 0 0 0 0 0 0 0 0 0 0 0 0 0 0 0 0 0 0 0 0 0 0 0 0 0 0 0 0 0 0 0 0
 0 0 0 0 0 0 0 0.0625 0.0625 0.0625 0.0625 0.0625 0.1875 0.1875 0.1875 0.3125 0.3125 0.875 0.875 0.875 1.5625 1.5625 1.5 1.5 1.5 2.4375 2.4375 3.5625 3.5625 3.5625 3.125 3.125 3.25 3.25 3.25 3.75 3.75 6.125 6.125 6.125 6.9375 6.9375 5.375 5.375 5.375 3.8125 3.8125 2.375 2.375 2.375 0.6875 0.6875 0.0625 0.0625 0.0625 0 0 0 0 0 0 0 0 0 0 0 0 0.3125 0.3125 0.3125 1.625 1.625 3.8125 3.8125 3.8125 5.75 5.75 3.875 3.875 3.875 1.8125 1.8125 1 1 1 0.5 0.5 0.1875 0.1875 0.1875 0.0625 0.0625 0.125 0.125 0.125 0.5625 0.5625 0.4375 0.4375 0.4375 0.0625 0.0625 0 0 0 0 0 0 0 0 0 0 0 0 0 0 0 0 0 0 0 0 0 0 0 0 0 0 0 0 0.0625 0.0625 0 0 0 0 0 0 0 0 0 0 0 0 0 0 0 0 0 0 0 0 0 0 0 0 0 0 0 0 0 0 0 0 0 0 0 0 0
 0 0 0 0 0 0 0 0.0625 0.0625 0.0625 0.0625 0.0625 0.1875 0.1875 0.1875 0.3125 0.3125 0.875 0.875 0.875 1.5625 1.5625 1.5 1.5 1.5 2.4375 2.4375 3.5625 3.5625 3.5625 3.125 3.125 3.25 3.25 3.25 3.75 3.75 6.125 6.125 6.125 6.9375 6.9375 5.375 5.375 5.375 3.8125 3.8125 2.375 2.375 2.375 0.6875 0.6875 0.0625 0.0625 0.0625 0 0 0 0 0 0 0 0 0 0 0 0 0.3125 0.3125 0.3125 1.625 1.625 3.8125 3.8125 3.8125 5.75 5.75 3.875 3.875 3.875 1.8125 1.8125 1 1 1 0.5 0.5 0.1875 0.1875 0.1875 0.0625 0.0625 0.125 0.125 0.125 0.5625 0.5625 0.4375 0.4375 0.4375 0.0625 0.0625 0 0 0 0 0 0 0 0 0 0 0 0 0 0 0 0 0 0 0 0 0 0 0 0 0 0 0 0 0.0625 0.0625 0 0 0 0 0 0 0 0 0 0 0 0 0 0 0 0 0 0 0 0 0 0 0 0 0 0 0 0 0 0 0 0 0 0 0 0 0
 0 0 0 0 0 0.1875 0.1875 0.3125 0.3125 0.3125 0.375 0.375 0.25 0.25 0.25 0.3125 0.3125 0.8125 0.8125 0.8125 1.5 1.5 1.4375 1.4375 1.4375 2.375 2.375 2.625 2.625 2.625 2.1875 2.1875 2.3125 2.3125 2.3125 3.625 3.625 6.125 6.125 6.125 6.4375 6.4375 5.3125 5.3125 5.3125 3.6875 3.6875 1.4375 1.4375 1.4375 0.3125 0.3125 0 0 0 0 0 0 0 0 0 0 0 0 0 0 0 0.375 0.375 0.375 1.625 1.625 3 3 3 2.0625 2.0625 0.875 0.875 0.875 0.6875 0.6875 0.3125 0.3125 0.3125 0.25 0.25 0.125 0.125 0.125 0.0625 0.0625 0.5 0.5 0.5 0.5 0.5 0.0625 0.0625 0.0625 0 0 0 0 0 0 0 0 0 0 0 0 0 0 0 0 0 0 0 0 0 0 0 0 0 0 0 0 0 0 0.0625 0.0625 0 0 0 0 0 0 0 0 0 0 0 0 0 0 0 0 0 0 0 0 0 0 0 0 0 0 0 0 0 0 0 0 0 0 0 0 0
 0 0 0 0 0 0.1875 0.1875 0.3125 0.3125 0.3125 0.375 0.375 0.25 0.25 0.25 0.3125 0.3125 0.8125 0.8125 0.8125 1.5 1.5 1.4375 1.4375 1.4375 2.375 2.375 2.625 2.625 2.625 2.1875 2.1875 2.3125 2.3125 2.3125 3.625 3.625 6.125 6.125 6.125 6.4375 6.4375 5.3125 5.3125 5.3125 3.6875 3.6875 1.4375 1.4375 1.4375 0.3125 0.3125 0 0 0 0 0 0 0 0 0 0 0 0 0 0 0 0.375 0.375 0.375 1.625 1.625 3 3 3 2.0625 2.0625 0.875 0.875 0.875 0.6875 0.6875 0.3125 0.3125 0.3125 0.25 0.25 0.125 0.125 0.125 0.0625 0.0625 0.5 0.5 0.5 0.5 0.5 0.0625 0.0625 0.0625 0 0 0 0 0 0 0 0 0 0 0 0 0 0 0 0 0 0 0 0 0 0 0 0 0 0 0 0 0 0 0.0625 0.0625 0 0 0 0 0 0 0 0 0 0 0 0 0 0 0 0 0 0 0 0 0 0 0 0 0 0 0 0 0 0 0 0 0 0 0 0 0
 0.0625 0.0625 0 0 0 0.125 0.125 0.3125 0.3125 0.3125 0.4375 0.4375 0.3125 0.3125 0.3125 0.3125 0.3125 0.75 0.75 0.75 1.3125 1.3125 1.625 1.625 1.625 1.9375 1.9375 1.9375 1.9375 1.9375 2.0625 2.0625 2.1875 2.1875 2.1875 2.9375 2.9375 3.75 3.75 3.75 5.125 5.125 4.4375 4.4375 4.4375 3.0625 3.0625 1.3125 1.3125 1.3125 0.25 0.25 0 0 0 0 0 0 0 0 0 0 0 0 0 0.1875 0.1875 0.8125 0.8125 0.8125 1.5625 1.5625 0.8125 0.8125 0.8125 0.3125 0.3125 0.25 0.25 0.25 0.25 0.25 0.375 0.375 0.375 0.5625 0.5625 0.4375 0.4375 0.4375 0.375 0.375 0.8125 0.8125 0.8125 0.3125 0.3125 0 0 0 0 0 0 0 0 0 0 0 0 0 0 0 0 0 0 0 0 0 0 0 0 0 0 0 0 0 0 0 0 0 0 0 0 0 0 0 0 0 0 0 0 0 0 0 0 0 0 0 0 0 0 0 0 0 0 0 0 0 0 0 0 0 0 0 0 0 0 0 0
 0.0625 0.0625 0 0 0 0.125 0.125 0.3125 0.3125 0.3125 0.4375 0.4375 0.3125 0.3125 0.3125 0.3125 0.3125 0.75 0.75 0.75 1.3125 1.3125 1.625 1.625 1.625 1.9375 1.9375 1.9375 1.9375 1.9375 2.0625 2.0625 2.1875 2.1875 2.1875 2.9375 2.9375 3.75 3.75 3.75 5.125 5.125 4.4375 4.4375 4.4375 3.0625 3.0625 1.3125 1.3125 1.3125 0.25 0.25 0 0 0 0 0 0 0 0 0 0 0 0 0 0.1875 0.1875 0.8125 0.8125 0.8125 1.5625 1.5625 0.8125 0.8125 0.8125 0.3125 0.3125 0.25 0.25 0.25 0.25 0.25 0.375 0.375 0.375 0.5625 0.5625 0.4375 0.4375 0.4375 0.375 0.375 0.8125 0.8125 0.8125 0.3125 0.3125 0 0 0 0 0 0 0 0 0 0 0 0 0 0 0 0 0 0 0 0 0 0 0 0 0 0 0 0 0 0 0 0 0 0 0 0 0 0 0 0 0 0 0 0 0 0 0 0 0 0 0 0 0 0 0 0 0 0 0 0 0 0 0 0 0 0 0 0 0 0 0 0
 0.0625 0.0625 0 0 0 0.125 0.125 0.3125 0.3125 0.3125 0.4375 0.4375 0.3125 0.3125 0.3125 0.3125 0.3125 0.75 0.75 0.75 1.3125 1.3125 1.625 1.625 1.625 1.9375 1.9375 1.9375 1.9375 1.9375 2.0625 2.0625 2.1875 2.1875 2.1875 2.9375 2.9375 3.75 3.75 3.75 5.125 5.125 4.4375 4.4375 4.4375 3.0625 3.0625 1.3125 1.3125 1.3125 0.25 0.25 0 0 0 0 0 0 0 0 0 0 0 0 0 0.1875 0.1875 0.8125 0.8125 0.8125 1.5625 1.5625 0.8125 0.8125 0.8125 0.3125 0.3125 0.25 0.25 0.25 0.25 0.25 0.375 0.375 0.375 0.5625 0.5625 0.4375 0.4375 0.4375 0.375 0.375 0.8125 0.8125 0.8125 0.3125 0.3125 0 0 0 0 0 0 0 0 0 0 0 0 0 0 0 0 0 0 0 0 0 0 0 0 0 0 0 0 0 0 0 0 0 0 0 0 0 0 0 0 0 0 0 0 0 0 0 0 0 0 0 0 0 0 0 0 0 0 0 0 0 0 0 0 0 0 0 0 0 0 0 0
 0.1875 0.1875 0.3125 0.3125 0.3125 0.25 0.25 0.5 0.5 0.5 0.5 0.5 0.375 0.375 0.375 0.375 0.375 0.5625 0.5625 0.5625 1 1 1.0625 1.0625 1.0625 1.1875 1.1875 1.3125 1.3125 1.3125 1.375 1.375 1.375 1.375 1.375 1.5625 1.5625 1.8125 1.8125 1.8125 2.5625 2.5625 3.1875 3.1875 3.1875 2.9375 2.9375 2.1875 2.1875 2.1875 0.8125 0.8125 0.0625 0.0625 0.0625 0 0 0 0 0 0 0 0.25 0.25 0.25 0.8125 0.8125 0.9375 0.9375 0.9375 0.9375 0.9375 0.4375 0.4375 0.4375 0.4375 0.4375 0.625 0.625 0.625 0.9375 0.9375 1.25 1.25 1.25 1.375 1.375 0.875 0.875 0.875 1.4375 1.4375 0.9375 0.9375 0.9375 0.0625 0.0625 0 0 0 0 0 0 0 0 0 0 0 0 0 0 0 0 0 0 0 0 0 0 0 0 0 0 0 0 0 0 0 0 0 0 0 0 0 0 0 0 0 0 0 0 0 0 0 0 0 0 0 0 0 0 0 0 0 0 0 0 0 0 0 0 0 0 0 0 0 0 0 0
 0.1875 0.1875 0.3125 0.3125 0.3125 0.25 0.25 0.5 0.5 0.5 0.5 0.5 0.375 0.375 0.375 0.375 0.375 0.5625 0.5625 0.5625 1 1 1.0625 1.0625 1.0625 1.1875 1.1875 1.3125 1.3125 1.3125 1.375 1.375 1.375 1.375 1.375 1.5625 1.5625 1.8125 1.8125 1.8125 2.5625 2.5625 3.1875 3.1875 3.1875 2.9375 2.9375 2.1875 2.1875 2.1875 0.8125 0.8125 0.0625 0.0625 0.0625 0 0 0 0 0 0 0 0.25 0.25 0.25 0.8125 0.8125 0.9375 0.9375 0.9375 0.9375 0.9375 0.4375 0.4375 0.4375 0.4375 0.4375 0.625 0.625 0.625 0.9375 0.9375 1.25 1.25 1.25 1.375 1.375 0.875 0.875 0.875 1.4375 1.4375 0.9375 0.9375 0.9375 0.0625 0.0625 0 0 0 0 0 0 0 0 0 0 0 0 0 0 0 0 0 0 0 0 0 0 0 0 0 0 0 0 0 0 0 0 0 0 0 0 0 0 0 0 0 0 0 0 0 0 0 0 0 0 0 0 0 0 0 0 0 0 0 0 0 0 0 0 0 0 0 0 0 0 0 0
 0.5625 0.5625 0.125 0.125 0.125 0.0625 0.0625 0.125 0.125 0.125 0.375 0.375 0.375 0.375 0.375 0.3125 0.3125 0.4375 0.4375 0.4375 0.6875 0.6875 0.625 0.625 0.625 0.5 0.5 0.25 0.25 0.25 0.3125 0.3125 0.375 0.375 0.375 0.3125 0.3125 0.875 0.875 0.875 1.75 1.75 2.625 2.625 2.625 2.6875 2.6875 2 2 2 1.1875 1.1875 0.25 0.25 0.25 0 0 0 0 0 0.0625 0.0625 0.5625 0.5625 0.5625 0.875 0.875 0.5625 0.5625 0.5625 0.375 0.375 0.3125 0.3125 0.3125 0.5 0.5 0.875 0.875 0.875 1.0625 1.0625 0.75 0.75 0.75 0.625 0.625 0.625 0.625 0.625 1.1875 1.1875 0.25 0.25 0.25 0 0 0 0 0 0 0 0 0 0 0 0 0 0 0 0 0 0 0 0 0 0 0 0 0 0 0 0 0 0 0 0 0 0 0 0 0 0 0 0 0 0 0 0 0 0 0 0 0 0 0 0 0 0 0 0 0 0 0 0 0 0 0 0 0 0 0 0 0 0 0 0 0 0
 0.5625 0.5625 0.125 0.125 0.125 0.0625 0.0625 0.125 0.125 0.125 0.375 0.375 0.375 0.375 0.375 0.3125 0.3125 0.4375 0.4375 0.4375 0.6875 0.6875 0.625 0.625 0.625 0.5 0.5 0.25 0.25 0.25 0.3125 0.3125 0.375 0.375 0.375 0.3125 0.3125 0.875 0.875 0.875 1.75 1.75 2.625 2.625 2.625 2.6875 2.6875 2 2 2 1.1875 1.1875 0.25 0.25 0.25 0 0 0 0 0 0.0625 0.0625 0.5625 0.5625 0.5625 0.875 0.875 0.5625 0.5625 0.5625 0.375 0.375 0.3125 0.3125 0.3125 0.5 0.5 0.875 0.875 0.875 1.0625 1.0625 0.75 0.75 0.75 0.625 0.625 0.625 0.625 0.625 1.1875 1.1875 0.25 0.25 0.25 0 0 0 0 0 0 0 0 0 0 0 0 0 0 0 0 0 0 0 0 0 0 0 0 0 0 0 0 0 0 0 0 0 0 0 0 0 0 0 0 0 0 0 0 0 0 0 0 0 0 0 0 0 0 0 0 0 0 0 0 0 0 0 0 0 0 0 0 0 0 0 0 0 0
