ncols        169
nrows        134
xllcorner    60.900000000000
yllcorner    23.700000000000
cellsize     0.100000000000
NODATA_value  -9999
 3.75 3.75 2.5 2.5 2.5 1.8125 1.8125 1.625 1.625 1.625 1.125 1.125 0.5 0.5 0.5 0.1875 0.1875 0.125 0.125 0.125 0 0 0 0 0 0.25 0.25 0.4375 0.4375 0.4375 1.4375 1.4375 1.5 1.5 1.5 0.9375 0.9375 0.5 0.5 0.5 0.0625 0.0625 0 0 0 0 0 0.0625 0.0625 0.0625 0.0625 0.0625 0.0625 0.0625 0.0625 0.0625 0.0625 0 0 0 0 0 0 0 0 0 0 0 0 0 0 0 0 0 0 0 0 0 0 0 0 0 0 0 0 0 0 0.0625 0.0625 0.0625 0.125 0.125 0.0625 0.0625 0.0625 0.0625 0.0625 0.0625 0.0625 0.0625 0 0 0.0625 0.0625 0.0625 0.0625 0.0625 0.125 0.125 0.125 0.1875 0.1875 0.125 0.125 0.125 0.1875 0.1875 0.125 0.125 0.125 0.25 0.25 0.5625 0.5625 0.5625 0.5 0.5 0.375 0.375 0.375 0.125 0.125 0.25 0.25 0.25 0.25 0.25 0.1875 0.1875 0.1875 0.125 0.125 0.0625 0.0625 0.0625 0 0 0 0 0 0 0 0 0 0 0 0 0 0 0 0 0 0 0 0 0 0 0 0
 3.75 3.75 2.5 2.5 2.5 1.8125 1.8125 1.625 1.625 1.625 1.125 1.125 0.5 0.5 0.5 0.1875 0.1875 0.125 0.125 0.125 0 0 0 0 0 0.25 0.25 0.4375 0.4375 0.4375 1.4375 1.4375 1.5 1.5 1.5 0.9375 0.9375 0.5 0.5 0.5 0.0625 0.0625 0 0 0 0 0 0.0625 0.0625 0.0625 0.0625 0.0625 0.0625 0.0625 0.0625 0.0625 0.0625 0 0 0 0 0 0 0 0 0 0 0 0 0 0 0 0 0 0 0 0 0 0 0 0 0 0 0 0 0 0 0.0625 0.0625 0.0625 0.125 0.125 0.0625 0.0625 0.0625 0.0625 0.0625 0.0625 0.0625 0.0625 0 0 0.0625 0.0625 0.0625 0.0625 0.0625 0.125 0.125 0.125 0.1875 0.1875 0.125 0.125 0.125 0.1875 0.1875 0.125 0.125 0.125 0.25 0.25 0.5625 0.5625 0.5625 0.5 0.5 0.375 0.375 0.375 0.125 0.125 0.25 0.25 0.25 0.25 0.25 0.1875 0.1875 0.1875 0.125 0.125 0.0625 0.0625 0.0625 0 0 0 0 0 0 0 0 0 0 0 0 0 0 0 0 0 0 0 0 0 0 0 0
 5 5 3.25 3.25 3.25 2.75 2.75 2.125 2.125 2.125 1.0625 1.0625 0.1875 0.1875 0.1875 0.125 0.125 0.1875 0.1875 0.1875 0.1875 0.1875 0.125 0.125 0.125 0.25 0.25 0.9375 0.9375 0.9375 2.1875 2.1875 1.6875 1.6875 1.6875 0.6875 0.6875 0.3125 0.3125 0.3125 0 0 0 0 0 0.0625 0.0625 0.0625 0.0625 0.0625 0.125 0.125 0.1875 0.1875 0.1875 0.125 0.125 0 0 0 0 0 0.125 0.125 0.125 0.1875 0.1875 0.0625 0.0625 0.0625 0 0 0 0 0 0 0 0 0 0 0 0 0 0 0 0 0 0.0625 0.0625 0.0625 0.0625 0.0625 0.0625 0.0625 0.0625 0 0 0 0 0 0 0 0 0 0 0 0 0.0625 0.0625 0.0625 0.25 0.25 0.875 0.875 0.875 0.9375 0.9375 0.9375 0.9375 0.9375 0.75 0.75 0.6875 0.6875 0.6875 0.5625 0.5625 0.8125 0.8125 0.8125 0.5625 0.5625 0.5 0.5 0.5 0.3125 0.3125 0.25 0.25 0.25 0.3125 0.3125 0.6875 0.6875 0.6875 0.375 0.375 0 0 0 0 0 0 0 0 0 0 0 0 0 0 0 0 0 0 0 0 0 0
 5 5 3.25 3.25 3.25 2.75 2.75 2.125 2.125 2.125 1.0625 1.0625 0.1875 0.1875 0.1875 0.125 0.125 0.1875 0.1875 0.1875 0.1875 0.1875 0.125 0.125 0.125 0.25 0.25 0.9375 0.9375 0.9375 2.1875 2.1875 1.6875 1.6875 1.6875 0.6875 0.6875 0.3125 0.3125 0.3125 0 0 0 0 0 0.0625 0.0625 0.0625 0.0625 0.0625 0.125 0.125 0.1875 0.1875 0.1875 0.125 0.125 0 0 0 0 0 0.125 0.125 0.125 0.1875 0.1875 0.0625 0.0625 0.0625 0 0 0 0 0 0 0 0 0 0 0 0 0 0 0 0 0 0.0625 0.0625 0.0625 0.0625 0.0625 0.0625 0.0625 0.0625 0 0 0 0 0 0 0 0 0 0 0 0 0.0625 0.0625 0.0625 0.25 0.25 0.875 0.875 0.875 0.9375 0.9375 0.9375 0.9375 0.9375 0.75 0.75 0.6875 0.6875 0.6875 0.5625 0.5625 0.8125 0.8125 0.8125 0.5625 0.5625 0.5 0.5 0.5 0.3125 0.3125 0.25 0.25 0.25 0.3125 0.3125 0.6875 0.6875 0.6875 0.375 0.375 0 0 0 0 0 0 0 0 0 0 0 0 0 0 0 0 0 0 0 0 0 0
 5 5 3.25 3.25 3.25 2.75 2.75 2.125 2.125 2.125 1.0625 1.0625 0.1875 0.1875 0.1875 0.125 0.125 0.1875 0.1875 0.1875 0.1875 0.1875 0.125 0.125 0.125 0.25 0.25 0.9375 0.9375 0.9375 2.1875 2.1875 1.6875 1.6875 1.6875 0.6875 0.6875 0.3125 0.3125 0.3125 0 0 0 0 0 0.0625 0.0625 0.0625 0.0625 0.0625 0.125 0.125 0.1875 0.1875 0.1875 0.125 0.125 0 0 0 0 0 0.125 0.125 0.125 0.1875 0.1875 0.0625 0.0625 0.0625 0 0 0 0 0 0 0 0 0 0 0 0 0 0 0 0 0 0.0625 0.0625 0.0625 0.0625 0.0625 0.0625 0.0625 0.0625 0 0 0 0 0 0 0 0 0 0 0 0 0.0625 0.0625 0.0625 0.25 0.25 0.875 0.875 0.875 0.9375 0.9375 0.9375 0.9375 0.9375 0.75 0.75 0.6875 0.6875 0.6875 0.5625 0.5625 0.8125 0.8125 0.8125 0.5625 0.5625 0.5 0.5 0.5 0.3125 0.3125 0.25 0.25 0.25 0.3125 0.3125 0.6875 0.6875 0.6875 0.375 0.375 0 0 0 0 0 0 0 0 0 0 0 0 0 0 0 0 0 0 0 0 0 0
 6 6 3.625 3.625 3.625 2.625 2.625 2.0625 2.0625 2.0625 1.8125 1.8125 1.625 1.625 1.625 1.5 1.5 0.9375 0.9375 0.9375 0.6875 0.6875 0.5 0.5 0.5 0.875 0.875 2.0625 2.0625 2.0625 2.875 2.875 1.75 1.75 1.75 0.6875 0.6875 0.25 0.25 0.25 0.0625 0.0625 0.1875 0.1875 0.1875 0.125 0.125 0.0625 0.0625 0.0625 0.125 0.125 0.1875 0.1875 0.1875 0.1875 0.1875 0.125 0.125 0.125 0.25 0.25 0.8125 0.8125 0.8125 0.5 0.5 0.1875 0.1875 0.1875 0.0625 0.0625 0 0 0 0 0 0 0 0 0 0 0.0625 0.0625 0.0625 0.1875 0.1875 0.1875 0.1875 0.1875 0.125 0.125 0.125 0.125 0.125 0.125 0.125 0.125 0.125 0.125 0.125 0.125 0.0625 0.0625 0.0625 0.0625 0.0625 0.0625 0.0625 0.0625 0.625 0.625 1.0625 1.0625 1.0625 1 1 1.25 1.25 1.25 1 1 0.6875 0.6875 0.6875 0.3125 0.3125 0.3125 0.3125 0.3125 0.3125 0.3125 0.3125 0.3125 0.3125 0.0625 0.0625 0.0625 0.0625 0.0625 0.25 0.25 0.8125 0.8125 0.8125 0.75 0.75 0.125 0.125 0.125 0 0 0 0 0 0 0 0 0 0 0 0 0 0 0 0 0 0 0
 6 6 3.625 3.625 3.625 2.625 2.625 2.0625 2.0625 2.0625 1.8125 1.8125 1.625 1.625 1.625 1.5 1.5 0.9375 0.9375 0.9375 0.6875 0.6875 0.5 0.5 0.5 0.875 0.875 2.0625 2.0625 2.0625 2.875 2.875 1.75 1.75 1.75 0.6875 0.6875 0.25 0.25 0.25 0.0625 0.0625 0.1875 0.1875 0.1875 0.125 0.125 0.0625 0.0625 0.0625 0.125 0.125 0.1875 0.1875 0.1875 0.1875 0.1875 0.125 0.125 0.125 0.25 0.25 0.8125 0.8125 0.8125 0.5 0.5 0.1875 0.1875 0.1875 0.0625 0.0625 0 0 0 0 0 0 0 0 0 0 0.0625 0.0625 0.0625 0.1875 0.1875 0.1875 0.1875 0.1875 0.125 0.125 0.125 0.125 0.125 0.125 0.125 0.125 0.125 0.125 0.125 0.125 0.0625 0.0625 0.0625 0.0625 0.0625 0.0625 0.0625 0.0625 0.625 0.625 1.0625 1.0625 1.0625 1 1 1.25 1.25 1.25 1 1 0.6875 0.6875 0.6875 0.3125 0.3125 0.3125 0.3125 0.3125 0.3125 0.3125 0.3125 0.3125 0.3125 0.0625 0.0625 0.0625 0.0625 0.0625 0.25 0.25 0.8125 0.8125 0.8125 0.75 0.75 0.125 0.125 0.125 0 0 0 0 0 0 0 0 0 0 0 0 0 0 0 0 0 0 0
 6.25 6.25 4.75 4.75 4.75 4 4 3.4375 3.4375 3.4375 3.3125 3.3125 2.8125 2.8125 2.8125 1.75 1.75 0.6875 0.6875 0.6875 0.6875 0.6875 1.0625 1.0625 1.0625 1.75 1.75 2.375 2.375 2.375 2.3125 2.3125 1.4375 1.4375 1.4375 0.6875 0.6875 0.25 0.25 0.25 0.1875 0.1875 0.375 0.375 0.375 0.1875 0.1875 0.0625 0.0625 0.0625 0.0625 0.0625 0.3125 0.3125 0.3125 0.3125 0.3125 0.1875 0.1875 0.1875 0.25 0.25 0.25 0.25 0.25 0.125 0.125 0.1875 0.1875 0.1875 0.1875 0.1875 0.0625 0.0625 0.0625 0 0 0 0 0 0.0625 0.0625 0.1875 0.1875 0.1875 0.25 0.25 0.1875 0.1875 0.1875 0.5625 0.5625 0.6875 0.6875 0.6875 1.3125 1.3125 0.4375 0.4375 0.4375 0.4375 0.4375 0.625 0.625 0.625 0.375 0.375 0.125 0.125 0.125 0.1875 0.1875 0.3125 0.3125 0.3125 1.375 1.375 1.25 1.25 1.25 1.125 1.125 0.625 0.625 0.625 0.125 0.125 0 0 0 0.0625 0.0625 0.0625 0.0625 0.0625 0 0 0 0 0 0.6875 0.6875 1.25 1.25 1.25 0.5625 0.5625 0.25 0.25 0.25 0.1875 0.1875 0 0 0 0 0 0 0 0 0 0 0 0 0 0 0 0 0
 6.25 6.25 4.75 4.75 4.75 4 4 3.4375 3.4375 3.4375 3.3125 3.3125 2.8125 2.8125 2.8125 1.75 1.75 0.6875 0.6875 0.6875 0.6875 0.6875 1.0625 1.0625 1.0625 1.75 1.75 2.375 2.375 2.375 2.3125 2.3125 1.4375 1.4375 1.4375 0.6875 0.6875 0.25 0.25 0.25 0.1875 0.1875 0.375 0.375 0.375 0.1875 0.1875 0.0625 0.0625 0.0625 0.0625 0.0625 0.3125 0.3125 0.3125 0.3125 0.3125 0.1875 0.1875 0.1875 0.25 0.25 0.25 0.25 0.25 0.125 0.125 0.1875 0.1875 0.1875 0.1875 0.1875 0.0625 0.0625 0.0625 0 0 0 0 0 0.0625 0.0625 0.1875 0.1875 0.1875 0.25 0.25 0.1875 0.1875 0.1875 0.5625 0.5625 0.6875 0.6875 0.6875 1.3125 1.3125 0.4375 0.4375 0.4375 0.4375 0.4375 0.625 0.625 0.625 0.375 0.375 0.125 0.125 0.125 0.1875 0.1875 0.3125 0.3125 0.3125 1.375 1.375 1.25 1.25 1.25 1.125 1.125 0.625 0.625 0.625 0.125 0.125 0 0 0 0.0625 0.0625 0.0625 0.0625 0.0625 0 0 0 0 0 0.6875 0.6875 1.25 1.25 1.25 0.5625 0.5625 0.25 0.25 0.25 0.1875 0.1875 0 0 0 0 0 0 0 0 0 0 0 0 0 0 0 0 0
 6.25 6.25 4.75 4.75 4.75 4 4 3.4375 3.4375 3.4375 3.3125 3.3125 2.8125 2.8125 2.8125 1.75 1.75 0.6875 0.6875 0.6875 0.6875 0.6875 1.0625 1.0625 1.0625 1.75 1.75 2.375 2.375 2.375 2.3125 2.3125 1.4375 1.4375 1.4375 0.6875 0.6875 0.25 0.25 0.25 0.1875 0.1875 0.375 0.375 0.375 0.1875 0.1875 0.0625 0.0625 0.0625 0.0625 0.0625 0.3125 0.3125 0.3125 0.3125 0.3125 0.1875 0.1875 0.1875 0.25 0.25 0.25 0.25 0.25 0.125 0.125 0.1875 0.1875 0.1875 0.1875 0.1875 0.0625 0.0625 0.0625 0 0 0 0 0 0.0625 0.0625 0.1875 0.1875 0.1875 0.25 0.25 0.1875 0.1875 0.1875 0.5625 0.5625 0.6875 0.6875 0.6875 1.3125 1.3125 0.4375 0.4375 0.4375 0.4375 0.4375 0.625 0.625 0.625 0.375 0.375 0.125 0.125 0.125 0.1875 0.1875 0.3125 0.3125 0.3125 1.375 1.375 1.25 1.25 1.25 1.125 1.125 0.625 0.625 0.625 0.125 0.125 0 0 0 0.0625 0.0625 0.0625 0.0625 0.0625 0 0 0 0 0 0.6875 0.6875 1.25 1.25 1.25 0.5625 0.5625 0.25 0.25 0.25 0.1875 0.1875 0 0 0 0 0 0 0 0 0 0 0 0 0 0 0 0 0
 7.875 7.875 5.9375 5.9375 5.9375 5.25 5.25 3.8125 3.8125 3.8125 2.8125 2.8125 1.875 1.875 1.875 1.25 1.25 1.5625 1.5625 1.5625 2.25 2.25 2.8125 2.8125 2.8125 3.0625 3.0625 3.3125 3.3125 3.3125 2.625 2.625 2.0625 2.0625 2.0625 1.3125 1.3125 0.4375 0.4375 0.4375 0.3125 0.3125 0.5 0.5 0.5 1 1 1.25 1.25 1.25 0.5 0.5 0.375 0.375 0.375 0.1875 0.1875 0.125 0.125 0.125 0.0625 0.0625 0 0 0 0 0 0.0625 0.0625 0.0625 0.0625 0.0625 0.0625 0.0625 0.0625 0 0 0 0 0 0.125 0.125 0.1875 0.1875 0.1875 0.375 0.375 0.875 0.875 0.875 1.1875 1.1875 1 1 1 0.75 0.75 0.125 0.125 0.125 0.375 0.375 1.0625 1.0625 1.0625 0.5 0.5 0.0625 0.0625 0.0625 0.125 0.125 0.75 0.75 0.75 1 1 1 1 1 0.875 0.875 0.625 0.625 0.625 0.1875 0.1875 0 0 0 0 0 0 0 0 0 0 0 0 0 0.625 0.625 1.125 1.125 1.125 1.1875 1.1875 1.125 1.125 1.125 1.0625 1.0625 0.5 0.5 0.5 0.125 0.125 0.0625 0.0625 0.0625 0.0625 0.0625 0 0 0 0 0 0 0
 7.875 7.875 5.9375 5.9375 5.9375 5.25 5.25 3.8125 3.8125 3.8125 2.8125 2.8125 1.875 1.875 1.875 1.25 1.25 1.5625 1.5625 1.5625 2.25 2.25 2.8125 2.8125 2.8125 3.0625 3.0625 3.3125 3.3125 3.3125 2.625 2.625 2.0625 2.0625 2.0625 1.3125 1.3125 0.4375 0.4375 0.4375 0.3125 0.3125 0.5 0.5 0.5 1 1 1.25 1.25 1.25 0.5 0.5 0.375 0.375 0.375 0.1875 0.1875 0.125 0.125 0.125 0.0625 0.0625 0 0 0 0 0 0.0625 0.0625 0.0625 0.0625 0.0625 0.0625 0.0625 0.0625 0 0 0 0 0 0.125 0.125 0.1875 0.1875 0.1875 0.375 0.375 0.875 0.875 0.875 1.1875 1.1875 1 1 1 0.75 0.75 0.125 0.125 0.125 0.375 0.375 1.0625 1.0625 1.0625 0.5 0.5 0.0625 0.0625 0.0625 0.125 0.125 0.75 0.75 0.75 1 1 1 1 1 0.875 0.875 0.625 0.625 0.625 0.1875 0.1875 0 0 0 0 0 0 0 0 0 0 0 0 0 0.625 0.625 1.125 1.125 1.125 1.1875 1.1875 1.125 1.125 1.125 1.0625 1.0625 0.5 0.5 0.5 0.125 0.125 0.0625 0.0625 0.0625 0.0625 0.0625 0 0 0 0 0 0 0
 9.3125 9.3125 8.125 8.125 8.125 7.875 7.875 6.3125 6.3125 6.3125 4.625 4.625 3.9375 3.9375 3.9375 4.9375 4.9375 6 6 6 5.9375 5.9375 5.375 5.375 5.375 6.125 6.125 5.375 5.375 5.375 4.5 4.5 3.4375 3.4375 3.4375 1.25 1.25 0.5625 0.5625 0.5625 0.375 0.375 0.25 0.25 0.25 1.125 1.125 1.6875 1.6875 1.6875 0.4375 0.4375 0.3125 0.3125 0.3125 0.1875 0.1875 0.0625 0.0625 0.0625 0 0 0 0 0 0.0625 0.0625 0.0625 0.0625 0.0625 0 0 0 0 0 0 0 0.0625 0.0625 0.0625 0.375 0.375 0.375 0.375 0.375 0.4375 0.4375 1.3125 1.3125 1.3125 1.4375 1.4375 1.25 1.25 1.25 1.125 1.125 0.9375 0.9375 0.9375 1.125 1.125 0.9375 0.9375 0.9375 0.4375 0.4375 0.125 0.125 0.125 0.375 0.375 1.1875 1.1875 1.1875 1.5 1.5 1.3125 1.3125 1.3125 1.3125 1.3125 1 1 1 0.1875 0.1875 0 0 0 0 0 0 0 0 0 0 0 0 0 0.125 0.125 0.375 0.375 0.375 0.6875 0.6875 0.875 0.875 0.875 1.25 1.25 0.9375 0.9375 0.9375 0.4375 0.4375 0.4375 0.4375 0.4375 0.625 0.625 0.25 0.25 0.25 0 0 0 0
 9.3125 9.3125 8.125 8.125 8.125 7.875 7.875 6.3125 6.3125 6.3125 4.625 4.625 3.9375 3.9375 3.9375 4.9375 4.9375 6 6 6 5.9375 5.9375 5.375 5.375 5.375 6.125 6.125 5.375 5.375 5.375 4.5 4.5 3.4375 3.4375 3.4375 1.25 1.25 0.5625 0.5625 0.5625 0.375 0.375 0.25 0.25 0.25 1.125 1.125 1.6875 1.6875 1.6875 0.4375 0.4375 0.3125 0.3125 0.3125 0.1875 0.1875 0.0625 0.0625 0.0625 0 0 0 0 0 0.0625 0.0625 0.0625 0.0625 0.0625 0 0 0 0 0 0 0 0.0625 0.0625 0.0625 0.375 0.375 0.375 0.375 0.375 0.4375 0.4375 1.3125 1.3125 1.3125 1.4375 1.4375 1.25 1.25 1.25 1.125 1.125 0.9375 0.9375 0.9375 1.125 1.125 0.9375 0.9375 0.9375 0.4375 0.4375 0.125 0.125 0.125 0.375 0.375 1.1875 1.1875 1.1875 1.5 1.5 1.3125 1.3125 1.3125 1.3125 1.3125 1 1 1 0.1875 0.1875 0 0 0 0 0 0 0 0 0 0 0 0 0 0.125 0.125 0.375 0.375 0.375 0.6875 0.6875 0.875 0.875 0.875 1.25 1.25 0.9375 0.9375 0.9375 0.4375 0.4375 0.4375 0.4375 0.4375 0.625 0.625 0.25 0.25 0.25 0 0 0 0
 9.3125 9.3125 8.125 8.125 8.125 7.875 7.875 6.3125 6.3125 6.3125 4.625 4.625 3.9375 3.9375 3.9375 4.9375 4.9375 6 6 6 5.9375 5.9375 5.375 5.375 5.375 6.125 6.125 5.375 5.375 5.375 4.5 4.5 3.4375 3.4375 3.4375 1.25 1.25 0.5625 0.5625 0.5625 0.375 0.375 0.25 0.25 0.25 1.125 1.125 1.6875 1.6875 1.6875 0.4375 0.4375 0.3125 0.3125 0.3125 0.1875 0.1875 0.0625 0.0625 0.0625 0 0 0 0 0 0.0625 0.0625 0.0625 0.0625 0.0625 0 0 0 0 0 0 0 0.0625 0.0625 0.0625 0.375 0.375 0.375 0.375 0.375 0.4375 0.4375 1.3125 1.3125 1.3125 1.4375 1.4375 1.25 1.25 1.25 1.125 1.125 0.9375 0.9375 0.9375 1.125 1.125 0.9375 0.9375 0.9375 0.4375 0.4375 0.125 0.125 0.125 0.375 0.375 1.1875 1.1875 1.1875 1.5 1.5 1.3125 1.3125 1.3125 1.3125 1.3125 1 1 1 0.1875 0.1875 0 0 0 0 0 0 0 0 0 0 0 0 0 0.125 0.125 0.375 0.375 0.375 0.6875 0.6875 0.875 0.875 0.875 1.25 1.25 0.9375 0.9375 0.9375 0.4375 0.4375 0.4375 0.4375 0.4375 0.625 0.625 0.25 0.25 0.25 0 0 0 0
 14.5 14.5 13.375 13.375 13.375 12 12 9 9 9 6.9375 6.9375 6.625 6.625 6.625 6.5625 6.5625 6.625 6.625 6.625 6.4375 6.4375 7.4375 7.4375 7.4375 7.375 7.375 6.4375 6.4375 6.4375 4.9375 4.9375 4.375 4.375 4.375 4.625 4.625 3.875 3.875 3.875 3.5625 3.5625 2.5 2.5 2.5 1.4375 1.4375 1.3125 1.3125 1.3125 0.75 0.75 0.9375 0.9375 0.9375 1 1 0.625 0.625 0.625 0.625 0.625 0.5625 0.5625 0.5625 0.8125 0.8125 0.3125 0.3125 0.3125 0.0625 0.0625 0 0 0 0.125 0.125 0.3125 0.3125 0.3125 0.3125 0.3125 0.1875 0.1875 0.1875 0.875 0.875 1.9375 1.9375 1.9375 1.625 1.625 2.1875 2.1875 2.1875 2.3125 2.3125 2.5625 2.5625 2.5625 2 2 0.8125 0.8125 0.8125 0.25 0.25 0.1875 0.1875 0.1875 0.25 0.25 0.5625 0.5625 0.5625 0.5625 0.5625 0.75 0.75 0.75 0.5 0.5 0.3125 0.3125 0.3125 0.25 0.25 0.0625 0.0625 0.0625 0 0 0 0 0 0.0625 0.0625 0.125 0.125 0.125 0.0625 0.0625 0.125 0.125 0.125 0.0625 0.0625 0.0625 0.0625 0.0625 0.3125 0.3125 0.3125 0.3125 0.3125 0.0625 0.0625 0.5 0.5 0.5 1 1 0.9375 0.9375 0.9375 0.5 0.5 0.1875 0.1875
 14.5 14.5 13.375 13.375 13.375 12 12 9 9 9 6.9375 6.9375 6.625 6.625 6.625 6.5625 6.5625 6.625 6.625 6.625 6.4375 6.4375 7.4375 7.4375 7.4375 7.375 7.375 6.4375 6.4375 6.4375 4.9375 4.9375 4.375 4.375 4.375 4.625 4.625 3.875 3.875 3.875 3.5625 3.5625 2.5 2.5 2.5 1.4375 1.4375 1.3125 1.3125 1.3125 0.75 0.75 0.9375 0.9375 0.9375 1 1 0.625 0.625 0.625 0.625 0.625 0.5625 0.5625 0.5625 0.8125 0.8125 0.3125 0.3125 0.3125 0.0625 0.0625 0 0 0 0.125 0.125 0.3125 0.3125 0.3125 0.3125 0.3125 0.1875 0.1875 0.1875 0.875 0.875 1.9375 1.9375 1.9375 1.625 1.625 2.1875 2.1875 2.1875 2.3125 2.3125 2.5625 2.5625 2.5625 2 2 0.8125 0.8125 0.8125 0.25 0.25 0.1875 0.1875 0.1875 0.25 0.25 0.5625 0.5625 0.5625 0.5625 0.5625 0.75 0.75 0.75 0.5 0.5 0.3125 0.3125 0.3125 0.25 0.25 0.0625 0.0625 0.0625 0 0 0 0 0 0.0625 0.0625 0.125 0.125 0.125 0.0625 0.0625 0.125 0.125 0.125 0.0625 0.0625 0.0625 0.0625 0.0625 0.3125 0.3125 0.3125 0.3125 0.3125 0.0625 0.0625 0.5 0.5 0.5 1 1 0.9375 0.9375 0.9375 0.5 0.5 0.1875 0.1875
 12.75 12.75 13.4375 13.4375 13.4375 11.3125 11.3125 9.25 9.25 9.25 8.5 8.5 6.875 6.875 6.875 5.3125 5.3125 4.875 4.875 4.875 4.4375 4.4375 5 5 5 4.25 4.25 3.375 3.375 3.375 3.125 3.125 3.4375 3.4375 3.4375 3.8125 3.8125 2.625 2.625 2.625 2.5625 2.5625 3 3 3 3.0625 3.0625 3 3 3 2.9375 2.9375 2.9375 2.9375 2.9375 1.9375 1.9375 3.125 3.125 3.125 2.3125 2.3125 1.1875 1.1875 1.1875 0.75 0.75 0.1875 0.1875 0.1875 0.0625 0.0625 0.1875 0.1875 0.1875 0.625 0.625 1.125 1.125 1.125 0.75 0.75 0.25 0.25 0.25 0.375 0.375 1.25 1.25 1.25 2.375 2.375 0.9375 0.9375 0.9375 1.9375 1.9375 2.125 2.125 2.125 1.1875 1.1875 0.8125 0.8125 0.8125 0.5 0.5 0.4375 0.4375 0.4375 0.3125 0.3125 0.5 0.5 0.5 0.4375 0.4375 0.5 0.5 0.5 0.3125 0.3125 0.25 0.25 0.25 0.8125 0.8125 0.3125 0.3125 0.3125 0 0 0 0 0 0.25 0.25 0.25 0.25 0.25 0 0 0 0 0 0 0 0 0 0 0 0 0 0 0 0 0 0.1875 0.1875 0.1875 0.5625 0.5625 0.6875 0.6875 0.6875 0.625 0.625 0.25 0.25
 12.75 12.75 13.4375 13.4375 13.4375 11.3125 11.3125 9.25 9.25 9.25 8.5 8.5 6.875 6.875 6.875 5.3125 5.3125 4.875 4.875 4.875 4.4375 4.4375 5 5 5 4.25 4.25 3.375 3.375 3.375 3.125 3.125 3.4375 3.4375 3.4375 3.8125 3.8125 2.625 2.625 2.625 2.5625 2.5625 3 3 3 3.0625 3.0625 3 3 3 2.9375 2.9375 2.9375 2.9375 2.9375 1.9375 1.9375 3.125 3.125 3.125 2.3125 2.3125 1.1875 1.1875 1.1875 0.75 0.75 0.1875 0.1875 0.1875 0.0625 0.0625 0.1875 0.1875 0.1875 0.625 0.625 1.125 1.125 1.125 0.75 0.75 0.25 0.25 0.25 0.375 0.375 1.25 1.25 1.25 2.375 2.375 0.9375 0.9375 0.9375 1.9375 1.9375 2.125 2.125 2.125 1.1875 1.1875 0.8125 0.8125 0.8125 0.5 0.5 0.4375 0.4375 0.4375 0.3125 0.3125 0.5 0.5 0.5 0.4375 0.4375 0.5 0.5 0.5 0.3125 0.3125 0.25 0.25 0.25 0.8125 0.8125 0.3125 0.3125 0.3125 0 0 0 0 0 0.25 0.25 0.25 0.25 0.25 0 0 0 0 0 0 0 0 0 0 0 0 0 0 0 0 0 0.1875 0.1875 0.1875 0.5625 0.5625 0.6875 0.6875 0.6875 0.625 0.625 0.25 0.25
 12.75 12.75 13.4375 13.4375 13.4375 11.3125 11.3125 9.25 9.25 9.25 8.5 8.5 6.875 6.875 6.875 5.3125 5.3125 4.875 4.875 4.875 4.4375 4.4375 5 5 5 4.25 4.25 3.375 3.375 3.375 3.125 3.125 3.4375 3.4375 3.4375 3.8125 3.8125 2.625 2.625 2.625 2.5625 2.5625 3 3 3 3.0625 3.0625 3 3 3 2.9375 2.9375 2.9375 2.9375 2.9375 1.9375 1.9375 3.125 3.125 3.125 2.3125 2.3125 1.1875 1.1875 1.1875 0.75 0.75 0.1875 0.1875 0.1875 0.0625 0.0625 0.1875 0.1875 0.1875 0.625 0.625 1.125 1.125 1.125 0.75 0.75 0.25 0.25 0.25 0.375 0.375 1.25 1.25 1.25 2.375 2.375 0.9375 0.9375 0.9375 1.9375 1.9375 2.125 2.125 2.125 1.1875 1.1875 0.8125 0.8125 0.8125 0.5 0.5 0.4375 0.4375 0.4375 0.3125 0.3125 0.5 0.5 0.5 0.4375 0.4375 0.5 0.5 0.5 0.3125 0.3125 0.25 0.25 0.25 0.8125 0.8125 0.3125 0.3125 0.3125 0 0 0 0 0 0.25 0.25 0.25 0.25 0.25 0 0 0 0 0 0 0 0 0 0 0 0 0 0 0 0 0 0.1875 0.1875 0.1875 0.5625 0.5625 0.6875 0.6875 0.6875 0.625 0.625 0.25 0.25
 11.0625 11.0625 10.5625 10.5625 10.5625 10.9375 10.9375 10.5625 10.5625 10.5625 9 9 6.0625 6.0625 6.0625 3.8125 3.8125 3.125 3.125 3.125 1.5 1.5 0.875 0.875 0.875 0.5 0.5 0.375 0.375 0.375 0.125 0.125 0.1875 0.1875 0.1875 0.3125 0.3125 0.25 0.25 0.25 0.5 0.5 1.3125 1.3125 1.3125 1.5625 1.5625 1.5625 1.5625 1.5625 2.375 2.375 2.5625 2.5625 2.5625 3.4375 3.4375 4.5625 4.5625 4.5625 3.8125 3.8125 2.375 2.375 2.375 1 1 0.8125 0.8125 0.8125 0.5 0.5 1.1875 1.1875 1.1875 1.6875 1.6875 0.875 0.875 0.875 0.75 0.75 0.75 0.75 0.75 0.4375 0.4375 0.8125 0.8125 0.8125 1.25 1.25 0.625 0.625 0.625 0.4375 0.4375 0.5 0.5 0.5 0.375 0.375 0.3125 0.3125 0.3125 0.375 0.375 0.1875 0.1875 0.1875 0.125 0.125 0.1875 0.1875 0.1875 0.1875 0.1875 0.3125 0.3125 0.3125 0.1875 0.1875 0.25 0.25 0.25 0.25 0.25 0.1875 0.1875 0.1875 0.0625 0.0625 0 0 0 0.0625 0.0625 0.0625 0.0625 0.0625 0 0 0 0 0 0 0 0 0 0 0 0 0 0 0 0 0 0 0 0 0 0 0 0 0 0.0625 0.0625 0.0625 0.0625
 11.0625 11.0625 10.5625 10.5625 10.5625 10.9375 10.9375 10.5625 10.5625 10.5625 9 9 6.0625 6.0625 6.0625 3.8125 3.8125 3.125 3.125 3.125 1.5 1.5 0.875 0.875 0.875 0.5 0.5 0.375 0.375 0.375 0.125 0.125 0.1875 0.1875 0.1875 0.3125 0.3125 0.25 0.25 0.25 0.5 0.5 1.3125 1.3125 1.3125 1.5625 1.5625 1.5625 1.5625 1.5625 2.375 2.375 2.5625 2.5625 2.5625 3.4375 3.4375 4.5625 4.5625 4.5625 3.8125 3.8125 2.375 2.375 2.375 1 1 0.8125 0.8125 0.8125 0.5 0.5 1.1875 1.1875 1.1875 1.6875 1.6875 0.875 0.875 0.875 0.75 0.75 0.75 0.75 0.75 0.4375 0.4375 0.8125 0.8125 0.8125 1.25 1.25 0.625 0.625 0.625 0.4375 0.4375 0.5 0.5 0.5 0.375 0.375 0.3125 0.3125 0.3125 0.375 0.375 0.1875 0.1875 0.1875 0.125 0.125 0.1875 0.1875 0.1875 0.1875 0.1875 0.3125 0.3125 0.3125 0.1875 0.1875 0.25 0.25 0.25 0.25 0.25 0.1875 0.1875 0.1875 0.0625 0.0625 0 0 0 0.0625 0.0625 0.0625 0.0625 0.0625 0 0 0 0 0 0 0 0 0 0 0 0 0 0 0 0 0 0 0 0 0 0 0 0 0 0.0625 0.0625 0.0625 0.0625
 12.3125 12.3125 9.5 9.5 9.5 10.0625 10.0625 10.5625 10.5625 10.5625 9.0625 9.0625 5.5625 5.5625 5.5625 3.6875 3.6875 3.6875 3.6875 3.6875 2 2 1.125 1.125 1.125 0.875 0.875 0.375 0.375 0.375 0.125 0.125 0.125 0.125 0.125 0.25 0.25 0.5625 0.5625 0.5625 0.9375 0.9375 0.9375 0.9375 0.9375 0.6875 0.6875 0.75 0.75 0.75 1.375 1.375 1.9375 1.9375 1.9375 1.875 1.875 2.6875 2.6875 2.6875 2.75 2.75 1.8125 1.8125 1.8125 1.5 1.5 1.9375 1.9375 1.9375 1.5 1.5 2.5 2.5 2.5 2.875 2.875 1.8125 1.8125 1.8125 0.875 0.875 1 1 1 1.0625 1.0625 0.6875 0.6875 0.6875 0.4375 0.4375 0.125 0.125 0.125 0.3125 0.3125 0.375 0.375 0.375 0.125 0.125 0 0 0 0 0 0 0 0 0 0 0 0 0 0.0625 0.0625 0.0625 0.0625 0.0625 0 0 0.125 0.125 0.125 0.1875 0.1875 0.0625 0.0625 0.0625 0.0625 0.0625 0 0 0 0 0 0 0 0 0 0 0 0 0 0 0 0 0 0 0 0 0 0 0 0 0 0 0 0 0 0 0 0 0 0 0 0 0
 12.3125 12.3125 9.5 9.5 9.5 10.0625 10.0625 10.5625 10.5625 10.5625 9.0625 9.0625 5.5625 5.5625 5.5625 3.6875 3.6875 3.6875 3.6875 3.6875 2 2 1.125 1.125 1.125 0.875 0.875 0.375 0.375 0.375 0.125 0.125 0.125 0.125 0.125 0.25 0.25 0.5625 0.5625 0.5625 0.9375 0.9375 0.9375 0.9375 0.9375 0.6875 0.6875 0.75 0.75 0.75 1.375 1.375 1.9375 1.9375 1.9375 1.875 1.875 2.6875 2.6875 2.6875 2.75 2.75 1.8125 1.8125 1.8125 1.5 1.5 1.9375 1.9375 1.9375 1.5 1.5 2.5 2.5 2.5 2.875 2.875 1.8125 1.8125 1.8125 0.875 0.875 1 1 1 1.0625 1.0625 0.6875 0.6875 0.6875 0.4375 0.4375 0.125 0.125 0.125 0.3125 0.3125 0.375 0.375 0.375 0.125 0.125 0 0 0 0 0 0 0 0 0 0 0 0 0 0.0625 0.0625 0.0625 0.0625 0.0625 0 0 0.125 0.125 0.125 0.1875 0.1875 0.0625 0.0625 0.0625 0.0625 0.0625 0 0 0 0 0 0 0 0 0 0 0 0 0 0 0 0 0 0 0 0 0 0 0 0 0 0 0 0 0 0 0 0 0 0 0 0 0
 12.3125 12.3125 9.5 9.5 9.5 10.0625 10.0625 10.5625 10.5625 10.5625 9.0625 9.0625 5.5625 5.5625 5.5625 3.6875 3.6875 3.6875 3.6875 3.6875 2 2 1.125 1.125 1.125 0.875 0.875 0.375 0.375 0.375 0.125 0.125 0.125 0.125 0.125 0.25 0.25 0.5625 0.5625 0.5625 0.9375 0.9375 0.9375 0.9375 0.9375 0.6875 0.6875 0.75 0.75 0.75 1.375 1.375 1.9375 1.9375 1.9375 1.875 1.875 2.6875 2.6875 2.6875 2.75 2.75 1.8125 1.8125 1.8125 1.5 1.5 1.9375 1.9375 1.9375 1.5 1.5 2.5 2.5 2.5 2.875 2.875 1.8125 1.8125 1.8125 0.875 0.875 1 1 1 1.0625 1.0625 0.6875 0.6875 0.6875 0.4375 0.4375 0.125 0.125 0.125 0.3125 0.3125 0.375 0.375 0.375 0.125 0.125 0 0 0 0 0 0 0 0 0 0 0 0 0 0.0625 0.0625 0.0625 0.0625 0.0625 0 0 0.125 0.125 0.125 0.1875 0.1875 0.0625 0.0625 0.0625 0.0625 0.0625 0 0 0 0 0 0 0 0 0 0 0 0 0 0 0 0 0 0 0 0 0 0 0 0 0 0 0 0 0 0 0 0 0 0 0 0 0
 11.125 11.125 8.6875 8.6875 8.6875 8.4375 8.4375 8.4375 8.4375 8.4375 6.25 6.25 3.4375 3.4375 3.4375 1.875 1.875 2 2 2 3.5625 3.5625 2.3125 2.3125 2.3125 1 1 0.75 0.75 0.75 0.4375 0.4375 0.4375 0.4375 0.4375 0.5 0.5 0.3125 0.3125 0.3125 0.1875 0.1875 0.1875 0.1875 0.1875 0.3125 0.3125 0.375 0.375 0.375 0.625 0.625 0.9375 0.9375 0.9375 1.25 1.25 1.75 1.75 1.75 1.4375 1.4375 1.3125 1.3125 1.3125 1.9375 1.9375 2.1875 2.1875 2.1875 1.875 1.875 2.125 2.125 2.125 3.0625 3.0625 2.0625 2.0625 2.0625 0.875 0.875 1 1 1 1.1875 1.1875 0.625 0.625 0.625 0.1875 0.1875 0 0 0 0 0 0 0 0 0 0 0 0 0 0 0 0 0 0 0 0 0 0 0 0 0 0 0 0 0 0 0 0 0 0.0625 0.0625 0.0625 0.0625 0.0625 0 0 0 0 0 0 0 0 0 0 0 0 0 0 0 0 0 0 0 0 0 0 0 0 0 0 0 0 0 0 0 0 0 0 0 0 0 0 0
 11.125 11.125 8.6875 8.6875 8.6875 8.4375 8.4375 8.4375 8.4375 8.4375 6.25 6.25 3.4375 3.4375 3.4375 1.875 1.875 2 2 2 3.5625 3.5625 2.3125 2.3125 2.3125 1 1 0.75 0.75 0.75 0.4375 0.4375 0.4375 0.4375 0.4375 0.5 0.5 0.3125 0.3125 0.3125 0.1875 0.1875 0.1875 0.1875 0.1875 0.3125 0.3125 0.375 0.375 0.375 0.625 0.625 0.9375 0.9375 0.9375 1.25 1.25 1.75 1.75 1.75 1.4375 1.4375 1.3125 1.3125 1.3125 1.9375 1.9375 2.1875 2.1875 2.1875 1.875 1.875 2.125 2.125 2.125 3.0625 3.0625 2.0625 2.0625 2.0625 0.875 0.875 1 1 1 1.1875 1.1875 0.625 0.625 0.625 0.1875 0.1875 0 0 0 0 0 0 0 0 0 0 0 0 0 0 0 0 0 0 0 0 0 0 0 0 0 0 0 0 0 0 0 0 0 0.0625 0.0625 0.0625 0.0625 0.0625 0 0 0 0 0 0 0 0 0 0 0 0 0 0 0 0 0 0 0 0 0 0 0 0 0 0 0 0 0 0 0 0 0 0 0 0 0 0 0
 8 8 6.6875 6.6875 6.6875 6.125 6.125 7.0625 7.0625 7.0625 5.5625 5.5625 2.6875 2.6875 2.6875 1 1 0.5 0.5 0.5 0.9375 0.9375 0.4375 0.4375 0.4375 0.1875 0.1875 0.0625 0.0625 0.0625 0.0625 0.0625 0.0625 0.0625 0.0625 0.0625 0.0625 0.0625 0.0625 0.0625 0.0625 0.0625 0.125 0.125 0.125 0.3125 0.3125 0.75 0.75 0.75 1.0625 1.0625 1.25 1.25 1.25 1.5 1.5 1.5 1.5 1.5 1.25 1.25 0.9375 0.9375 0.9375 1.0625 1.0625 1.5625 1.5625 1.5625 1 1 1.25 1.25 1.25 1.625 1.625 1.0625 1.0625 1.0625 0.5 0.5 0.5625 0.5625 0.5625 0.75 0.75 0.4375 0.4375 0.4375 0.375 0.375 0.125 0.125 0.125 0 0 0 0 0 0 0 0 0 0 0 0 0 0 0 0 0 0 0 0 0 0 0 0 0 0 0 0 0 0 0 0 0 0 0 0 0 0 0 0 0 0 0 0 0 0 0 0.0625 0.0625 0.0625 0 0 0.0625 0.0625 0.0625 0 0 0.1875 0.1875 0.1875 0.0625 0.0625 0 0 0 0 0 0 0 0 0 0 0 0
 8 8 6.6875 6.6875 6.6875 6.125 6.125 7.0625 7.0625 7.0625 5.5625 5.5625 2.6875 2.6875 2.6875 1 1 0.5 0.5 0.5 0.9375 0.9375 0.4375 0.4375 0.4375 0.1875 0.1875 0.0625 0.0625 0.0625 0.0625 0.0625 0.0625 0.0625 0.0625 0.0625 0.0625 0.0625 0.0625 0.0625 0.0625 0.0625 0.125 0.125 0.125 0.3125 0.3125 0.75 0.75 0.75 1.0625 1.0625 1.25 1.25 1.25 1.5 1.5 1.5 1.5 1.5 1.25 1.25 0.9375 0.9375 0.9375 1.0625 1.0625 1.5625 1.5625 1.5625 1 1 1.25 1.25 1.25 1.625 1.625 1.0625 1.0625 1.0625 0.5 0.5 0.5625 0.5625 0.5625 0.75 0.75 0.4375 0.4375 0.4375 0.375 0.375 0.125 0.125 0.125 0 0 0 0 0 0 0 0 0 0 0 0 0 0 0 0 0 0 0 0 0 0 0 0 0 0 0 0 0 0 0 0 0 0 0 0 0 0 0 0 0 0 0 0 0 0 0 0.0625 0.0625 0.0625 0 0 0.0625 0.0625 0.0625 0 0 0.1875 0.1875 0.1875 0.0625 0.0625 0 0 0 0 0 0 0 0 0 0 0 0
 8 8 6.6875 6.6875 6.6875 6.125 6.125 7.0625 7.0625 7.0625 5.5625 5.5625 2.6875 2.6875 2.6875 1 1 0.5 0.5 0.5 0.9375 0.9375 0.4375 0.4375 0.4375 0.1875 0.1875 0.0625 0.0625 0.0625 0.0625 0.0625 0.0625 0.0625 0.0625 0.0625 0.0625 0.0625 0.0625 0.0625 0.0625 0.0625 0.125 0.125 0.125 0.3125 0.3125 0.75 0.75 0.75 1.0625 1.0625 1.25 1.25 1.25 1.5 1.5 1.5 1.5 1.5 1.25 1.25 0.9375 0.9375 0.9375 1.0625 1.0625 1.5625 1.5625 1.5625 1 1 1.25 1.25 1.25 1.625 1.625 1.0625 1.0625 1.0625 0.5 0.5 0.5625 0.5625 0.5625 0.75 0.75 0.4375 0.4375 0.4375 0.375 0.375 0.125 0.125 0.125 0 0 0 0 0 0 0 0 0 0 0 0 0 0 0 0 0 0 0 0 0 0 0 0 0 0 0 0 0 0 0 0 0 0 0 0 0 0 0 0 0 0 0 0 0 0 0 0.0625 0.0625 0.0625 0 0 0.0625 0.0625 0.0625 0 0 0.1875 0.1875 0.1875 0.0625 0.0625 0 0 0 0 0 0 0 0 0 0 0 0
 3.625 3.625 3.4375 3.4375 3.4375 4.3125 4.3125 3.8125 3.8125 3.8125 2.0625 2.0625 1.25 1.25 1.25 1.375 1.375 3 3 3 3.5625 3.5625 1.5625 1.5625 1.5625 0.625 0.625 0.375 0.375 0.375 0.125 0.125 0.0625 0.0625 0.0625 0 0 0 0 0 0 0 0.1875 0.1875 0.1875 1.125 1.125 1.375 1.375 1.375 1.5 1.5 2.3125 2.3125 2.3125 3.3125 3.3125 3.375 3.375 3.375 2.9375 2.9375 1.5 1.5 1.5 1.1875 1.1875 2.125 2.125 2.125 1.625 1.625 2.1875 2.1875 2.1875 1.6875 1.6875 0.5625 0.5625 0.5625 0.25 0.25 0.25 0.25 0.25 0.375 0.375 0.125 0.125 0.125 0.25 0.25 0.5 0.5 0.5 0.375 0.375 0.1875 0.1875 0.1875 0.0625 0.0625 0 0 0 0 0 0 0 0 0 0 0 0 0 0 0 0 0 0 0 0 0 0 0 0 0 0 0 0 0 0 0 0 0 0 0 0 0 0 0 0 0 0 0 0 0 0 0 0 0.1875 0.1875 0.5625 0.5625 0.5625 0.375 0.375 0.0625 0.0625 0.0625 0 0 0 0 0 0 0 0 0
 3.625 3.625 3.4375 3.4375 3.4375 4.3125 4.3125 3.8125 3.8125 3.8125 2.0625 2.0625 1.25 1.25 1.25 1.375 1.375 3 3 3 3.5625 3.5625 1.5625 1.5625 1.5625 0.625 0.625 0.375 0.375 0.375 0.125 0.125 0.0625 0.0625 0.0625 0 0 0 0 0 0 0 0.1875 0.1875 0.1875 1.125 1.125 1.375 1.375 1.375 1.5 1.5 2.3125 2.3125 2.3125 3.3125 3.3125 3.375 3.375 3.375 2.9375 2.9375 1.5 1.5 1.5 1.1875 1.1875 2.125 2.125 2.125 1.625 1.625 2.1875 2.1875 2.1875 1.6875 1.6875 0.5625 0.5625 0.5625 0.25 0.25 0.25 0.25 0.25 0.375 0.375 0.125 0.125 0.125 0.25 0.25 0.5 0.5 0.5 0.375 0.375 0.1875 0.1875 0.1875 0.0625 0.0625 0 0 0 0 0 0 0 0 0 0 0 0 0 0 0 0 0 0 0 0 0 0 0 0 0 0 0 0 0 0 0 0 0 0 0 0 0 0 0 0 0 0 0 0 0 0 0 0 0.1875 0.1875 0.5625 0.5625 0.5625 0.375 0.375 0.0625 0.0625 0.0625 0 0 0 0 0 0 0 0 0
 1.5625 1.5625 2.375 2.375 2.375 2.625 2.625 1.6875 1.6875 1.6875 1.0625 1.0625 1 1 1 1.75 1.75 4 4 4 3.9375 3.9375 3.1875 3.1875 3.1875 3.6875 3.6875 2 2 2 0.3125 0.3125 0 0 0 0 0 0.0625 0.0625 0.0625 0.4375 0.4375 1.125 1.125 1.125 1.625 1.625 2.25 2.25 2.25 3.6875 3.6875 3.9375 3.9375 3.9375 4.5 4.5 3.0625 3.0625 3.0625 2.4375 2.4375 2.625 2.625 2.625 2.125 2.125 3.0625 3.0625 3.0625 2.625 2.625 2.25 2.25 2.25 0.625 0.625 0.25 0.25 0.25 0.25 0.25 0.4375 0.4375 0.4375 0.4375 0.4375 0.1875 0.1875 0.1875 0.125 0.125 0.0625 0.0625 0.0625 0.1875 0.1875 0.1875 0.1875 0.1875 0.0625 0.0625 0 0 0 0 0 0 0 0 0 0 0 0 0 0 0 0 0 0 0 0 0 0 0 0 0 0 0 0 0 0 0 0 0 0 0 0 0 0 0 0 0 0 0 0 0 0 0 0 0.3125 0.3125 1 1 1 0.4375 0.4375 0.1875 0.1875 0.1875 0.0625 0.0625 0 0 0 0 0 0 0
 1.5625 1.5625 2.375 2.375 2.375 2.625 2.625 1.6875 1.6875 1.6875 1.0625 1.0625 1 1 1 1.75 1.75 4 4 4 3.9375 3.9375 3.1875 3.1875 3.1875 3.6875 3.6875 2 2 2 0.3125 0.3125 0 0 0 0 0 0.0625 0.0625 0.0625 0.4375 0.4375 1.125 1.125 1.125 1.625 1.625 2.25 2.25 2.25 3.6875 3.6875 3.9375 3.9375 3.9375 4.5 4.5 3.0625 3.0625 3.0625 2.4375 2.4375 2.625 2.625 2.625 2.125 2.125 3.0625 3.0625 3.0625 2.625 2.625 2.25 2.25 2.25 0.625 0.625 0.25 0.25 0.25 0.25 0.25 0.4375 0.4375 0.4375 0.4375 0.4375 0.1875 0.1875 0.1875 0.125 0.125 0.0625 0.0625 0.0625 0.1875 0.1875 0.1875 0.1875 0.1875 0.0625 0.0625 0 0 0 0 0 0 0 0 0 0 0 0 0 0 0 0 0 0 0 0 0 0 0 0 0 0 0 0 0 0 0 0 0 0 0 0 0 0 0 0 0 0 0 0 0 0 0 0 0.3125 0.3125 1 1 1 0.4375 0.4375 0.1875 0.1875 0.1875 0.0625 0.0625 0 0 0 0 0 0 0
 1.5625 1.5625 2.375 2.375 2.375 2.625 2.625 1.6875 1.6875 1.6875 1.0625 1.0625 1 1 1 1.75 1.75 4 4 4 3.9375 3.9375 3.1875 3.1875 3.1875 3.6875 3.6875 2 2 2 0.3125 0.3125 0 0 0 0 0 0.0625 0.0625 0.0625 0.4375 0.4375 1.125 1.125 1.125 1.625 1.625 2.25 2.25 2.25 3.6875 3.6875 3.9375 3.9375 3.9375 4.5 4.5 3.0625 3.0625 3.0625 2.4375 2.4375 2.625 2.625 2.625 2.125 2.125 3.0625 3.0625 3.0625 2.625 2.625 2.25 2.25 2.25 0.625 0.625 0.25 0.25 0.25 0.25 0.25 0.4375 0.4375 0.4375 0.4375 0.4375 0.1875 0.1875 0.1875 0.125 0.125 0.0625 0.0625 0.0625 0.1875 0.1875 0.1875 0.1875 0.1875 0.0625 0.0625 0 0 0 0 0 0 0 0 0 0 0 0 0 0 0 0 0 0 0 0 0 0 0 0 0 0 0 0 0 0 0 0 0 0 0 0 0 0 0 0 0 0 0 0 0 0 0 0 0.3125 0.3125 1 1 1 0.4375 0.4375 0.1875 0.1875 0.1875 0.0625 0.0625 0 0 0 0 0 0 0
 1.3125 1.3125 1.125 1.125 1.125 0.9375 0.9375 0.5625 0.5625 0.5625 0.5 0.5 0.625 0.625 0.625 0.9375 0.9375 1.375 1.375 1.375 2.6875 2.6875 5 5 5 3.875 3.875 1.25 1.25 1.25 0.125 0.125 0.0625 0.0625 0.0625 0.3125 0.3125 1.125 1.125 1.125 1.8125 1.8125 2 2 2 2.4375 2.4375 3.625 3.625 3.625 5.125 5.125 4.625 4.625 4.625 4 4 3 3 3 3.375 3.375 2.625 2.625 2.625 2.9375 2.9375 3.875 3.875 3.875 3.5625 3.5625 1.3125 1.3125 1.3125 0.125 0.125 0.1875 0.1875 0.1875 0.3125 0.3125 0.5 0.5 0.5 0.3125 0.3125 0.125 0.125 0.125 0.0625 0.0625 0 0 0 0.0625 0.0625 0.0625 0.0625 0.0625 0 0 0 0 0 0 0 0 0 0 0 0 0 0 0 0 0 0 0 0 0 0 0 0 0 0 0 0 0 0 0 0 0 0 0 0 0 0 0 0 0 0 0 0 0 0 0 0 0 0 0.0625 0.0625 0.3125 0.3125 0.3125 0.375 0.375 0.3125 0.3125 0.3125 0.0625 0.0625 0 0 0 0 0 0 0
 1.3125 1.3125 1.125 1.125 1.125 0.9375 0.9375 0.5625 0.5625 0.5625 0.5 0.5 0.625 0.625 0.625 0.9375 0.9375 1.375 1.375 1.375 2.6875 2.6875 5 5 5 3.875 3.875 1.25 1.25 1.25 0.125 0.125 0.0625 0.0625 0.0625 0.3125 0.3125 1.125 1.125 1.125 1.8125 1.8125 2 2 2 2.4375 2.4375 3.625 3.625 3.625 5.125 5.125 4.625 4.625 4.625 4 4 3 3 3 3.375 3.375 2.625 2.625 2.625 2.9375 2.9375 3.875 3.875 3.875 3.5625 3.5625 1.3125 1.3125 1.3125 0.125 0.125 0.1875 0.1875 0.1875 0.3125 0.3125 0.5 0.5 0.5 0.3125 0.3125 0.125 0.125 0.125 0.0625 0.0625 0 0 0 0.0625 0.0625 0.0625 0.0625 0.0625 0 0 0 0 0 0 0 0 0 0 0 0 0 0 0 0 0 0 0 0 0 0 0 0 0 0 0 0 0 0 0 0 0 0 0 0 0 0 0 0 0 0 0 0 0 0 0 0 0 0 0.0625 0.0625 0.3125 0.3125 0.3125 0.375 0.375 0.3125 0.3125 0.3125 0.0625 0.0625 0 0 0 0 0 0 0
 1.125 1.125 0.5625 0.5625 0.5625 0.375 0.375 0.375 0.375 0.375 0.9375 0.9375 1.5 1.5 1.5 0.75 0.75 0.9375 0.9375 0.9375 2.4375 2.4375 4.125 4.125 4.125 3.1875 3.1875 2.0625 2.0625 2.0625 1.25 1.25 1.5625 1.5625 1.5625 2.375 2.375 3.375 3.375 3.375 2.875 2.875 2.75 2.75 2.75 4.1875 4.1875 4.1875 4.1875 4.1875 5.1875 5.1875 5.75 5.75 5.75 5.8125 5.8125 4.375 4.375 4.375 3 3 2.9375 2.9375 2.9375 3.0625 3.0625 3.5 3.5 3.5 2.25 2.25 0.75 0.75 0.75 0.625 0.625 0.8125 0.8125 0.8125 0.75 0.75 0.8125 0.8125 0.8125 0.5625 0.5625 0.1875 0.1875 0.1875 0.0625 0.0625 0 0 0 0 0 0 0 0 0 0 0 0 0 0 0 0 0 0 0 0 0 0 0 0 0 0 0 0 0 0 0 0 0 0 0 0 0 0 0 0 0 0 0 0 0 0 0 0 0 0 0 0 0 0 0 0 0 0 0 0 0.0625 0.0625 0.0625 0.1875 0.1875 0.625 0.625 0.625 0.375 0.375 0.0625 0.0625 0.0625 0 0 0 0
 1.125 1.125 0.5625 0.5625 0.5625 0.375 0.375 0.375 0.375 0.375 0.9375 0.9375 1.5 1.5 1.5 0.75 0.75 0.9375 0.9375 0.9375 2.4375 2.4375 4.125 4.125 4.125 3.1875 3.1875 2.0625 2.0625 2.0625 1.25 1.25 1.5625 1.5625 1.5625 2.375 2.375 3.375 3.375 3.375 2.875 2.875 2.75 2.75 2.75 4.1875 4.1875 4.1875 4.1875 4.1875 5.1875 5.1875 5.75 5.75 5.75 5.8125 5.8125 4.375 4.375 4.375 3 3 2.9375 2.9375 2.9375 3.0625 3.0625 3.5 3.5 3.5 2.25 2.25 0.75 0.75 0.75 0.625 0.625 0.8125 0.8125 0.8125 0.75 0.75 0.8125 0.8125 0.8125 0.5625 0.5625 0.1875 0.1875 0.1875 0.0625 0.0625 0 0 0 0 0 0 0 0 0 0 0 0 0 0 0 0 0 0 0 0 0 0 0 0 0 0 0 0 0 0 0 0 0 0 0 0 0 0 0 0 0 0 0 0 0 0 0 0 0 0 0 0 0 0 0 0 0 0 0 0 0.0625 0.0625 0.0625 0.1875 0.1875 0.625 0.625 0.625 0.375 0.375 0.0625 0.0625 0.0625 0 0 0 0
 1.125 1.125 0.5625 0.5625 0.5625 0.375 0.375 0.375 0.375 0.375 0.9375 0.9375 1.5 1.5 1.5 0.75 0.75 0.9375 0.9375 0.9375 2.4375 2.4375 4.125 4.125 4.125 3.1875 3.1875 2.0625 2.0625 2.0625 1.25 1.25 1.5625 1.5625 1.5625 2.375 2.375 3.375 3.375 3.375 2.875 2.875 2.75 2.75 2.75 4.1875 4.1875 4.1875 4.1875 4.1875 5.1875 5.1875 5.75 5.75 5.75 5.8125 5.8125 4.375 4.375 4.375 3 3 2.9375 2.9375 2.9375 3.0625 3.0625 3.5 3.5 3.5 2.25 2.25 0.75 0.75 0.75 0.625 0.625 0.8125 0.8125 0.8125 0.75 0.75 0.8125 0.8125 0.8125 0.5625 0.5625 0.1875 0.1875 0.1875 0.0625 0.0625 0 0 0 0 0 0 0 0 0 0 0 0 0 0 0 0 0 0 0 0 0 0 0 0 0 0 0 0 0 0 0 0 0 0 0 0 0 0 0 0 0 0 0 0 0 0 0 0 0 0 0 0 0 0 0 0 0 0 0 0 0.0625 0.0625 0.0625 0.1875 0.1875 0.625 0.625 0.625 0.375 0.375 0.0625 0.0625 0.0625 0 0 0 0
 0.625 0.625 0.5 0.5 0.5 1.125 1.125 1.875 1.875 1.875 3.9375 3.9375 3.6875 3.6875 3.6875 0.9375 0.9375 0.6875 0.6875 0.6875 1.125 1.125 2 2 2 2.5 2.5 5.375 5.375 5.375 7.5 7.5 7.5625 7.5625 7.5625 6.4375 6.4375 4.6875 4.6875 4.6875 3.375 3.375 5.0625 5.0625 5.0625 5.6875 5.6875 5 5 5 6.4375 6.4375 7.375 7.375 7.375 7.0625 7.0625 4.8125 4.8125 4.8125 4.8125 4.8125 4.4375 4.4375 4.4375 4.125 4.125 3.75 3.75 3.75 2.5625 2.5625 2.1875 2.1875 2.1875 2.25 2.25 2 2 2 1.25 1.25 0.9375 0.9375 0.9375 0.625 0.625 0.25 0.25 0.25 0.0625 0.0625 0 0 0 0 0 0 0 0 0 0 0 0 0 0 0 0 0 0 0 0 0 0 0 0 0 0 0 0 0 0 0 0 0 0 0 0 0 0 0 0 0 0 0 0 0 0 0 0 0 0 0 0 0 0 0 0 0 0 0 0 0 0 0 0.0625 0.0625 0.5625 0.5625 0.5625 0.75 0.75 0.25 0.25 0.25 0 0 0 0
 0.625 0.625 0.5 0.5 0.5 1.125 1.125 1.875 1.875 1.875 3.9375 3.9375 3.6875 3.6875 3.6875 0.9375 0.9375 0.6875 0.6875 0.6875 1.125 1.125 2 2 2 2.5 2.5 5.375 5.375 5.375 7.5 7.5 7.5625 7.5625 7.5625 6.4375 6.4375 4.6875 4.6875 4.6875 3.375 3.375 5.0625 5.0625 5.0625 5.6875 5.6875 5 5 5 6.4375 6.4375 7.375 7.375 7.375 7.0625 7.0625 4.8125 4.8125 4.8125 4.8125 4.8125 4.4375 4.4375 4.4375 4.125 4.125 3.75 3.75 3.75 2.5625 2.5625 2.1875 2.1875 2.1875 2.25 2.25 2 2 2 1.25 1.25 0.9375 0.9375 0.9375 0.625 0.625 0.25 0.25 0.25 0.0625 0.0625 0 0 0 0 0 0 0 0 0 0 0 0 0 0 0 0 0 0 0 0 0 0 0 0 0 0 0 0 0 0 0 0 0 0 0 0 0 0 0 0 0 0 0 0 0 0 0 0 0 0 0 0 0 0 0 0 0 0 0 0 0 0 0 0.0625 0.0625 0.5625 0.5625 0.5625 0.75 0.75 0.25 0.25 0.25 0 0 0 0
 0.8125 0.8125 2.25 2.25 2.25 4.25 4.25 5.5 5.5 5.5 6.0625 6.0625 2.5625 2.5625 2.5625 0.4375 0.4375 0.625 0.625 0.625 0.875 0.875 1.5 1.5 1.5 2.875 2.875 5.3125 5.3125 5.3125 11 11 11.375 11.375 11.375 8.8125 8.8125 6.9375 6.9375 6.9375 7.8125 7.8125 9.3125 9.3125 9.3125 7.3125 7.3125 7 7 7 6.8125 6.8125 7.4375 7.4375 7.4375 8.0625 8.0625 6.9375 6.9375 6.9375 7.5 7.5 7.375 7.375 7.375 6 6 5.4375 5.4375 5.4375 4.8125 4.8125 3.8125 3.8125 3.8125 3.25 3.25 2.625 2.625 2.625 1.6875 1.6875 1 1 1 0.625 0.625 0.375 0.375 0.375 0.25 0.25 0 0 0 0 0 0 0 0 0 0 0 0 0 0 0 0 0 0 0 0 0 0 0 0 0 0 0 0 0 0 0 0 0 0 0 0 0 0 0 0 0 0 0 0 0 0 0 0 0 0 0 0 0 0 0 0 0 0 0 0 0 0 0 0.0625 0.0625 0.125 0.125 0.125 0.3125 0.3125 0.0625 0.0625 0.0625 0 0 0 0
 0.8125 0.8125 2.25 2.25 2.25 4.25 4.25 5.5 5.5 5.5 6.0625 6.0625 2.5625 2.5625 2.5625 0.4375 0.4375 0.625 0.625 0.625 0.875 0.875 1.5 1.5 1.5 2.875 2.875 5.3125 5.3125 5.3125 11 11 11.375 11.375 11.375 8.8125 8.8125 6.9375 6.9375 6.9375 7.8125 7.8125 9.3125 9.3125 9.3125 7.3125 7.3125 7 7 7 6.8125 6.8125 7.4375 7.4375 7.4375 8.0625 8.0625 6.9375 6.9375 6.9375 7.5 7.5 7.375 7.375 7.375 6 6 5.4375 5.4375 5.4375 4.8125 4.8125 3.8125 3.8125 3.8125 3.25 3.25 2.625 2.625 2.625 1.6875 1.6875 1 1 1 0.625 0.625 0.375 0.375 0.375 0.25 0.25 0 0 0 0 0 0 0 0 0 0 0 0 0 0 0 0 0 0 0 0 0 0 0 0 0 0 0 0 0 0 0 0 0 0 0 0 0 0 0 0 0 0 0 0 0 0 0 0 0 0 0 0 0 0 0 0 0 0 0 0 0 0 0 0.0625 0.0625 0.125 0.125 0.125 0.3125 0.3125 0.0625 0.0625 0.0625 0 0 0 0
 0.8125 0.8125 2.25 2.25 2.25 4.25 4.25 5.5 5.5 5.5 6.0625 6.0625 2.5625 2.5625 2.5625 0.4375 0.4375 0.625 0.625 0.625 0.875 0.875 1.5 1.5 1.5 2.875 2.875 5.3125 5.3125 5.3125 11 11 11.375 11.375 11.375 8.8125 8.8125 6.9375 6.9375 6.9375 7.8125 7.8125 9.3125 9.3125 9.3125 7.3125 7.3125 7 7 7 6.8125 6.8125 7.4375 7.4375 7.4375 8.0625 8.0625 6.9375 6.9375 6.9375 7.5 7.5 7.375 7.375 7.375 6 6 5.4375 5.4375 5.4375 4.8125 4.8125 3.8125 3.8125 3.8125 3.25 3.25 2.625 2.625 2.625 1.6875 1.6875 1 1 1 0.625 0.625 0.375 0.375 0.375 0.25 0.25 0 0 0 0 0 0 0 0 0 0 0 0 0 0 0 0 0 0 0 0 0 0 0 0 0 0 0 0 0 0 0 0 0 0 0 0 0 0 0 0 0 0 0 0 0 0 0 0 0 0 0 0 0 0 0 0 0 0 0 0 0 0 0 0.0625 0.0625 0.125 0.125 0.125 0.3125 0.3125 0.0625 0.0625 0.0625 0 0 0 0
 2.4375 2.4375 4.9375 4.9375 4.9375 6.8125 6.8125 6.9375 6.9375 6.9375 4.1875 4.1875 1.1875 1.1875 1.1875 1.375 1.375 3.5 3.5 3.5 3.3125 3.3125 4.25 4.25 4.25 6.875 6.875 9.125 9.125 9.125 13.1875 13.1875 13.1875 13.1875 13.1875 10.125 10.125 8.625 8.625 8.625 8.375 8.375 9.125 9.125 9.125 9.0625 9.0625 9 9 9 8.125 8.125 10 10 10 13.6875 13.6875 11.5 11.5 11.5 10.375 10.375 10.5 10.5 10.5 9.3125 9.3125 8.625 8.625 8.625 5.9375 5.9375 4.125 4.125 4.125 2.75 2.75 1.6875 1.6875 1.6875 1.1875 1.1875 1.125 1.125 1.125 0.8125 0.8125 0.4375 0.4375 0.4375 0.125 0.125 0 0 0 0 0 0 0 0 0 0 0 0 0 0 0 0 0 0 0 0 0 0 0 0 0 0 0 0 0 0 0 0 0 0 0 0 0 0 0 0 0 0 0 0 0 0 0 0 0 0 0 0 0 0 0 0 0 0 0 0 0 0 0 0 0 0 0 0 0 0 0 0 0 0 0 0.125 0.125
 2.4375 2.4375 4.9375 4.9375 4.9375 6.8125 6.8125 6.9375 6.9375 6.9375 4.1875 4.1875 1.1875 1.1875 1.1875 1.375 1.375 3.5 3.5 3.5 3.3125 3.3125 4.25 4.25 4.25 6.875 6.875 9.125 9.125 9.125 13.1875 13.1875 13.1875 13.1875 13.1875 10.125 10.125 8.625 8.625 8.625 8.375 8.375 9.125 9.125 9.125 9.0625 9.0625 9 9 9 8.125 8.125 10 10 10 13.6875 13.6875 11.5 11.5 11.5 10.375 10.375 10.5 10.5 10.5 9.3125 9.3125 8.625 8.625 8.625 5.9375 5.9375 4.125 4.125 4.125 2.75 2.75 1.6875 1.6875 1.6875 1.1875 1.1875 1.125 1.125 1.125 0.8125 0.8125 0.4375 0.4375 0.4375 0.125 0.125 0 0 0 0 0 0 0 0 0 0 0 0 0 0 0 0 0 0 0 0 0 0 0 0 0 0 0 0 0 0 0 0 0 0 0 0 0 0 0 0 0 0 0 0 0 0 0 0 0 0 0 0 0 0 0 0 0 0 0 0 0 0 0 0 0 0 0 0 0 0 0 0 0 0 0 0.125 0.125
 5.5 5.5 6.3125 6.3125 6.3125 7.5 7.5 4.5625 4.5625 4.5625 1.6875 1.6875 1.125 1.125 1.125 2.3125 2.3125 4.25 4.25 4.25 3.75 3.75 4.125 4.125 4.125 4.625 4.625 5.4375 5.4375 5.4375 8.375 8.375 10.75 10.75 10.75 10.5 10.5 8.25 8.25 8.25 7.25 7.25 8.875 8.875 8.875 11.25 11.25 10.625 10.625 10.625 10.375 10.375 12.0625 12.0625 12.0625 14.875 14.875 14.125 14.125 14.125 13.8125 13.8125 13.5 13.5 13.5 11.6875 11.6875 9.8125 9.8125 9.8125 7.6875 7.6875 5.25 5.25 5.25 2.75 2.75 1.1875 1.1875 1.1875 0.625 0.625 0.5 0.5 0.5 0.3125 0.3125 0.125 0.125 0.125 0 0 0 0 0 0 0 0 0 0 0 0 0 0 0 0 0 0 0 0 0 0 0 0 0 0 0 0 0 0 0 0 0 0 0 0 0 0 0 0 0 0 0 0 0 0 0 0 0 0 0 0 0 0 0 0 0 0 0 0 0 0 0 0 0 0 0 0 0 0 0 0 0 0 0 0.0625 0.0625 0.3125 0.3125
 5.5 5.5 6.3125 6.3125 6.3125 7.5 7.5 4.5625 4.5625 4.5625 1.6875 1.6875 1.125 1.125 1.125 2.3125 2.3125 4.25 4.25 4.25 3.75 3.75 4.125 4.125 4.125 4.625 4.625 5.4375 5.4375 5.4375 8.375 8.375 10.75 10.75 10.75 10.5 10.5 8.25 8.25 8.25 7.25 7.25 8.875 8.875 8.875 11.25 11.25 10.625 10.625 10.625 10.375 10.375 12.0625 12.0625 12.0625 14.875 14.875 14.125 14.125 14.125 13.8125 13.8125 13.5 13.5 13.5 11.6875 11.6875 9.8125 9.8125 9.8125 7.6875 7.6875 5.25 5.25 5.25 2.75 2.75 1.1875 1.1875 1.1875 0.625 0.625 0.5 0.5 0.5 0.3125 0.3125 0.125 0.125 0.125 0 0 0 0 0 0 0 0 0 0 0 0 0 0 0 0 0 0 0 0 0 0 0 0 0 0 0 0 0 0 0 0 0 0 0 0 0 0 0 0 0 0 0 0 0 0 0 0 0 0 0 0 0 0 0 0 0 0 0 0 0 0 0 0 0 0 0 0 0 0 0 0 0 0 0 0.0625 0.0625 0.3125 0.3125
 5.5 5.5 6.3125 6.3125 6.3125 7.5 7.5 4.5625 4.5625 4.5625 1.6875 1.6875 1.125 1.125 1.125 2.3125 2.3125 4.25 4.25 4.25 3.75 3.75 4.125 4.125 4.125 4.625 4.625 5.4375 5.4375 5.4375 8.375 8.375 10.75 10.75 10.75 10.5 10.5 8.25 8.25 8.25 7.25 7.25 8.875 8.875 8.875 11.25 11.25 10.625 10.625 10.625 10.375 10.375 12.0625 12.0625 12.0625 14.875 14.875 14.125 14.125 14.125 13.8125 13.8125 13.5 13.5 13.5 11.6875 11.6875 9.8125 9.8125 9.8125 7.6875 7.6875 5.25 5.25 5.25 2.75 2.75 1.1875 1.1875 1.1875 0.625 0.625 0.5 0.5 0.5 0.3125 0.3125 0.125 0.125 0.125 0 0 0 0 0 0 0 0 0 0 0 0 0 0 0 0 0 0 0 0 0 0 0 0 0 0 0 0 0 0 0 0 0 0 0 0 0 0 0 0 0 0 0 0 0 0 0 0 0 0 0 0 0 0 0 0 0 0 0 0 0 0 0 0 0 0 0 0 0 0 0 0 0 0 0 0.0625 0.0625 0.3125 0.3125
 9.0625 9.0625 11.375 11.375 11.375 7.375 7.375 3.625 3.625 3.625 2.1875 2.1875 1.6875 1.6875 1.6875 1.5 1.5 2.1875 2.1875 2.1875 2.875 2.875 2.9375 2.9375 2.9375 2.5 2.5 2.5625 2.5625 2.5625 4.3125 4.3125 6.625 6.625 6.625 6.875 6.875 5.5625 5.5625 5.5625 5.75 5.75 10.25 10.25 10.25 14.6875 14.6875 12.9375 12.9375 12.9375 11.1875 11.1875 11.8125 11.8125 11.8125 14.6875 14.6875 14.375 14.375 14.375 12.5625 12.5625 13.5625 13.5625 13.5625 12.9375 12.9375 10.125 10.125 10.125 7.25 7.25 3.875 3.875 3.875 1.6875 1.6875 0.75 0.75 0.75 0.4375 0.4375 0.125 0.125 0.125 0.0625 0.0625 0 0 0 0 0 0 0 0 0 0 0 0 0 0 0 0 0 0 0 0 0 0 0 0 0 0 0 0 0 0 0 0 0 0 0 0 0 0 0 0 0 0 0 0 0 0 0 0 0 0 0 0 0 0 0 0 0 0 0 0 0 0 0 0 0 0 0 0 0 0 0 0 0 0 0 0 0 0 0.0625 0.0625 0.4375 0.4375
 9.0625 9.0625 11.375 11.375 11.375 7.375 7.375 3.625 3.625 3.625 2.1875 2.1875 1.6875 1.6875 1.6875 1.5 1.5 2.1875 2.1875 2.1875 2.875 2.875 2.9375 2.9375 2.9375 2.5 2.5 2.5625 2.5625 2.5625 4.3125 4.3125 6.625 6.625 6.625 6.875 6.875 5.5625 5.5625 5.5625 5.75 5.75 10.25 10.25 10.25 14.6875 14.6875 12.9375 12.9375 12.9375 11.1875 11.1875 11.8125 11.8125 11.8125 14.6875 14.6875 14.375 14.375 14.375 12.5625 12.5625 13.5625 13.5625 13.5625 12.9375 12.9375 10.125 10.125 10.125 7.25 7.25 3.875 3.875 3.875 1.6875 1.6875 0.75 0.75 0.75 0.4375 0.4375 0.125 0.125 0.125 0.0625 0.0625 0 0 0 0 0 0 0 0 0 0 0 0 0 0 0 0 0 0 0 0 0 0 0 0 0 0 0 0 0 0 0 0 0 0 0 0 0 0 0 0 0 0 0 0 0 0 0 0 0 0 0 0 0 0 0 0 0 0 0 0 0 0 0 0 0 0 0 0 0 0 0 0 0 0 0 0 0 0 0.0625 0.0625 0.4375 0.4375
 11.625 11.625 10.9375 10.9375 10.9375 6.9375 6.9375 4.6875 4.6875 4.6875 3.9375 3.9375 2.8125 2.8125 2.8125 2.125 2.125 2.1875 2.1875 2.1875 2.5625 2.5625 2.75 2.75 2.75 3 3 3.375 3.375 3.375 4.5 4.5 6.1875 6.1875 6.1875 7.125 7.125 6.4375 6.4375 6.4375 5.625 5.625 8.0625 8.0625 8.0625 9.6875 9.6875 8.375 8.375 8.375 8.125 8.125 9.1875 9.1875 9.1875 10.9375 10.9375 10.8125 10.8125 10.8125 11.125 11.125 12.875 12.875 12.875 12 12 10.25 10.25 10.25 6.5625 6.5625 2.9375 2.9375 2.9375 1.1875 1.1875 0.5 0.5 0.5 0.1875 0.1875 0.0625 0.0625 0.0625 0 0 0 0 0 0 0 0 0 0 0 0 0 0 0 0 0 0 0 0 0 0 0 0 0 0 0 0 0 0 0 0 0 0 0 0 0 0 0 0 0 0 0 0 0 0 0 0 0 0 0 0 0 0 0 0 0 0 0 0 0 0 0 0 0 0 0 0 0 0 0 0 0 0 0 0 0 0 0 0 0 0 0.0625 0.0625
 11.625 11.625 10.9375 10.9375 10.9375 6.9375 6.9375 4.6875 4.6875 4.6875 3.9375 3.9375 2.8125 2.8125 2.8125 2.125 2.125 2.1875 2.1875 2.1875 2.5625 2.5625 2.75 2.75 2.75 3 3 3.375 3.375 3.375 4.5 4.5 6.1875 6.1875 6.1875 7.125 7.125 6.4375 6.4375 6.4375 5.625 5.625 8.0625 8.0625 8.0625 9.6875 9.6875 8.375 8.375 8.375 8.125 8.125 9.1875 9.1875 9.1875 10.9375 10.9375 10.8125 10.8125 10.8125 11.125 11.125 12.875 12.875 12.875 12 12 10.25 10.25 10.25 6.5625 6.5625 2.9375 2.9375 2.9375 1.1875 1.1875 0.5 0.5 0.5 0.1875 0.1875 0.0625 0.0625 0.0625 0 0 0 0 0 0 0 0 0 0 0 0 0 0 0 0 0 0 0 0 0 0 0 0 0 0 0 0 0 0 0 0 0 0 0 0 0 0 0 0 0 0 0 0 0 0 0 0 0 0 0 0 0 0 0 0 0 0 0 0 0 0 0 0 0 0 0 0 0 0 0 0 0 0 0 0 0 0 0 0 0 0 0.0625 0.0625
 11.625 11.625 10.9375 10.9375 10.9375 6.9375 6.9375 4.6875 4.6875 4.6875 3.9375 3.9375 2.8125 2.8125 2.8125 2.125 2.125 2.1875 2.1875 2.1875 2.5625 2.5625 2.75 2.75 2.75 3 3 3.375 3.375 3.375 4.5 4.5 6.1875 6.1875 6.1875 7.125 7.125 6.4375 6.4375 6.4375 5.625 5.625 8.0625 8.0625 8.0625 9.6875 9.6875 8.375 8.375 8.375 8.125 8.125 9.1875 9.1875 9.1875 10.9375 10.9375 10.8125 10.8125 10.8125 11.125 11.125 12.875 12.875 12.875 12 12 10.25 10.25 10.25 6.5625 6.5625 2.9375 2.9375 2.9375 1.1875 1.1875 0.5 0.5 0.5 0.1875 0.1875 0.0625 0.0625 0.0625 0 0 0 0 0 0 0 0 0 0 0 0 0 0 0 0 0 0 0 0 0 0 0 0 0 0 0 0 0 0 0 0 0 0 0 0 0 0 0 0 0 0 0 0 0 0 0 0 0 0 0 0 0 0 0 0 0 0 0 0 0 0 0 0 0 0 0 0 0 0 0 0 0 0 0 0 0 0 0 0 0 0 0.0625 0.0625
 10.625 10.625 9.1875 9.1875 9.1875 5.5625 5.5625 5.4375 5.4375 5.4375 5.4375 5.4375 5.0625 5.0625 5.0625 4.1875 4.1875 3 3 3 3.0625 3.0625 3.9375 3.9375 3.9375 6.6875 6.6875 8.5 8.5 8.5 9.5 9.5 8.5 8.5 8.5 7.1875 7.1875 6.0625 6.0625 6.0625 3.8125 3.8125 3.625 3.625 3.625 4.625 4.625 6.25 6.25 6.25 8.5 8.5 9.875 9.875 9.875 9.8125 9.8125 10.125 10.125 10.125 9.5625 9.5625 8.6875 8.6875 8.6875 6.5625 6.5625 5.25 5.25 5.25 3.375 3.375 1.4375 1.4375 1.4375 0.5 0.5 0.3125 0.3125 0.3125 0.25 0.25 0.125 0.125 0.125 0 0 0 0 0 0 0 0 0 0 0 0 0 0 0 0 0 0 0 0 0 0 0 0 0 0 0 0 0 0 0 0 0 0 0 0 0 0 0 0 0 0 0 0 0 0 0 0 0 0 0 0 0 0 0 0 0 0 0 0 0 0 0 0 0 0 0 0 0 0 0 0 0 0 0 0 0 0 0 0 0 0 0 0
 10.625 10.625 9.1875 9.1875 9.1875 5.5625 5.5625 5.4375 5.4375 5.4375 5.4375 5.4375 5.0625 5.0625 5.0625 4.1875 4.1875 3 3 3 3.0625 3.0625 3.9375 3.9375 3.9375 6.6875 6.6875 8.5 8.5 8.5 9.5 9.5 8.5 8.5 8.5 7.1875 7.1875 6.0625 6.0625 6.0625 3.8125 3.8125 3.625 3.625 3.625 4.625 4.625 6.25 6.25 6.25 8.5 8.5 9.875 9.875 9.875 9.8125 9.8125 10.125 10.125 10.125 9.5625 9.5625 8.6875 8.6875 8.6875 6.5625 6.5625 5.25 5.25 5.25 3.375 3.375 1.4375 1.4375 1.4375 0.5 0.5 0.3125 0.3125 0.3125 0.25 0.25 0.125 0.125 0.125 0 0 0 0 0 0 0 0 0 0 0 0 0 0 0 0 0 0 0 0 0 0 0 0 0 0 0 0 0 0 0 0 0 0 0 0 0 0 0 0 0 0 0 0 0 0 0 0 0 0 0 0 0 0 0 0 0 0 0 0 0 0 0 0 0 0 0 0 0 0 0 0 0 0 0 0 0 0 0 0 0 0 0 0
 7.8125 7.8125 5.625 5.625 5.625 5.5 5.5 6.8125 6.8125 6.8125 7.5 7.5 7.5 7.5 7.5 7.75 7.75 6.9375 6.9375 6.9375 6.5 6.5 7.375 7.375 7.375 9.125 9.125 10.375 10.375 10.375 10.75 10.75 8.9375 8.9375 8.9375 6.875 6.875 5.625 5.625 5.625 4.1875 4.1875 4.25 4.25 4.25 5.5 5.5 7.625 7.625 7.625 8.9375 8.9375 8.875 8.875 8.875 8.1875 8.1875 8.1875 8.1875 8.1875 7.125 7.125 4.5625 4.5625 4.5625 3.25 3.25 2.5625 2.5625 2.5625 0.75 0.75 0.125 0.125 0.125 0.0625 0.0625 0.1875 0.1875 0.1875 0.1875 0.1875 0.0625 0.0625 0.0625 0.0625 0.0625 0 0 0 0 0 0 0 0 0 0 0 0 0 0 0 0 0 0 0 0 0 0 0 0 0 0 0 0 0 0 0 0 0 0 0 0 0 0 0 0 0 0 0 0 0 0 0 0 0 0 0 0 0 0 0 0 0 0 0 0 0 0 0 0 0 0 0 0 0 0 0 0 0 0 0 0 0 0 0 0 0 0
 7.8125 7.8125 5.625 5.625 5.625 5.5 5.5 6.8125 6.8125 6.8125 7.5 7.5 7.5 7.5 7.5 7.75 7.75 6.9375 6.9375 6.9375 6.5 6.5 7.375 7.375 7.375 9.125 9.125 10.375 10.375 10.375 10.75 10.75 8.9375 8.9375 8.9375 6.875 6.875 5.625 5.625 5.625 4.1875 4.1875 4.25 4.25 4.25 5.5 5.5 7.625 7.625 7.625 8.9375 8.9375 8.875 8.875 8.875 8.1875 8.1875 8.1875 8.1875 8.1875 7.125 7.125 4.5625 4.5625 4.5625 3.25 3.25 2.5625 2.5625 2.5625 0.75 0.75 0.125 0.125 0.125 0.0625 0.0625 0.1875 0.1875 0.1875 0.1875 0.1875 0.0625 0.0625 0.0625 0.0625 0.0625 0 0 0 0 0 0 0 0 0 0 0 0 0 0 0 0 0 0 0 0 0 0 0 0 0 0 0 0 0 0 0 0 0 0 0 0 0 0 0 0 0 0 0 0 0 0 0 0 0 0 0 0 0 0 0 0 0 0 0 0 0 0 0 0 0 0 0 0 0 0 0 0 0 0 0 0 0 0 0 0 0 0
 7.8125 7.8125 5.625 5.625 5.625 5.5 5.5 6.8125 6.8125 6.8125 7.5 7.5 7.5 7.5 7.5 7.75 7.75 6.9375 6.9375 6.9375 6.5 6.5 7.375 7.375 7.375 9.125 9.125 10.375 10.375 10.375 10.75 10.75 8.9375 8.9375 8.9375 6.875 6.875 5.625 5.625 5.625 4.1875 4.1875 4.25 4.25 4.25 5.5 5.5 7.625 7.625 7.625 8.9375 8.9375 8.875 8.875 8.875 8.1875 8.1875 8.1875 8.1875 8.1875 7.125 7.125 4.5625 4.5625 4.5625 3.25 3.25 2.5625 2.5625 2.5625 0.75 0.75 0.125 0.125 0.125 0.0625 0.0625 0.1875 0.1875 0.1875 0.1875 0.1875 0.0625 0.0625 0.0625 0.0625 0.0625 0 0 0 0 0 0 0 0 0 0 0 0 0 0 0 0 0 0 0 0 0 0 0 0 0 0 0 0 0 0 0 0 0 0 0 0 0 0 0 0 0 0 0 0 0 0 0 0 0 0 0 0 0 0 0 0 0 0 0 0 0 0 0 0 0 0 0 0 0 0 0 0 0 0 0 0 0 0 0 0 0 0
 5.9375 5.9375 7.75 7.75 7.75 8.625 8.625 9.5 9.5 9.5 10.25 10.25 10.1875 10.1875 10.1875 10.3125 10.3125 9.9375 9.9375 9.9375 8.25 8.25 7.75 7.75 7.75 8.0625 8.0625 8.375 8.375 8.375 8.25 8.25 7.8125 7.8125 7.8125 7.4375 7.4375 7.4375 7.4375 7.4375 7.4375 7.4375 7.3125 7.3125 7.3125 6.9375 6.9375 7.75 7.75 7.75 8.625 8.625 7.25 7.25 7.25 5.875 5.875 6.375 6.375 6.375 6.875 6.875 6.0625 6.0625 6.0625 5.1875 5.1875 3.125 3.125 3.125 0.3125 0.3125 0 0 0 0 0 0.0625 0.0625 0.0625 0.0625 0.0625 0 0 0 0 0 0 0 0 0 0 0 0 0 0 0 0 0 0 0 0 0 0 0 0 0 0 0 0 0 0 0 0 0 0 0 0 0 0 0 0 0 0 0 0 0 0 0 0 0 0 0 0 0 0 0 0 0 0 0 0 0 0 0 0 0 0 0 0 0 0 0 0 0 0 0 0 0 0 0 0 0 0 0 0 0 0 0
 5.9375 5.9375 7.75 7.75 7.75 8.625 8.625 9.5 9.5 9.5 10.25 10.25 10.1875 10.1875 10.1875 10.3125 10.3125 9.9375 9.9375 9.9375 8.25 8.25 7.75 7.75 7.75 8.0625 8.0625 8.375 8.375 8.375 8.25 8.25 7.8125 7.8125 7.8125 7.4375 7.4375 7.4375 7.4375 7.4375 7.4375 7.4375 7.3125 7.3125 7.3125 6.9375 6.9375 7.75 7.75 7.75 8.625 8.625 7.25 7.25 7.25 5.875 5.875 6.375 6.375 6.375 6.875 6.875 6.0625 6.0625 6.0625 5.1875 5.1875 3.125 3.125 3.125 0.3125 0.3125 0 0 0 0 0 0.0625 0.0625 0.0625 0.0625 0.0625 0 0 0 0 0 0 0 0 0 0 0 0 0 0 0 0 0 0 0 0 0 0 0 0 0 0 0 0 0 0 0 0 0 0 0 0 0 0 0 0 0 0 0 0 0 0 0 0 0 0 0 0 0 0 0 0 0 0 0 0 0 0 0 0 0 0 0 0 0 0 0 0 0 0 0 0 0 0 0 0 0 0 0 0 0 0 0
 10.5 10.5 10.5625 10.5625 10.5625 8.75 8.75 9.5625 9.5625 9.5625 10.25 10.25 10.5625 10.5625 10.5625 11.0625 11.0625 11.4375 11.4375 11.4375 11.0625 11.0625 10.5625 10.5625 10.5625 10.125 10.125 9.125 9.125 9.125 8.625 8.625 9.25 9.25 9.25 10.375 10.375 9.8125 9.8125 9.8125 8.3125 8.3125 6.8125 6.8125 6.8125 6.0625 6.0625 6.8125 6.8125 6.8125 7.6875 7.6875 6.0625 6.0625 6.0625 6 6 6.5625 6.5625 6.5625 6.9375 6.9375 6.75 6.75 6.75 6 6 3.25 3.25 3.25 0.375 0.375 0 0 0 0 0 0 0 0 0.0625 0.0625 0.0625 0.0625 0.0625 0 0 0 0 0 0 0 0 0 0 0 0 0 0 0 0 0 0 0 0 0 0 0 0 0 0 0 0 0 0 0 0 0 0 0 0 0 0 0 0 0 0 0 0 0 0 0 0 0 0 0 0 0 0 0 0 0 0 0 0 0 0 0 0 0 0 0 0 0 0 0 0 0 0 0 0 0 0 0 0 0 0 0 0
 10.5 10.5 10.5625 10.5625 10.5625 8.75 8.75 9.5625 9.5625 9.5625 10.25 10.25 10.5625 10.5625 10.5625 11.0625 11.0625 11.4375 11.4375 11.4375 11.0625 11.0625 10.5625 10.5625 10.5625 10.125 10.125 9.125 9.125 9.125 8.625 8.625 9.25 9.25 9.25 10.375 10.375 9.8125 9.8125 9.8125 8.3125 8.3125 6.8125 6.8125 6.8125 6.0625 6.0625 6.8125 6.8125 6.8125 7.6875 7.6875 6.0625 6.0625 6.0625 6 6 6.5625 6.5625 6.5625 6.9375 6.9375 6.75 6.75 6.75 6 6 3.25 3.25 3.25 0.375 0.375 0 0 0 0 0 0 0 0 0.0625 0.0625 0.0625 0.0625 0.0625 0 0 0 0 0 0 0 0 0 0 0 0 0 0 0 0 0 0 0 0 0 0 0 0 0 0 0 0 0 0 0 0 0 0 0 0 0 0 0 0 0 0 0 0 0 0 0 0 0 0 0 0 0 0 0 0 0 0 0 0 0 0 0 0 0 0 0 0 0 0 0 0 0 0 0 0 0 0 0 0 0 0 0 0
 10.5 10.5 10.5625 10.5625 10.5625 8.75 8.75 9.5625 9.5625 9.5625 10.25 10.25 10.5625 10.5625 10.5625 11.0625 11.0625 11.4375 11.4375 11.4375 11.0625 11.0625 10.5625 10.5625 10.5625 10.125 10.125 9.125 9.125 9.125 8.625 8.625 9.25 9.25 9.25 10.375 10.375 9.8125 9.8125 9.8125 8.3125 8.3125 6.8125 6.8125 6.8125 6.0625 6.0625 6.8125 6.8125 6.8125 7.6875 7.6875 6.0625 6.0625 6.0625 6 6 6.5625 6.5625 6.5625 6.9375 6.9375 6.75 6.75 6.75 6 6 3.25 3.25 3.25 0.375 0.375 0 0 0 0 0 0 0 0 0.0625 0.0625 0.0625 0.0625 0.0625 0 0 0 0 0 0 0 0 0 0 0 0 0 0 0 0 0 0 0 0 0 0 0 0 0 0 0 0 0 0 0 0 0 0 0 0 0 0 0 0 0 0 0 0 0 0 0 0 0 0 0 0 0 0 0 0 0 0 0 0 0 0 0 0 0 0 0 0 0 0 0 0 0 0 0 0 0 0 0 0 0 0 0 0
 15.5 15.5 11.625 11.625 11.625 10 10 10.9375 10.9375 10.9375 9.75 9.75 9.125 9.125 9.125 9.875 9.875 10.875 10.875 10.875 12.75 12.75 13.6875 13.6875 13.6875 12.625 12.625 10.375 10.375 10.375 9.3125 9.3125 10.75 10.75 10.75 11.4375 11.4375 9.125 9.125 9.125 6.875 6.875 5.375 5.375 5.375 4.125 4.125 4.875 4.875 4.875 7.3125 7.3125 7.25 7.25 7.25 7.1875 7.1875 7 7 7 7.625 7.625 7.6875 7.6875 7.6875 5.9375 5.9375 4.5 4.5 4.5 1.875 1.875 0.4375 0.4375 0.4375 0.0625 0.0625 0 0 0 0.0625 0.0625 0.0625 0.0625 0.0625 0 0 0 0 0 0 0 0 0 0 0 0 0 0 0 0 0 0 0 0 0 0 0 0 0 0 0 0 0 0 0 0 0 0 0 0 0 0 0 0 0 0 0 0 0 0 0 0 0 0 0 0 0 0 0 0 0 0 0 0 0 0 0 0 0 0 0 0 0 0 0 0 0 0 0 0 0 0 0 0 0 0 0 0
 15.5 15.5 11.625 11.625 11.625 10 10 10.9375 10.9375 10.9375 9.75 9.75 9.125 9.125 9.125 9.875 9.875 10.875 10.875 10.875 12.75 12.75 13.6875 13.6875 13.6875 12.625 12.625 10.375 10.375 10.375 9.3125 9.3125 10.75 10.75 10.75 11.4375 11.4375 9.125 9.125 9.125 6.875 6.875 5.375 5.375 5.375 4.125 4.125 4.875 4.875 4.875 7.3125 7.3125 7.25 7.25 7.25 7.1875 7.1875 7 7 7 7.625 7.625 7.6875 7.6875 7.6875 5.9375 5.9375 4.5 4.5 4.5 1.875 1.875 0.4375 0.4375 0.4375 0.0625 0.0625 0 0 0 0.0625 0.0625 0.0625 0.0625 0.0625 0 0 0 0 0 0 0 0 0 0 0 0 0 0 0 0 0 0 0 0 0 0 0 0 0 0 0 0 0 0 0 0 0 0 0 0 0 0 0 0 0 0 0 0 0 0 0 0 0 0 0 0 0 0 0 0 0 0 0 0 0 0 0 0 0 0 0 0 0 0 0 0 0 0 0 0 0 0 0 0 0 0 0 0
 19.75 19.75 14.6875 14.6875 14.6875 11.125 11.125 9.5625 9.5625 9.5625 9.3125 9.3125 9.6875 9.6875 9.6875 8.3125 8.3125 7.5625 7.5625 7.5625 9.625 9.625 12.8125 12.8125 12.8125 13.6875 13.6875 10.5 10.5 10.5 8.75 8.75 10.6875 10.6875 10.6875 11.875 11.875 9.5625 9.5625 9.5625 7.875 7.875 5.0625 5.0625 5.0625 3.375 3.375 5.6875 5.6875 5.6875 10.375 10.375 11.1875 11.1875 11.1875 9 9 7.9375 7.9375 7.9375 8.5 8.5 9.5 9.5 9.5 7.0625 7.0625 4.9375 4.9375 4.9375 4.375 4.375 2.875 2.875 2.875 1.3125 1.3125 0.4375 0.4375 0.4375 0.1875 0.1875 0.125 0.125 0.125 0.0625 0.0625 0 0 0 0 0 0 0 0 0 0 0 0 0 0 0 0 0 0 0 0 0 0 0 0 0 0 0 0 0 0 0 0 0 0 0 0 0 0 0 0 0 0 0 0 0 0 0 0 0 0 0 0 0 0 0 0 0 0 0 0 0 0 0 0 0 0 0 0 0 0 0 0 0 0 0 0 0 0 0 0 0 0
 19.75 19.75 14.6875 14.6875 14.6875 11.125 11.125 9.5625 9.5625 9.5625 9.3125 9.3125 9.6875 9.6875 9.6875 8.3125 8.3125 7.5625 7.5625 7.5625 9.625 9.625 12.8125 12.8125 12.8125 13.6875 13.6875 10.5 10.5 10.5 8.75 8.75 10.6875 10.6875 10.6875 11.875 11.875 9.5625 9.5625 9.5625 7.875 7.875 5.0625 5.0625 5.0625 3.375 3.375 5.6875 5.6875 5.6875 10.375 10.375 11.1875 11.1875 11.1875 9 9 7.9375 7.9375 7.9375 8.5 8.5 9.5 9.5 9.5 7.0625 7.0625 4.9375 4.9375 4.9375 4.375 4.375 2.875 2.875 2.875 1.3125 1.3125 0.4375 0.4375 0.4375 0.1875 0.1875 0.125 0.125 0.125 0.0625 0.0625 0 0 0 0 0 0 0 0 0 0 0 0 0 0 0 0 0 0 0 0 0 0 0 0 0 0 0 0 0 0 0 0 0 0 0 0 0 0 0 0 0 0 0 0 0 0 0 0 0 0 0 0 0 0 0 0 0 0 0 0 0 0 0 0 0 0 0 0 0 0 0 0 0 0 0 0 0 0 0 0 0 0
 19.75 19.75 14.6875 14.6875 14.6875 11.125 11.125 9.5625 9.5625 9.5625 9.3125 9.3125 9.6875 9.6875 9.6875 8.3125 8.3125 7.5625 7.5625 7.5625 9.625 9.625 12.8125 12.8125 12.8125 13.6875 13.6875 10.5 10.5 10.5 8.75 8.75 10.6875 10.6875 10.6875 11.875 11.875 9.5625 9.5625 9.5625 7.875 7.875 5.0625 5.0625 5.0625 3.375 3.375 5.6875 5.6875 5.6875 10.375 10.375 11.1875 11.1875 11.1875 9 9 7.9375 7.9375 7.9375 8.5 8.5 9.5 9.5 9.5 7.0625 7.0625 4.9375 4.9375 4.9375 4.375 4.375 2.875 2.875 2.875 1.3125 1.3125 0.4375 0.4375 0.4375 0.1875 0.1875 0.125 0.125 0.125 0.0625 0.0625 0 0 0 0 0 0 0 0 0 0 0 0 0 0 0 0 0 0 0 0 0 0 0 0 0 0 0 0 0 0 0 0 0 0 0 0 0 0 0 0 0 0 0 0 0 0 0 0 0 0 0 0 0 0 0 0 0 0 0 0 0 0 0 0 0 0 0 0 0 0 0 0 0 0 0 0 0 0 0 0 0 0
 18.5625 18.5625 10.4375 10.4375 10.4375 6.625 6.625 6.25 6.25 6.25 7.375 7.375 7.75 7.75 7.75 5.6875 5.6875 4.9375 4.9375 4.9375 4.75 4.75 6.4375 6.4375 6.4375 7 7 5.75 5.75 5.75 4.75 4.75 4.6875 4.6875 4.6875 6.75 6.75 7.5 7.5 7.5 8.3125 8.3125 6.1875 6.1875 6.1875 5.625 5.625 7.9375 7.9375 7.9375 11.5625 11.5625 13.3125 13.3125 13.3125 10.4375 10.4375 7.5 7.5 7.5 7.25 7.25 7 7 7 3.875 3.875 1.8125 1.8125 1.8125 2.5625 2.5625 3.25 3.25 3.25 2.4375 2.4375 1 1 1 0.5 0.5 0.375 0.375 0.375 0.3125 0.3125 0.125 0.125 0.125 0.0625 0.0625 0 0 0 0 0 0 0 0 0 0 0 0 0 0 0 0 0 0 0 0 0 0 0 0 0 0 0 0 0 0 0 0 0 0 0 0 0 0 0 0 0 0 0 0 0 0 0 0 0 0 0 0 0 0 0 0 0 0 0 0 0 0 0 0 0 0 0 0 0 0 0 0 0 0 0 0 0
 18.5625 18.5625 10.4375 10.4375 10.4375 6.625 6.625 6.25 6.25 6.25 7.375 7.375 7.75 7.75 7.75 5.6875 5.6875 4.9375 4.9375 4.9375 4.75 4.75 6.4375 6.4375 6.4375 7 7 5.75 5.75 5.75 4.75 4.75 4.6875 4.6875 4.6875 6.75 6.75 7.5 7.5 7.5 8.3125 8.3125 6.1875 6.1875 6.1875 5.625 5.625 7.9375 7.9375 7.9375 11.5625 11.5625 13.3125 13.3125 13.3125 10.4375 10.4375 7.5 7.5 7.5 7.25 7.25 7 7 7 3.875 3.875 1.8125 1.8125 1.8125 2.5625 2.5625 3.25 3.25 3.25 2.4375 2.4375 1 1 1 0.5 0.5 0.375 0.375 0.375 0.3125 0.3125 0.125 0.125 0.125 0.0625 0.0625 0 0 0 0 0 0 0 0 0 0 0 0 0 0 0 0 0 0 0 0 0 0 0 0 0 0 0 0 0 0 0 0 0 0 0 0 0 0 0 0 0 0 0 0 0 0 0 0 0 0 0 0 0 0 0 0 0 0 0 0 0 0 0 0 0 0 0 0 0 0 0 0 0 0 0 0 0
 14.8125 14.8125 10.125 10.125 10.125 6.4375 6.4375 5.6875 5.6875 5.6875 4.0625 4.0625 2.4375 2.4375 2.4375 1.875 1.875 2.25 2.25 2.25 2.8125 2.8125 3.5 3.5 3.5 3.6875 3.6875 2.5625 2.5625 2.5625 1.25 1.25 0.4375 0.4375 0.4375 0.5625 0.5625 1.9375 1.9375 1.9375 3.625 3.625 5.125 5.125 5.125 6.5625 6.5625 7.3125 7.3125 7.3125 9 9 11.75 11.75 11.75 10.4375 10.4375 7.5 7.5 7.5 5.8125 5.8125 3.75 3.75 3.75 1.0625 1.0625 0.75 0.75 0.75 0.6875 0.6875 0.75 0.75 0.75 0.8125 0.8125 0.5625 0.5625 0.5625 0.375 0.375 0.3125 0.3125 0.3125 0.1875 0.1875 0.125 0.125 0.125 0.0625 0.0625 0 0 0 0 0 0 0 0 0 0 0 0 0 0 0 0 0 0 0 0 0 0 0 0 0 0 0 0 0 0 0 0 0 0 0 0 0 0 0 0 0 0 0 0 0 0 0 0 0 0 0 0 0 0 0 0 0 0 0 0 0 0 0 0 0 0 0 0 0 0 0 0 0 0 0 0 0
 14.8125 14.8125 10.125 10.125 10.125 6.4375 6.4375 5.6875 5.6875 5.6875 4.0625 4.0625 2.4375 2.4375 2.4375 1.875 1.875 2.25 2.25 2.25 2.8125 2.8125 3.5 3.5 3.5 3.6875 3.6875 2.5625 2.5625 2.5625 1.25 1.25 0.4375 0.4375 0.4375 0.5625 0.5625 1.9375 1.9375 1.9375 3.625 3.625 5.125 5.125 5.125 6.5625 6.5625 7.3125 7.3125 7.3125 9 9 11.75 11.75 11.75 10.4375 10.4375 7.5 7.5 7.5 5.8125 5.8125 3.75 3.75 3.75 1.0625 1.0625 0.75 0.75 0.75 0.6875 0.6875 0.75 0.75 0.75 0.8125 0.8125 0.5625 0.5625 0.5625 0.375 0.375 0.3125 0.3125 0.3125 0.1875 0.1875 0.125 0.125 0.125 0.0625 0.0625 0 0 0 0 0 0 0 0 0 0 0 0 0 0 0 0 0 0 0 0 0 0 0 0 0 0 0 0 0 0 0 0 0 0 0 0 0 0 0 0 0 0 0 0 0 0 0 0 0 0 0 0 0 0 0 0 0 0 0 0 0 0 0 0 0 0 0 0 0 0 0 0 0 0 0 0 0
 14.8125 14.8125 10.125 10.125 10.125 6.4375 6.4375 5.6875 5.6875 5.6875 4.0625 4.0625 2.4375 2.4375 2.4375 1.875 1.875 2.25 2.25 2.25 2.8125 2.8125 3.5 3.5 3.5 3.6875 3.6875 2.5625 2.5625 2.5625 1.25 1.25 0.4375 0.4375 0.4375 0.5625 0.5625 1.9375 1.9375 1.9375 3.625 3.625 5.125 5.125 5.125 6.5625 6.5625 7.3125 7.3125 7.3125 9 9 11.75 11.75 11.75 10.4375 10.4375 7.5 7.5 7.5 5.8125 5.8125 3.75 3.75 3.75 1.0625 1.0625 0.75 0.75 0.75 0.6875 0.6875 0.75 0.75 0.75 0.8125 0.8125 0.5625 0.5625 0.5625 0.375 0.375 0.3125 0.3125 0.3125 0.1875 0.1875 0.125 0.125 0.125 0.0625 0.0625 0 0 0 0 0 0 0 0 0 0 0 0 0 0 0 0 0 0 0 0 0 0 0 0 0 0 0 0 0 0 0 0 0 0 0 0 0 0 0 0 0 0 0 0 0 0 0 0 0 0 0 0 0 0 0 0 0 0 0 0 0 0 0 0 0 0 0 0 0 0 0 0 0 0 0 0 0
 17 17 15 15 15 8.4375 8.4375 4.1875 4.1875 4.1875 2.4375 2.4375 0.875 0.875 0.875 0.375 0.375 0.375 0.375 0.375 0.9375 0.9375 1.5625 1.5625 1.5625 2.3125 2.3125 2.1875 2.1875 2.1875 1.4375 1.4375 0.9375 0.9375 0.9375 0.875 0.875 1.0625 1.0625 1.0625 2 2 3.4375 3.4375 3.4375 4.9375 4.9375 5.25 5.25 5.25 5.4375 5.4375 7 7 7 7.25 7.25 6.3125 6.3125 6.3125 5.125 5.125 2.1875 2.1875 2.1875 0.25 0.25 0.0625 0.0625 0.0625 0.0625 0.0625 0.0625 0.0625 0.0625 0.125 0.125 0.1875 0.1875 0.1875 0.125 0.125 0.125 0.125 0.125 0.0625 0.0625 0.0625 0.0625 0.0625 0 0 0 0 0 0 0 0 0 0 0 0 0 0 0 0 0 0 0 0 0 0 0 0 0 0 0 0 0 0 0 0 0 0 0 0 0 0 0 0 0 0 0 0 0 0 0 0 0 0 0 0 0 0 0 0 0 0 0 0 0 0 0 0 0 0 0 0 0 0 0 0 0 0 0 0 0 0 0
 17 17 15 15 15 8.4375 8.4375 4.1875 4.1875 4.1875 2.4375 2.4375 0.875 0.875 0.875 0.375 0.375 0.375 0.375 0.375 0.9375 0.9375 1.5625 1.5625 1.5625 2.3125 2.3125 2.1875 2.1875 2.1875 1.4375 1.4375 0.9375 0.9375 0.9375 0.875 0.875 1.0625 1.0625 1.0625 2 2 3.4375 3.4375 3.4375 4.9375 4.9375 5.25 5.25 5.25 5.4375 5.4375 7 7 7 7.25 7.25 6.3125 6.3125 6.3125 5.125 5.125 2.1875 2.1875 2.1875 0.25 0.25 0.0625 0.0625 0.0625 0.0625 0.0625 0.0625 0.0625 0.0625 0.125 0.125 0.1875 0.1875 0.1875 0.125 0.125 0.125 0.125 0.125 0.0625 0.0625 0.0625 0.0625 0.0625 0 0 0 0 0 0 0 0 0 0 0 0 0 0 0 0 0 0 0 0 0 0 0 0 0 0 0 0 0 0 0 0 0 0 0 0 0 0 0 0 0 0 0 0 0 0 0 0 0 0 0 0 0 0 0 0 0 0 0 0 0 0 0 0 0 0 0 0 0 0 0 0 0 0 0 0 0 0 0
 20.5625 20.5625 13.8125 13.8125 13.8125 7 7 2.75 2.75 2.75 2.625 2.625 2.375 2.375 2.375 2.0625 2.0625 2 2 2 2.5625 2.5625 2.8125 2.8125 2.8125 3.4375 3.4375 3.375 3.375 3.375 3 3 2.625 2.625 2.625 2.8125 2.8125 3.5 3.5 3.5 4.8125 4.8125 4.1875 4.1875 4.1875 2.9375 2.9375 2.5 2.5 2.5 2.5625 2.5625 2.9375 2.9375 2.9375 3.125 3.125 3.4375 3.4375 3.4375 3.0625 3.0625 1.25 1.25 1.25 0.0625 0.0625 0 0 0 0 0 0 0 0 0 0 0 0 0 0.0625 0.0625 0.125 0.125 0.125 0.125 0.125 0.0625 0.0625 0.0625 0 0 0 0 0 0 0 0 0 0 0 0 0 0 0 0 0 0 0 0 0 0 0 0 0 0 0 0 0 0 0 0 0 0 0 0 0 0 0 0 0 0 0 0 0 0 0 0 0 0 0 0 0 0 0 0 0 0 0 0 0 0 0 0 0 0 0 0 0 0 0 0 0 0 0 0 0 0 0
 20.5625 20.5625 13.8125 13.8125 13.8125 7 7 2.75 2.75 2.75 2.625 2.625 2.375 2.375 2.375 2.0625 2.0625 2 2 2 2.5625 2.5625 2.8125 2.8125 2.8125 3.4375 3.4375 3.375 3.375 3.375 3 3 2.625 2.625 2.625 2.8125 2.8125 3.5 3.5 3.5 4.8125 4.8125 4.1875 4.1875 4.1875 2.9375 2.9375 2.5 2.5 2.5 2.5625 2.5625 2.9375 2.9375 2.9375 3.125 3.125 3.4375 3.4375 3.4375 3.0625 3.0625 1.25 1.25 1.25 0.0625 0.0625 0 0 0 0 0 0 0 0 0 0 0 0 0 0.0625 0.0625 0.125 0.125 0.125 0.125 0.125 0.0625 0.0625 0.0625 0 0 0 0 0 0 0 0 0 0 0 0 0 0 0 0 0 0 0 0 0 0 0 0 0 0 0 0 0 0 0 0 0 0 0 0 0 0 0 0 0 0 0 0 0 0 0 0 0 0 0 0 0 0 0 0 0 0 0 0 0 0 0 0 0 0 0 0 0 0 0 0 0 0 0 0 0 0 0
 20.5625 20.5625 13.8125 13.8125 13.8125 7 7 2.75 2.75 2.75 2.625 2.625 2.375 2.375 2.375 2.0625 2.0625 2 2 2 2.5625 2.5625 2.8125 2.8125 2.8125 3.4375 3.4375 3.375 3.375 3.375 3 3 2.625 2.625 2.625 2.8125 2.8125 3.5 3.5 3.5 4.8125 4.8125 4.1875 4.1875 4.1875 2.9375 2.9375 2.5 2.5 2.5 2.5625 2.5625 2.9375 2.9375 2.9375 3.125 3.125 3.4375 3.4375 3.4375 3.0625 3.0625 1.25 1.25 1.25 0.0625 0.0625 0 0 0 0 0 0 0 0 0 0 0 0 0 0.0625 0.0625 0.125 0.125 0.125 0.125 0.125 0.0625 0.0625 0.0625 0 0 0 0 0 0 0 0 0 0 0 0 0 0 0 0 0 0 0 0 0 0 0 0 0 0 0 0 0 0 0 0 0 0 0 0 0 0 0 0 0 0 0 0 0 0 0 0 0 0 0 0 0 0 0 0 0 0 0 0 0 0 0 0 0 0 0 0 0 0 0 0 0 0 0 0 0 0 0
 19.75 19.75 10.9375 10.9375 10.9375 3.6875 3.6875 1.5 1.5 1.5 2.0625 2.0625 3.6875 3.6875 3.6875 4.1875 4.1875 4.5 4.5 4.5 4.375 4.375 3.9375 3.9375 3.9375 3.6875 3.6875 3.625 3.625 3.625 3.75 3.75 3.875 3.875 3.875 4.75 4.75 6.125 6.125 6.125 5.875 5.875 3.875 3.875 3.875 2.0625 2.0625 1.1875 1.1875 1.1875 1.125 1.125 1.5625 1.5625 1.5625 1.625 1.625 1.9375 1.9375 1.9375 1.75 1.75 0.75 0.75 0.75 0 0 0 0 0 0 0 0 0 0 0 0 0.0625 0.0625 0.0625 0.0625 0.0625 0.0625 0.0625 0.0625 0 0 0 0 0 0 0 0 0 0 0 0 0 0 0 0 0 0 0 0 0 0 0 0 0 0 0 0 0 0 0 0 0 0 0 0 0 0 0 0 0 0 0 0 0 0 0 0 0 0 0 0 0 0 0 0 0 0 0 0 0 0 0 0 0 0 0 0 0 0 0 0 0 0 0 0 0 0 0 0 0 0 0 0
 19.75 19.75 10.9375 10.9375 10.9375 3.6875 3.6875 1.5 1.5 1.5 2.0625 2.0625 3.6875 3.6875 3.6875 4.1875 4.1875 4.5 4.5 4.5 4.375 4.375 3.9375 3.9375 3.9375 3.6875 3.6875 3.625 3.625 3.625 3.75 3.75 3.875 3.875 3.875 4.75 4.75 6.125 6.125 6.125 5.875 5.875 3.875 3.875 3.875 2.0625 2.0625 1.1875 1.1875 1.1875 1.125 1.125 1.5625 1.5625 1.5625 1.625 1.625 1.9375 1.9375 1.9375 1.75 1.75 0.75 0.75 0.75 0 0 0 0 0 0 0 0 0 0 0 0 0.0625 0.0625 0.0625 0.0625 0.0625 0.0625 0.0625 0.0625 0 0 0 0 0 0 0 0 0 0 0 0 0 0 0 0 0 0 0 0 0 0 0 0 0 0 0 0 0 0 0 0 0 0 0 0 0 0 0 0 0 0 0 0 0 0 0 0 0 0 0 0 0 0 0 0 0 0 0 0 0 0 0 0 0 0 0 0 0 0 0 0 0 0 0 0 0 0 0 0 0 0 0 0
 21.5625 21.5625 20.3125 20.3125 20.3125 11.125 11.125 3.1875 3.1875 3.1875 1.5 1.5 3.8125 3.8125 3.8125 4.625 4.625 5.0625 5.0625 5.0625 3.9375 3.9375 3.125 3.125 3.125 2.9375 2.9375 2.875 2.875 2.875 3.875 3.875 4.8125 4.8125 4.8125 4.6875 4.6875 4.125 4.125 4.125 3.4375 3.4375 2.4375 2.4375 2.4375 1 1 0.625 0.625 0.625 1.375 1.375 1.6875 1.6875 1.6875 1.625 1.625 2.25 2.25 2.25 2.0625 2.0625 0.75 0.75 0.75 0 0 0 0 0 0 0 0 0 0 0 0 0 0 0 0 0 0 0 0 0 0 0 0 0 0 0 0 0 0 0 0 0 0 0 0 0 0 0 0 0 0 0 0 0 0 0 0 0 0 0 0 0 0 0 0 0 0 0 0 0 0 0 0 0 0 0 0 0 0 0 0 0 0 0 0 0 0 0 0 0 0 0 0 0 0 0 0 0 0 0 0 0 0 0 0 0 0 0 0 0 0 0 0
 21.5625 21.5625 20.3125 20.3125 20.3125 11.125 11.125 3.1875 3.1875 3.1875 1.5 1.5 3.8125 3.8125 3.8125 4.625 4.625 5.0625 5.0625 5.0625 3.9375 3.9375 3.125 3.125 3.125 2.9375 2.9375 2.875 2.875 2.875 3.875 3.875 4.8125 4.8125 4.8125 4.6875 4.6875 4.125 4.125 4.125 3.4375 3.4375 2.4375 2.4375 2.4375 1 1 0.625 0.625 0.625 1.375 1.375 1.6875 1.6875 1.6875 1.625 1.625 2.25 2.25 2.25 2.0625 2.0625 0.75 0.75 0.75 0 0 0 0 0 0 0 0 0 0 0 0 0 0 0 0 0 0 0 0 0 0 0 0 0 0 0 0 0 0 0 0 0 0 0 0 0 0 0 0 0 0 0 0 0 0 0 0 0 0 0 0 0 0 0 0 0 0 0 0 0 0 0 0 0 0 0 0 0 0 0 0 0 0 0 0 0 0 0 0 0 0 0 0 0 0 0 0 0 0 0 0 0 0 0 0 0 0 0 0 0 0 0 0
 21.5625 21.5625 20.3125 20.3125 20.3125 11.125 11.125 3.1875 3.1875 3.1875 1.5 1.5 3.8125 3.8125 3.8125 4.625 4.625 5.0625 5.0625 5.0625 3.9375 3.9375 3.125 3.125 3.125 2.9375 2.9375 2.875 2.875 2.875 3.875 3.875 4.8125 4.8125 4.8125 4.6875 4.6875 4.125 4.125 4.125 3.4375 3.4375 2.4375 2.4375 2.4375 1 1 0.625 0.625 0.625 1.375 1.375 1.6875 1.6875 1.6875 1.625 1.625 2.25 2.25 2.25 2.0625 2.0625 0.75 0.75 0.75 0 0 0 0 0 0 0 0 0 0 0 0 0 0 0 0 0 0 0 0 0 0 0 0 0 0 0 0 0 0 0 0 0 0 0 0 0 0 0 0 0 0 0 0 0 0 0 0 0 0 0 0 0 0 0 0 0 0 0 0 0 0 0 0 0 0 0 0 0 0 0 0 0 0 0 0 0 0 0 0 0 0 0 0 0 0 0 0 0 0 0 0 0 0 0 0 0 0 0 0 0 0 0 0
 20 20 23.5 23.5 23.5 16.5 16.5 6.375 6.375 6.375 1.875 1.875 2.9375 2.9375 2.9375 3.5 3.5 4.875 4.875 4.875 4.25 4.25 2.875 2.875 2.875 2.8125 2.8125 2.9375 2.9375 2.9375 3.9375 3.9375 4.5 4.5 4.5 3.25 3.25 2.0625 2.0625 2.0625 1.1875 1.1875 0.4375 0.4375 0.4375 0.375 0.375 0.6875 0.6875 0.6875 1.4375 1.4375 1.5 1.5 1.5 1.75 1.75 1.9375 1.9375 1.9375 1.5 1.5 0.4375 0.4375 0.4375 0 0 0 0 0 0 0 0 0 0 0 0 0 0 0 0 0 0 0 0 0 0 0 0 0 0 0 0 0 0 0 0 0 0 0 0 0 0 0 0 0 0 0 0 0 0 0 0 0 0 0 0 0 0 0 0 0 0 0 0 0 0 0 0 0 0 0 0 0 0 0 0 0 0 0 0 0 0 0 0 0 0 0 0 0 0 0 0 0 0 0 0 0 0 0 0 0 0 0 0 0 0 0 0
 20 20 23.5 23.5 23.5 16.5 16.5 6.375 6.375 6.375 1.875 1.875 2.9375 2.9375 2.9375 3.5 3.5 4.875 4.875 4.875 4.25 4.25 2.875 2.875 2.875 2.8125 2.8125 2.9375 2.9375 2.9375 3.9375 3.9375 4.5 4.5 4.5 3.25 3.25 2.0625 2.0625 2.0625 1.1875 1.1875 0.4375 0.4375 0.4375 0.375 0.375 0.6875 0.6875 0.6875 1.4375 1.4375 1.5 1.5 1.5 1.75 1.75 1.9375 1.9375 1.9375 1.5 1.5 0.4375 0.4375 0.4375 0 0 0 0 0 0 0 0 0 0 0 0 0 0 0 0 0 0 0 0 0 0 0 0 0 0 0 0 0 0 0 0 0 0 0 0 0 0 0 0 0 0 0 0 0 0 0 0 0 0 0 0 0 0 0 0 0 0 0 0 0 0 0 0 0 0 0 0 0 0 0 0 0 0 0 0 0 0 0 0 0 0 0 0 0 0 0 0 0 0 0 0 0 0 0 0 0 0 0 0 0 0 0 0
 23.125 23.125 23.1875 23.1875 23.1875 18.5625 18.5625 12.875 12.875 12.875 5.3125 5.3125 1.5 1.5 1.5 0.9375 0.9375 2.5 2.5 2.5 3.875 3.875 3.3125 3.3125 3.3125 4.1875 4.1875 4.75 4.75 4.75 4.1875 4.1875 2.75 2.75 2.75 1.25 1.25 0.5 0.5 0.5 0.4375 0.4375 0.4375 0.4375 0.4375 0.4375 0.4375 0.625 0.625 0.625 1.125 1.125 1.3125 1.3125 1.3125 1.25 1.25 0.875 0.875 0.875 0.5 0.5 0.0625 0.0625 0.0625 0 0 0 0 0 0 0 0 0 0 0 0 0 0 0 0 0 0 0 0 0 0 0 0 0 0 0 0 0 0 0 0 0 0 0 0 0 0 0 0 0 0 0 0 0 0 0 0 0 0 0 0 0 0 0 0 0 0 0 0 0 0 0 0 0 0 0 0 0 0 0 0 0 0 0 0 0 0 0 0 0 0 0 0 0 0 0 0 0 0 0 0 0 0 0 0 0 0 0 0 0 0 0 0
 23.125 23.125 23.1875 23.1875 23.1875 18.5625 18.5625 12.875 12.875 12.875 5.3125 5.3125 1.5 1.5 1.5 0.9375 0.9375 2.5 2.5 2.5 3.875 3.875 3.3125 3.3125 3.3125 4.1875 4.1875 4.75 4.75 4.75 4.1875 4.1875 2.75 2.75 2.75 1.25 1.25 0.5 0.5 0.5 0.4375 0.4375 0.4375 0.4375 0.4375 0.4375 0.4375 0.625 0.625 0.625 1.125 1.125 1.3125 1.3125 1.3125 1.25 1.25 0.875 0.875 0.875 0.5 0.5 0.0625 0.0625 0.0625 0 0 0 0 0 0 0 0 0 0 0 0 0 0 0 0 0 0 0 0 0 0 0 0 0 0 0 0 0 0 0 0 0 0 0 0 0 0 0 0 0 0 0 0 0 0 0 0 0 0 0 0 0 0 0 0 0 0 0 0 0 0 0 0 0 0 0 0 0 0 0 0 0 0 0 0 0 0 0 0 0 0 0 0 0 0 0 0 0 0 0 0 0 0 0 0 0 0 0 0 0 0 0 0
 23.125 23.125 23.1875 23.1875 23.1875 18.5625 18.5625 12.875 12.875 12.875 5.3125 5.3125 1.5 1.5 1.5 0.9375 0.9375 2.5 2.5 2.5 3.875 3.875 3.3125 3.3125 3.3125 4.1875 4.1875 4.75 4.75 4.75 4.1875 4.1875 2.75 2.75 2.75 1.25 1.25 0.5 0.5 0.5 0.4375 0.4375 0.4375 0.4375 0.4375 0.4375 0.4375 0.625 0.625 0.625 1.125 1.125 1.3125 1.3125 1.3125 1.25 1.25 0.875 0.875 0.875 0.5 0.5 0.0625 0.0625 0.0625 0 0 0 0 0 0 0 0 0 0 0 0 0 0 0 0 0 0 0 0 0 0 0 0 0 0 0 0 0 0 0 0 0 0 0 0 0 0 0 0 0 0 0 0 0 0 0 0 0 0 0 0 0 0 0 0 0 0 0 0 0 0 0 0 0 0 0 0 0 0 0 0 0 0 0 0 0 0 0 0 0 0 0 0 0 0 0 0 0 0 0 0 0 0 0 0 0 0 0 0 0 0 0 0
 31.875 31.875 28.125 28.125 28.125 23.6875 23.6875 22.125 22.125 22.125 11.6875 11.6875 2.375 2.375 2.375 0.1875 0.1875 0.1875 0.1875 0.1875 1.25 1.25 2.375 2.375 2.375 3.3125 3.3125 3.6875 3.6875 3.6875 2.375 2.375 1 1 1 0.4375 0.4375 0.5 0.5 0.5 0.5625 0.5625 0.25 0.25 0.25 0.125 0.125 0.4375 0.4375 0.4375 0.8125 0.8125 0.75 0.75 0.75 0.375 0.375 0.125 0.125 0.125 0 0 0 0 0 0 0 0 0 0 0 0 0 0 0 0 0 0 0 0 0 0 0 0 0 0 0 0 0 0 0 0 0 0 0 0 0 0 0 0 0 0 0 0 0 0 0 0 0 0 0 0 0 0 0 0 0 0 0 0 0 0 0 0 0 0 0 0 0 0 0 0 0 0 0 0 0 0 0 0 0 0 0 0 0 0 0 0 0 0 0 0 0 0 0 0 0 0 0 0 0 0 0 0 0 0 0 0 0
 31.875 31.875 28.125 28.125 28.125 23.6875 23.6875 22.125 22.125 22.125 11.6875 11.6875 2.375 2.375 2.375 0.1875 0.1875 0.1875 0.1875 0.1875 1.25 1.25 2.375 2.375 2.375 3.3125 3.3125 3.6875 3.6875 3.6875 2.375 2.375 1 1 1 0.4375 0.4375 0.5 0.5 0.5 0.5625 0.5625 0.25 0.25 0.25 0.125 0.125 0.4375 0.4375 0.4375 0.8125 0.8125 0.75 0.75 0.75 0.375 0.375 0.125 0.125 0.125 0 0 0 0 0 0 0 0 0 0 0 0 0 0 0 0 0 0 0 0 0 0 0 0 0 0 0 0 0 0 0 0 0 0 0 0 0 0 0 0 0 0 0 0 0 0 0 0 0 0 0 0 0 0 0 0 0 0 0 0 0 0 0 0 0 0 0 0 0 0 0 0 0 0 0 0 0 0 0 0 0 0 0 0 0 0 0 0 0 0 0 0 0 0 0 0 0 0 0 0 0 0 0 0 0 0 0 0 0
 39.5625 39.5625 36.5625 36.5625 36.5625 32.375 32.375 24.9375 24.9375 24.9375 14.25 14.25 5.6875 5.6875 5.6875 1.4375 1.4375 0.1875 0.1875 0.1875 0.1875 0.1875 0.4375 0.4375 0.4375 0.375 0.375 0.25 0.25 0.25 0.125 0.125 0.1875 0.1875 0.1875 0.25 0.25 0.1875 0.1875 0.1875 0.0625 0.0625 0.0625 0.0625 0.0625 0.1875 0.1875 0.1875 0.1875 0.1875 0.125 0.125 0.0625 0.0625 0.0625 0 0 0 0 0 0 0 0 0 0 0 0 0 0 0 0 0 0 0 0 0 0 0 0 0 0 0 0 0 0 0 0 0 0 0 0 0 0 0 0 0 0 0 0 0 0 0 0 0 0 0 0 0 0 0 0 0 0 0 0 0 0 0 0 0 0 0 0 0 0 0 0 0 0 0 0 0 0 0 0 0 0 0 0 0 0 0 0 0 0 0 0 0 0 0 0 0 0 0 0 0 0 0 0 0 0 0 0 0 0 0 0 0 0
 39.5625 39.5625 36.5625 36.5625 36.5625 32.375 32.375 24.9375 24.9375 24.9375 14.25 14.25 5.6875 5.6875 5.6875 1.4375 1.4375 0.1875 0.1875 0.1875 0.1875 0.1875 0.4375 0.4375 0.4375 0.375 0.375 0.25 0.25 0.25 0.125 0.125 0.1875 0.1875 0.1875 0.25 0.25 0.1875 0.1875 0.1875 0.0625 0.0625 0.0625 0.0625 0.0625 0.1875 0.1875 0.1875 0.1875 0.1875 0.125 0.125 0.0625 0.0625 0.0625 0 0 0 0 0 0 0 0 0 0 0 0 0 0 0 0 0 0 0 0 0 0 0 0 0 0 0 0 0 0 0 0 0 0 0 0 0 0 0 0 0 0 0 0 0 0 0 0 0 0 0 0 0 0 0 0 0 0 0 0 0 0 0 0 0 0 0 0 0 0 0 0 0 0 0 0 0 0 0 0 0 0 0 0 0 0 0 0 0 0 0 0 0 0 0 0 0 0 0 0 0 0 0 0 0 0 0 0 0 0 0 0 0 0
 39.5625 39.5625 36.5625 36.5625 36.5625 32.375 32.375 24.9375 24.9375 24.9375 14.25 14.25 5.6875 5.6875 5.6875 1.4375 1.4375 0.1875 0.1875 0.1875 0.1875 0.1875 0.4375 0.4375 0.4375 0.375 0.375 0.25 0.25 0.25 0.125 0.125 0.1875 0.1875 0.1875 0.25 0.25 0.1875 0.1875 0.1875 0.0625 0.0625 0.0625 0.0625 0.0625 0.1875 0.1875 0.1875 0.1875 0.1875 0.125 0.125 0.0625 0.0625 0.0625 0 0 0 0 0 0 0 0 0 0 0 0 0 0 0 0 0 0 0 0 0 0 0 0 0 0 0 0 0 0 0 0 0 0 0 0 0 0 0 0 0 0 0 0 0 0 0 0 0 0 0 0 0 0 0 0 0 0 0 0 0 0 0 0 0 0 0 0 0 0 0 0 0 0 0 0 0 0 0 0 0 0 0 0 0 0 0 0 0 0 0 0 0 0 0 0 0 0 0 0 0 0 0 0 0 0 0 0 0 0 0 0 0 0
 46 46 43.375 43.375 43.375 31.6875 31.6875 17.75 17.75 17.75 9.6875 9.6875 5.25 5.25 5.25 2.9375 2.9375 1.3125 1.3125 1.3125 0.6875 0.6875 0.25 0.25 0.25 0 0 0 0 0 0 0 0 0 0 0 0 0 0 0 0 0 0 0 0 0 0 0 0 0 0 0 0 0 0 0 0 0 0 0 0 0 0 0 0 0 0 0 0 0 0 0 0 0 0 0 0 0 0 0 0 0 0 0 0 0 0 0 0 0 0 0 0 0 0 0 0 0 0 0 0 0 0 0 0 0 0 0 0 0 0 0 0 0 0 0 0 0 0 0 0 0 0 0 0 0 0 0 0 0 0 0 0 0 0 0 0 0 0 0 0 0 0 0 0 0 0 0 0 0 0 0 0 0 0 0 0 0 0 0 0 0 0 0 0 0 0 0 0
 46 46 43.375 43.375 43.375 31.6875 31.6875 17.75 17.75 17.75 9.6875 9.6875 5.25 5.25 5.25 2.9375 2.9375 1.3125 1.3125 1.3125 0.6875 0.6875 0.25 0.25 0.25 0 0 0 0 0 0 0 0 0 0 0 0 0 0 0 0 0 0 0 0 0 0 0 0 0 0 0 0 0 0 0 0 0 0 0 0 0 0 0 0 0 0 0 0 0 0 0 0 0 0 0 0 0 0 0 0 0 0 0 0 0 0 0 0 0 0 0 0 0 0 0 0 0 0 0 0 0 0 0 0 0 0 0 0 0 0 0 0 0 0 0 0 0 0 0 0 0 0 0 0 0 0 0 0 0 0 0 0 0 0 0 0 0 0 0 0 0 0 0 0 0 0 0 0 0 0 0 0 0 0 0 0 0 0 0 0 0 0 0 0 0 0 0 0
 35.875 35.875 30.0625 30.0625 30.0625 20 20 11.8125 11.8125 11.8125 5.4375 5.4375 2.3125 2.3125 2.3125 1.5 1.5 1.0625 1.0625 1.0625 0.5625 0.5625 0.125 0.125 0.125 0 0 0 0 0 0 0 0 0 0 0 0 0 0 0 0 0 0 0 0 0 0 0 0 0 0 0 0 0 0 0 0 0 0 0 0 0 0 0 0 0 0 0 0 0 0 0 0 0 0 0 0 0 0 0 0 0 0 0 0 0 0 0 0 0 0 0 0 0 0 0 0 0 0 0 0 0 0 0 0 0 0 0 0 0 0 0 0 0 0 0 0 0 0 0 0 0 0 0 0 0 0 0 0 0 0 0 0 0 0 0 0 0 0 0 0 0 0 0 0 0 0 0 0 0 0 0 0 0 0 0 0 0 0 0 0 0 0 0 0 0 0 0 0
 35.875 35.875 30.0625 30.0625 30.0625 20 20 11.8125 11.8125 11.8125 5.4375 5.4375 2.3125 2.3125 2.3125 1.5 1.5 1.0625 1.0625 1.0625 0.5625 0.5625 0.125 0.125 0.125 0 0 0 0 0 0 0 0 0 0 0 0 0 0 0 0 0 0 0 0 0 0 0 0 0 0 0 0 0 0 0 0 0 0 0 0 0 0 0 0 0 0 0 0 0 0 0 0 0 0 0 0 0 0 0 0 0 0 0 0 0 0 0 0 0 0 0 0 0 0 0 0 0 0 0 0 0 0 0 0 0 0 0 0 0 0 0 0 0 0 0 0 0 0 0 0 0 0 0 0 0 0 0 0 0 0 0 0 0 0 0 0 0 0 0 0 0 0 0 0 0 0 0 0 0 0 0 0 0 0 0 0 0 0 0 0 0 0 0 0 0 0 0 0
 35.875 35.875 30.0625 30.0625 30.0625 20 20 11.8125 11.8125 11.8125 5.4375 5.4375 2.3125 2.3125 2.3125 1.5 1.5 1.0625 1.0625 1.0625 0.5625 0.5625 0.125 0.125 0.125 0 0 0 0 0 0 0 0 0 0 0 0 0 0 0 0 0 0 0 0 0 0 0 0 0 0 0 0 0 0 0 0 0 0 0 0 0 0 0 0 0 0 0 0 0 0 0 0 0 0 0 0 0 0 0 0 0 0 0 0 0 0 0 0 0 0 0 0 0 0 0 0 0 0 0 0 0 0 0 0 0 0 0 0 0 0 0 0 0 0 0 0 0 0 0 0 0 0 0 0 0 0 0 0 0 0 0 0 0 0 0 0 0 0 0 0 0 0 0 0 0 0 0 0 0 0 0 0 0 0 0 0 0 0 0 0 0 0 0 0 0 0 0 0
 29.5625 29.5625 27.3125 27.3125 27.3125 22.25 22.25 16.625 16.625 16.625 11.625 11.625 7.125 7.125 7.125 4 4 2.125 2.125 2.125 0.8125 0.8125 0.125 0.125 0.125 0 0 0 0 0 0 0 0 0 0 0 0 0 0 0 0 0 0 0 0 0 0 0 0 0 0 0 0 0 0 0 0 0 0 0 0 0 0 0 0 0 0 0 0 0 0 0 0 0 0 0 0 0 0 0 0 0 0 0 0 0 0 0 0 0 0 0 0 0 0 0 0 0 0 0 0 0 0 0 0 0 0 0 0 0 0 0 0 0 0 0 0 0 0 0 0 0 0 0 0 0 0 0 0 0 0 0 0 0 0 0 0 0 0 0 0 0 0 0 0 0 0 0 0 0 0 0 0 0 0 0 0 0 0 0 0 0 0 0 0 0 0 0 0
 29.5625 29.5625 27.3125 27.3125 27.3125 22.25 22.25 16.625 16.625 16.625 11.625 11.625 7.125 7.125 7.125 4 4 2.125 2.125 2.125 0.8125 0.8125 0.125 0.125 0.125 0 0 0 0 0 0 0 0 0 0 0 0 0 0 0 0 0 0 0 0 0 0 0 0 0 0 0 0 0 0 0 0 0 0 0 0 0 0 0 0 0 0 0 0 0 0 0 0 0 0 0 0 0 0 0 0 0 0 0 0 0 0 0 0 0 0 0 0 0 0 0 0 0 0 0 0 0 0 0 0 0 0 0 0 0 0 0 0 0 0 0 0 0 0 0 0 0 0 0 0 0 0 0 0 0 0 0 0 0 0 0 0 0 0 0 0 0 0 0 0 0 0 0 0 0 0 0 0 0 0 0 0 0 0 0 0 0 0 0 0 0 0 0 0
 37.8125 37.8125 36.6875 36.6875 36.6875 32.8125 32.8125 30.25 30.25 30.25 24.6875 24.6875 16.75 16.75 16.75 9.0625 9.0625 4.5625 4.5625 4.5625 1.25 1.25 0.3125 0.3125 0.3125 0 0 0 0 0 0 0 0 0 0 0 0 0 0 0 0 0 0 0 0 0 0 0 0 0 0 0 0 0 0 0 0 0 0 0 0 0 0 0 0 0 0 0 0 0 0 0 0 0 0 0 0 0 0 0 0 0 0 0 0 0 0 0 0 0 0 0 0 0 0 0 0 0 0 0 0 0 0 0 0 0 0 0 0 0 0 0 0 0 0 0 0 0 0 0 0 0 0 0 0 0 0 0 0 0 0 0 0 0 0 0 0 0 0 0 0 0 0 0 0 0 0 0 0 0 0 0 0 0 0 0 0 0 0 0 0 0 0 0 0 0 0 0 0
 37.8125 37.8125 36.6875 36.6875 36.6875 32.8125 32.8125 30.25 30.25 30.25 24.6875 24.6875 16.75 16.75 16.75 9.0625 9.0625 4.5625 4.5625 4.5625 1.25 1.25 0.3125 0.3125 0.3125 0 0 0 0 0 0 0 0 0 0 0 0 0 0 0 0 0 0 0 0 0 0 0 0 0 0 0 0 0 0 0 0 0 0 0 0 0 0 0 0 0 0 0 0 0 0 0 0 0 0 0 0 0 0 0 0 0 0 0 0 0 0 0 0 0 0 0 0 0 0 0 0 0 0 0 0 0 0 0 0 0 0 0 0 0 0 0 0 0 0 0 0 0 0 0 0 0 0 0 0 0 0 0 0 0 0 0 0 0 0 0 0 0 0 0 0 0 0 0 0 0 0 0 0 0 0 0 0 0 0 0 0 0 0 0 0 0 0 0 0 0 0 0 0
 37.8125 37.8125 36.6875 36.6875 36.6875 32.8125 32.8125 30.25 30.25 30.25 24.6875 24.6875 16.75 16.75 16.75 9.0625 9.0625 4.5625 4.5625 4.5625 1.25 1.25 0.3125 0.3125 0.3125 0 0 0 0 0 0 0 0 0 0 0 0 0 0 0 0 0 0 0 0 0 0 0 0 0 0 0 0 0 0 0 0 0 0 0 0 0 0 0 0 0 0 0 0 0 0 0 0 0 0 0 0 0 0 0 0 0 0 0 0 0 0 0 0 0 0 0 0 0 0 0 0 0 0 0 0 0 0 0 0 0 0 0 0 0 0 0 0 0 0 0 0 0 0 0 0 0 0 0 0 0 0 0 0 0 0 0 0 0 0 0 0 0 0 0 0 0 0 0 0 0 0 0 0 0 0 0 0 0 0 0 0 0 0 0 0 0 0 0 0 0 0 0 0
 50.3125 50.3125 50.375 50.375 50.375 52.25 52.25 47.875 47.875 47.875 36.9375 36.9375 20.875 20.875 20.875 9.9375 9.9375 3.4375 3.4375 3.4375 0.5625 0.5625 0.0625 0.0625 0.0625 0 0 0 0 0 0 0 0 0 0 0 0 0 0 0 0 0 0 0 0 0 0 0 0 0 0 0 0 0 0 0 0 0 0 0 0 0 0 0 0 0 0 0 0 0 0 0 0 0 0 0 0 0 0 0 0 0 0 0 0 0 0 0 0 0 0 0 0 0 0 0 0 0 0 0 0 0 0 0 0 0 0 0 0 0 0 0 0 0 0 0 0 0 0 0 0 0 0 0 0 0 0 0 0 0 0 0 0 0 0 0 0 0 0 0 0 0 0 0 0 0 0 0 0 0 0 0 0 0 0 0 0 0 0 0 0 0 0 0 0 0 0 0 0
 50.3125 50.3125 50.375 50.375 50.375 52.25 52.25 47.875 47.875 47.875 36.9375 36.9375 20.875 20.875 20.875 9.9375 9.9375 3.4375 3.4375 3.4375 0.5625 0.5625 0.0625 0.0625 0.0625 0 0 0 0 0 0 0 0 0 0 0 0 0 0 0 0 0 0 0 0 0 0 0 0 0 0 0 0 0 0 0 0 0 0 0 0 0 0 0 0 0 0 0 0 0 0 0 0 0 0 0 0 0 0 0 0 0 0 0 0 0 0 0 0 0 0 0 0 0 0 0 0 0 0 0 0 0 0 0 0 0 0 0 0 0 0 0 0 0 0 0 0 0 0 0 0 0 0 0 0 0 0 0 0 0 0 0 0 0 0 0 0 0 0 0 0 0 0 0 0 0 0 0 0 0 0 0 0 0 0 0 0 0 0 0 0 0 0 0 0 0 0 0 0
 56.5625 56.5625 54.0625 54.0625 54.0625 53.875 53.875 44.25 44.25 44.25 28.1875 28.1875 13.75 13.75 13.75 4.9375 4.9375 0.9375 0.9375 0.9375 0.0625 0.0625 0 0 0 0 0 0 0 0 0 0 0 0 0 0 0 0 0 0 0 0 0 0 0 0 0 0 0 0 0 0 0 0 0 0 0 0 0 0 0 0 0 0 0 0 0 0 0 0 0 0 0 0 0 0 0 0 0 0 0 0 0 0 0 0 0 0 0 0 0 0 0 0 0 0 0 0 0 0 0 0 0 0 0 0 0 0 0 0 0 0 0 0 0 0 0 0 0 0 0 0 0 0 0 0 0 0 0 0 0 0 0 0 0 0 0 0 0 0 0 0 0 0 0 0 0 0 0 0 0 0 0 0 0 0 0 0 0 0 0 0 0 0 0 0 0 0 0
 56.5625 56.5625 54.0625 54.0625 54.0625 53.875 53.875 44.25 44.25 44.25 28.1875 28.1875 13.75 13.75 13.75 4.9375 4.9375 0.9375 0.9375 0.9375 0.0625 0.0625 0 0 0 0 0 0 0 0 0 0 0 0 0 0 0 0 0 0 0 0 0 0 0 0 0 0 0 0 0 0 0 0 0 0 0 0 0 0 0 0 0 0 0 0 0 0 0 0 0 0 0 0 0 0 0 0 0 0 0 0 0 0 0 0 0 0 0 0 0 0 0 0 0 0 0 0 0 0 0 0 0 0 0 0 0 0 0 0 0 0 0 0 0 0 0 0 0 0 0 0 0 0 0 0 0 0 0 0 0 0 0 0 0 0 0 0 0 0 0 0 0 0 0 0 0 0 0 0 0 0 0 0 0 0 0 0 0 0 0 0 0 0 0 0 0 0 0
 56.5625 56.5625 54.0625 54.0625 54.0625 53.875 53.875 44.25 44.25 44.25 28.1875 28.1875 13.75 13.75 13.75 4.9375 4.9375 0.9375 0.9375 0.9375 0.0625 0.0625 0 0 0 0 0 0 0 0 0 0 0 0 0 0 0 0 0 0 0 0 0 0 0 0 0 0 0 0 0 0 0 0 0 0 0 0 0 0 0 0 0 0 0 0 0 0 0 0 0 0 0 0 0 0 0 0 0 0 0 0 0 0 0 0 0 0 0 0 0 0 0 0 0 0 0 0 0 0 0 0 0 0 0 0 0 0 0 0 0 0 0 0 0 0 0 0 0 0 0 0 0 0 0 0 0 0 0 0 0 0 0 0 0 0 0 0 0 0 0 0 0 0 0 0 0 0 0 0 0 0 0 0 0 0 0 0 0 0 0 0 0 0 0 0 0 0 0
 51.4375 51.4375 45.625 45.625 45.625 34.0625 34.0625 21.5 21.5 21.5 11.5625 11.5625 3.375 3.375 3.375 0.5625 0.5625 0.0625 0.0625 0.0625 0 0 0 0 0 0 0 0 0 0 0 0 0 0 0 0 0 0 0 0 0 0 0 0 0 0 0 0 0 0 0 0 0 0 0 0 0 0 0 0 0 0 0 0 0 0 0 0 0 0 0 0 0 0 0 0 0 0 0 0 0 0 0 0 0 0 0 0 0 0 0 0 0 0 0 0 0 0 0 0 0 0 0 0 0 0 0 0 0 0 0 0 0 0 0 0 0 0 0 0 0 0 0 0 0 0 0 0 0 0 0 0 0 0 0 0 0 0 0 0 0 0 0 0 0 0 0 0 0 0 0 0 0 0 0 0 0 0 0 0 0 0 0 0 0 0 0 0 0
 51.4375 51.4375 45.625 45.625 45.625 34.0625 34.0625 21.5 21.5 21.5 11.5625 11.5625 3.375 3.375 3.375 0.5625 0.5625 0.0625 0.0625 0.0625 0 0 0 0 0 0 0 0 0 0 0 0 0 0 0 0 0 0 0 0 0 0 0 0 0 0 0 0 0 0 0 0 0 0 0 0 0 0 0 0 0 0 0 0 0 0 0 0 0 0 0 0 0 0 0 0 0 0 0 0 0 0 0 0 0 0 0 0 0 0 0 0 0 0 0 0 0 0 0 0 0 0 0 0 0 0 0 0 0 0 0 0 0 0 0 0 0 0 0 0 0 0 0 0 0 0 0 0 0 0 0 0 0 0 0 0 0 0 0 0 0 0 0 0 0 0 0 0 0 0 0 0 0 0 0 0 0 0 0 0 0 0 0 0 0 0 0 0 0
 28.8125 28.8125 19.4375 19.4375 19.4375 10.25 10.25 4.75 4.75 4.75 1.375 1.375 0.125 0.125 0.125 0.0625 0.0625 0.0625 0.0625 0.0625 0 0 0 0 0 0 0 0 0 0 0 0 0 0 0 0 0 0 0 0 0 0 0 0 0 0 0 0 0 0 0 0 0 0 0 0 0 0 0 0 0 0 0 0 0 0 0 0 0 0 0 0 0 0 0 0 0 0 0 0 0 0 0 0 0 0 0 0 0 0 0 0 0 0 0 0 0 0 0 0 0 0 0 0 0 0 0 0 0 0 0 0 0 0 0 0 0 0 0 0 0 0 0 0 0 0 0 0 0 0 0 0 0 0 0 0 0 0 0 0 0 0 0 0 0 0 0 0 0 0 0 0 0 0 0 0 0 0 0 0 0 0 0 0 0 0 0 0 0
 28.8125 28.8125 19.4375 19.4375 19.4375 10.25 10.25 4.75 4.75 4.75 1.375 1.375 0.125 0.125 0.125 0.0625 0.0625 0.0625 0.0625 0.0625 0 0 0 0 0 0 0 0 0 0 0 0 0 0 0 0 0 0 0 0 0 0 0 0 0 0 0 0 0 0 0 0 0 0 0 0 0 0 0 0 0 0 0 0 0 0 0 0 0 0 0 0 0 0 0 0 0 0 0 0 0 0 0 0 0 0 0 0 0 0 0 0 0 0 0 0 0 0 0 0 0 0 0 0 0 0 0 0 0 0 0 0 0 0 0 0 0 0 0 0 0 0 0 0 0 0 0 0 0 0 0 0 0 0 0 0 0 0 0 0 0 0 0 0 0 0 0 0 0 0 0 0 0 0 0 0 0 0 0 0 0 0 0 0 0 0 0 0 0
 28.8125 28.8125 19.4375 19.4375 19.4375 10.25 10.25 4.75 4.75 4.75 1.375 1.375 0.125 0.125 0.125 0.0625 0.0625 0.0625 0.0625 0.0625 0 0 0 0 0 0 0 0 0 0 0 0 0 0 0 0 0 0 0 0 0 0 0 0 0 0 0 0 0 0 0 0 0 0 0 0 0 0 0 0 0 0 0 0 0 0 0 0 0 0 0 0 0 0 0 0 0 0 0 0 0 0 0 0 0 0 0 0 0 0 0 0 0 0 0 0 0 0 0 0 0 0 0 0 0 0 0 0 0 0 0 0 0 0 0 0 0 0 0 0 0 0 0 0 0 0 0 0 0 0 0 0 0 0 0 0 0 0 0 0 0 0 0 0 0 0 0 0 0 0 0 0 0 0 0 0 0 0 0 0 0 0 0 0 0 0 0 0 0
 6.625 6.625 3.1875 3.1875 3.1875 1.5625 1.5625 0.5625 0.5625 0.5625 0.4375 0.4375 0.25 0.25 0.25 0.1875 0.1875 0.125 0.125 0.125 0 0 0 0 0 0 0 0 0 0 0 0 0 0 0 0 0 0 0 0 0 0 0 0 0 0 0 0 0 0 0 0 0 0 0 0 0 0 0 0 0 0 0 0 0 0 0 0 0 0 0 0 0 0 0 0 0 0 0 0 0 0 0 0 0 0 0 0 0 0 0 0 0 0 0 0 0 0 0 0 0 0 0 0 0 0 0 0 0 0 0 0 0 0 0 0 0 0 0 0 0 0 0 0 0 0 0 0 0 0 0 0 0 0 0 0 0 0 0 0 0 0 0 0 0 0 0 0 0 0 0 0 0 0 0 0 0 0 0 0 0 0 0 0 0 0 0 0 0
 6.625 6.625 3.1875 3.1875 3.1875 1.5625 1.5625 0.5625 0.5625 0.5625 0.4375 0.4375 0.25 0.25 0.25 0.1875 0.1875 0.125 0.125 0.125 0 0 0 0 0 0 0 0 0 0 0 0 0 0 0 0 0 0 0 0 0 0 0 0 0 0 0 0 0 0 0 0 0 0 0 0 0 0 0 0 0 0 0 0 0 0 0 0 0 0 0 0 0 0 0 0 0 0 0 0 0 0 0 0 0 0 0 0 0 0 0 0 0 0 0 0 0 0 0 0 0 0 0 0 0 0 0 0 0 0 0 0 0 0 0 0 0 0 0 0 0 0 0 0 0 0 0 0 0 0 0 0 0 0 0 0 0 0 0 0 0 0 0 0 0 0 0 0 0 0 0 0 0 0 0 0 0 0 0 0 0 0 0 0 0 0 0 0 0
 2.8125 2.8125 1.4375 1.4375 1.4375 1.125 1.125 0.75 0.75 0.75 0.8125 0.8125 0.9375 0.9375 0.9375 0.6875 0.6875 0.4375 0.4375 0.4375 0.1875 0.1875 0.0625 0.0625 0.0625 0 0 0 0 0 0 0 0 0 0 0 0 0 0 0 0 0 0 0 0 0 0 0 0 0 0 0 0 0 0 0 0 0 0 0 0 0 0 0 0 0 0 0 0 0 0 0 0 0 0 0 0 0 0 0 0 0 0 0 0 0 0 0 0 0 0 0 0 0 0 0 0 0 0 0 0 0 0 0 0 0 0 0 0 0 0 0 0 0 0 0 0 0 0 0 0 0 0 0 0 0 0 0 0 0 0 0 0 0 0 0 0 0 0 0 0 0 0 0 0 0 0 0 0 0 0 0 0 0 0 0 0 0 0 0 0 0 0 0 0 0 0 0 0
 2.8125 2.8125 1.4375 1.4375 1.4375 1.125 1.125 0.75 0.75 0.75 0.8125 0.8125 0.9375 0.9375 0.9375 0.6875 0.6875 0.4375 0.4375 0.4375 0.1875 0.1875 0.0625 0.0625 0.0625 0 0 0 0 0 0 0 0 0 0 0 0 0 0 0 0 0 0 0 0 0 0 0 0 0 0 0 0 0 0 0 0 0 0 0 0 0 0 0 0 0 0 0 0 0 0 0 0 0 0 0 0 0 0 0 0 0 0 0 0 0 0 0 0 0 0 0 0 0 0 0 0 0 0 0 0 0 0 0 0 0 0 0 0 0 0 0 0 0 0 0 0 0 0 0 0 0 0 0 0 0 0 0 0 0 0 0 0 0 0 0 0 0 0 0 0 0 0 0 0 0 0 0 0 0 0 0 0 0 0 0 0 0 0 0 0 0 0 0 0 0 0 0 0
 2.8125 2.8125 1.4375 1.4375 1.4375 1.125 1.125 0.75 0.75 0.75 0.8125 0.8125 0.9375 0.9375 0.9375 0.6875 0.6875 0.4375 0.4375 0.4375 0.1875 0.1875 0.0625 0.0625 0.0625 0 0 0 0 0 0 0 0 0 0 0 0 0 0 0 0 0 0 0 0 0 0 0 0 0 0 0 0 0 0 0 0 0 0 0 0 0 0 0 0 0 0 0 0 0 0 0 0 0 0 0 0 0 0 0 0 0 0 0 0 0 0 0 0 0 0 0 0 0 0 0 0 0 0 0 0 0 0 0 0 0 0 0 0 0 0 0 0 0 0 0 0 0 0 0 0 0 0 0 0 0 0 0 0 0 0 0 0 0 0 0 0 0 0 0 0 0 0 0 0 0 0 0 0 0 0 0 0 0 0 0 0 0 0 0 0 0 0 0 0 0 0 0 0
 1.9375 1.9375 1.5 1.5 1.5 1.3125 1.3125 1.25 1.25 1.25 1.125 1.125 1.0625 1.0625 1.0625 0.875 0.875 0.5625 0.5625 0.5625 0.375 0.375 0.125 0.125 0.125 0 0 0 0 0 0 0 0 0 0 0 0 0 0 0 0 0 0 0 0 0 0 0 0 0 0 0 0 0 0 0 0 0 0 0 0 0 0 0 0 0 0 0 0 0 0 0 0 0 0 0 0 0 0 0 0 0 0 0 0 0 0 0 0 0 0 0 0 0 0 0 0 0 0 0 0 0 0 0 0 0 0 0 0 0 0 0 0 0 0 0 0 0 0 0 0 0 0 0 0 0 0 0 0 0 0 0 0 0 0 0 0 0 0 0 0 0 0 0 0 0 0 0 0 0 0 0 0 0 0 0 0 0 0 0 0 0 0 0 0 0 0 0 0
 1.9375 1.9375 1.5 1.5 1.5 1.3125 1.3125 1.25 1.25 1.25 1.125 1.125 1.0625 1.0625 1.0625 0.875 0.875 0.5625 0.5625 0.5625 0.375 0.375 0.125 0.125 0.125 0 0 0 0 0 0 0 0 0 0 0 0 0 0 0 0 0 0 0 0 0 0 0 0 0 0 0 0 0 0 0 0 0 0 0 0 0 0 0 0 0 0 0 0 0 0 0 0 0 0 0 0 0 0 0 0 0 0 0 0 0 0 0 0 0 0 0 0 0 0 0 0 0 0 0 0 0 0 0 0 0 0 0 0 0 0 0 0 0 0 0 0 0 0 0 0 0 0 0 0 0 0 0 0 0 0 0 0 0 0 0 0 0 0 0 0 0 0 0 0 0 0 0 0 0 0 0 0 0 0 0 0 0 0 0 0 0 0 0 0 0 0 0 0
 1.0625 1.0625 1.1875 1.1875 1.1875 1.125 1.125 1.0625 1.0625 1.0625 1 1 0.75 0.75 0.75 0.6875 0.6875 0.5625 0.5625 0.5625 0.375 0.375 0.1875 0.1875 0.1875 0.0625 0.0625 0 0 0 0 0 0 0 0 0 0 0 0 0 0 0 0 0 0 0 0 0 0 0 0 0 0 0 0 0 0 0 0 0 0 0 0 0 0 0 0 0 0 0 0 0 0 0 0 0 0 0 0 0 0 0 0 0 0 0 0 0 0 0 0 0 0 0 0 0 0 0 0 0 0 0 0 0 0 0 0 0 0 0 0 0 0 0 0 0 0 0 0 0 0 0 0 0 0 0 0 0 0 0 0 0 0 0 0 0 0 0 0 0 0 0 0 0 0 0 0 0 0 0 0 0 0 0 0 0 0 0 0 0 0 0 0 0 0 0 0 0 0
 1.0625 1.0625 1.1875 1.1875 1.1875 1.125 1.125 1.0625 1.0625 1.0625 1 1 0.75 0.75 0.75 0.6875 0.6875 0.5625 0.5625 0.5625 0.375 0.375 0.1875 0.1875 0.1875 0.0625 0.0625 0 0 0 0 0 0 0 0 0 0 0 0 0 0 0 0 0 0 0 0 0 0 0 0 0 0 0 0 0 0 0 0 0 0 0 0 0 0 0 0 0 0 0 0 0 0 0 0 0 0 0 0 0 0 0 0 0 0 0 0 0 0 0 0 0 0 0 0 0 0 0 0 0 0 0 0 0 0 0 0 0 0 0 0 0 0 0 0 0 0 0 0 0 0 0 0 0 0 0 0 0 0 0 0 0 0 0 0 0 0 0 0 0 0 0 0 0 0 0 0 0 0 0 0 0 0 0 0 0 0 0 0 0 0 0 0 0 0 0 0 0 0
 1.0625 1.0625 1.1875 1.1875 1.1875 1.125 1.125 1.0625 1.0625 1.0625 1 1 0.75 0.75 0.75 0.6875 0.6875 0.5625 0.5625 0.5625 0.375 0.375 0.1875 0.1875 0.1875 0.0625 0.0625 0 0 0 0 0 0 0 0 0 0 0 0 0 0 0 0 0 0 0 0 0 0 0 0 0 0 0 0 0 0 0 0 0 0 0 0 0 0 0 0 0 0 0 0 0 0 0 0 0 0 0 0 0 0 0 0 0 0 0 0 0 0 0 0 0 0 0 0 0 0 0 0 0 0 0 0 0 0 0 0 0 0 0 0 0 0 0 0 0 0 0 0 0 0 0 0 0 0 0 0 0 0 0 0 0 0 0 0 0 0 0 0 0 0 0 0 0 0 0 0 0 0 0 0 0 0 0 0 0 0 0 0 0 0 0 0 0 0 0 0 0 0
 0.6875 0.6875 1 1 1 1.0625 1.0625 1 1 1 0.9375 0.9375 0.6875 0.6875 0.6875 0.5 0.5 0.4375 0.4375 0.4375 0.3125 0.3125 0.1875 0.1875 0.1875 0.125 0.125 0 0 0 0 0 0 0 0 0 0 0 0 0 0 0 0 0 0 0 0 0 0 0 0 0 0 0 0 0 0 0 0 0 0 0 0 0 0 0 0 0 0 0 0 0 0 0 0 0 0 0 0 0 0 0 0 0 0 0 0 0 0 0 0 0 0 0 0 0 0 0 0 0 0 0 0 0 0 0 0 0 0 0 0 0 0 0 0 0 0 0 0 0 0 0 0 0 0 0 0 0 0 0 0 0 0 0 0 0 0 0 0 0 0 0 0 0 0 0 0 0 0 0 0 0 0 0 0 0 0 0 0 0 0 0 0 0 0 0 0 0 0
 0.6875 0.6875 1 1 1 1.0625 1.0625 1 1 1 0.9375 0.9375 0.6875 0.6875 0.6875 0.5 0.5 0.4375 0.4375 0.4375 0.3125 0.3125 0.1875 0.1875 0.1875 0.125 0.125 0 0 0 0 0 0 0 0 0 0 0 0 0 0 0 0 0 0 0 0 0 0 0 0 0 0 0 0 0 0 0 0 0 0 0 0 0 0 0 0 0 0 0 0 0 0 0 0 0 0 0 0 0 0 0 0 0 0 0 0 0 0 0 0 0 0 0 0 0 0 0 0 0 0 0 0 0 0 0 0 0 0 0 0 0 0 0 0 0 0 0 0 0 0 0 0 0 0 0 0 0 0 0 0 0 0 0 0 0 0 0 0 0 0 0 0 0 0 0 0 0 0 0 0 0 0 0 0 0 0 0 0 0 0 0 0 0 0 0 0 0 0
 0.5625 0.5625 0.875 0.875 0.875 1 1 1.0625 1.0625 1.0625 0.9375 0.9375 0.6875 0.6875 0.6875 0.4375 0.4375 0.3125 0.3125 0.3125 0.25 0.25 0.125 0.125 0.125 0.125 0.125 0.0625 0.0625 0.0625 0 0 0 0 0 0 0 0 0 0 0 0 0 0 0 0 0 0 0 0 0 0 0 0 0 0 0 0 0 0 0 0 0 0 0 0 0 0 0 0 0 0 0 0 0 0 0 0 0 0 0 0 0 0 0 0 0 0 0 0 0 0 0 0 0 0 0 0 0 0 0 0 0 0 0 0 0 0 0 0 0 0 0 0 0 0 0 0 0 0 0 0 0 0 0 0 0 0 0 0 0 0 0 0 0 0 0 0 0 0 0 0 0 0 0 0 0 0 0 0 0 0 0 0 0 0 0 0 0 0 0 0 0 0 0 0 0 0 0
 0.5625 0.5625 0.875 0.875 0.875 1 1 1.0625 1.0625 1.0625 0.9375 0.9375 0.6875 0.6875 0.6875 0.4375 0.4375 0.3125 0.3125 0.3125 0.25 0.25 0.125 0.125 0.125 0.125 0.125 0.0625 0.0625 0.0625 0 0 0 0 0 0 0 0 0 0 0 0 0 0 0 0 0 0 0 0 0 0 0 0 0 0 0 0 0 0 0 0 0 0 0 0 0 0 0 0 0 0 0 0 0 0 0 0 0 0 0 0 0 0 0 0 0 0 0 0 0 0 0 0 0 0 0 0 0 0 0 0 0 0 0 0 0 0 0 0 0 0 0 0 0 0 0 0 0 0 0 0 0 0 0 0 0 0 0 0 0 0 0 0 0 0 0 0 0 0 0 0 0 0 0 0 0 0 0 0 0 0 0 0 0 0 0 0 0 0 0 0 0 0 0 0 0 0 0
 0.5625 0.5625 0.875 0.875 0.875 1 1 1.0625 1.0625 1.0625 0.9375 0.9375 0.6875 0.6875 0.6875 0.4375 0.4375 0.3125 0.3125 0.3125 0.25 0.25 0.125 0.125 0.125 0.125 0.125 0.0625 0.0625 0.0625 0 0 0 0 0 0 0 0 0 0 0 0 0 0 0 0 0 0 0 0 0 0 0 0 0 0 0 0 0 0 0 0 0 0 0 0 0 0 0 0 0 0 0 0 0 0 0 0 0 0 0 0 0 0 0 0 0 0 0 0 0 0 0 0 0 0 0 0 0 0 0 0 0 0 0 0 0 0 0 0 0 0 0 0 0 0 0 0 0 0 0 0 0 0 0 0 0 0 0 0 0 0 0 0 0 0 0 0 0 0 0 0 0 0 0 0 0 0 0 0 0 0 0 0 0 0 0 0 0 0 0 0 0 0 0 0 0 0 0
 0.625 0.625 0.8125 0.8125 0.8125 0.875 0.875 1 1 1 0.875 0.875 0.625 0.625 0.625 0.375 0.375 0.25 0.25 0.25 0.1875 0.1875 0.0625 0.0625 0.0625 0.0625 0.0625 0.0625 0.0625 0.0625 0 0 0 0 0 0 0 0 0 0 0 0 0 0 0 0 0 0 0 0 0 0 0 0 0 0 0 0 0 0 0 0 0 0 0 0 0 0 0 0 0 0 0 0 0 0 0 0 0 0 0 0 0 0 0 0 0 0 0 0 0 0 0 0 0 0 0 0 0 0 0 0 0 0 0 0 0 0 0 0 0 0 0 0 0 0 0 0 0 0 0 0 0 0 0 0 0 0 0 0 0 0 0 0 0 0 0 0 0 0 0 0 0 0 0 0 0 0 0 0 0 0 0 0 0 0 0 0 0 0 0 0 0 0 0 0 0 0 0
 0.625 0.625 0.8125 0.8125 0.8125 0.875 0.875 1 1 1 0.875 0.875 0.625 0.625 0.625 0.375 0.375 0.25 0.25 0.25 0.1875 0.1875 0.0625 0.0625 0.0625 0.0625 0.0625 0.0625 0.0625 0.0625 0 0 0 0 0 0 0 0 0 0 0 0 0 0 0 0 0 0 0 0 0 0 0 0 0 0 0 0 0 0 0 0 0 0 0 0 0 0 0 0 0 0 0 0 0 0 0 0 0 0 0 0 0 0 0 0 0 0 0 0 0 0 0 0 0 0 0 0 0 0 0 0 0 0 0 0 0 0 0 0 0 0 0 0 0 0 0 0 0 0 0 0 0 0 0 0 0 0 0 0 0 0 0 0 0 0 0 0 0 0 0 0 0 0 0 0 0 0 0 0 0 0 0 0 0 0 0 0 0 0 0 0 0 0 0 0 0 0 0
 0.6875 0.6875 0.6875 0.6875 0.6875 0.75 0.75 0.875 0.875 0.875 0.8125 0.8125 0.5625 0.5625 0.5625 0.3125 0.3125 0.1875 0.1875 0.1875 0.125 0.125 0.0625 0.0625 0.0625 0.0625 0.0625 0.0625 0.0625 0.0625 0 0 0 0 0 0 0 0 0 0 0 0 0 0 0 0 0 0 0 0 0 0 0 0 0 0 0 0 0 0 0 0 0 0 0 0 0 0 0 0 0 0 0 0 0 0 0 0 0 0 0 0 0 0 0 0 0 0 0 0 0 0 0 0 0 0 0 0 0 0 0 0 0 0 0 0 0 0 0 0 0 0 0 0 0 0 0 0 0 0 0 0 0 0 0 0 0 0 0 0 0 0 0 0 0 0 0 0 0 0 0 0 0 0 0 0 0 0 0 0 0 0 0 0 0 0 0 0 0 0 0 0 0 0 0 0 0 0 0
 0.6875 0.6875 0.6875 0.6875 0.6875 0.75 0.75 0.875 0.875 0.875 0.8125 0.8125 0.5625 0.5625 0.5625 0.3125 0.3125 0.1875 0.1875 0.1875 0.125 0.125 0.0625 0.0625 0.0625 0.0625 0.0625 0.0625 0.0625 0.0625 0 0 0 0 0 0 0 0 0 0 0 0 0 0 0 0 0 0 0 0 0 0 0 0 0 0 0 0 0 0 0 0 0 0 0 0 0 0 0 0 0 0 0 0 0 0 0 0 0 0 0 0 0 0 0 0 0 0 0 0 0 0 0 0 0 0 0 0 0 0 0 0 0 0 0 0 0 0 0 0 0 0 0 0 0 0 0 0 0 0 0 0 0 0 0 0 0 0 0 0 0 0 0 0 0 0 0 0 0 0 0 0 0 0 0 0 0 0 0 0 0 0 0 0 0 0 0 0 0 0 0 0 0 0 0 0 0 0 0
