ncols        169
nrows        134
xllcorner    60.900000000000
yllcorner    23.700000000000
cellsize     0.100000000000
NODATA_value  -9999
 0.0 0 0 0 0 0 0 0 0 0 0 0 0 0 0 0 0 0 0 0 0 0 0 0 0 0 0 0 0 0 0 0 0 0 0 0 0 0 0 0 0.0625 0.0625 0.0625 0.0625 0.0625 0.1875 0.1875 0.25 0.25 0.25 0.1875 0.1875 0.125 0.125 0.125 0.125 0.125 0.125 0.125 0.125 0.0625 0.0625 0.0625 0.0625 0.0625 0 0 0.0625 0.0625 0.0625 0.125 0.125 0.1875 0.1875 0.1875 0.25 0.25 1.375 1.375 1.375 2.3125 2.3125 1.75 1.75 1.75 1.625 1.625 1.75 1.75 1.75 0.9375 0.9375 1.5 1.5 1.5 1.4375 1.4375 1.3125 1.3125 1.3125 0.875 0.875 0.6875 0.6875 0.6875 0.8125 0.8125 1.375 1.375 1.375 1.625 1.625 0.875 0.875 0.875 0.4375 0.4375 0.9375 0.9375 0.9375 0.8125 0.8125 1.25 1.25 1.25 1.375 1.375 1.375 1.375 1.375 1.0625 1.0625 1.375 1.375 1.375 1.4375 1.4375 1.5625 1.5625 1.5625 1.3125 1.3125 0.875 0.875 0.875 0.625 0.625 0.5625 0.5625 0.5625 0.4375 0.4375 0.3125 0.3125 0.3125 0.1875 0.1875 0.0625 0.0625 0.0625 0.0625 0.0625 0 0 0 0 0 0 0
 0 0 0 0 0 0 0 0 0 0 0 0 0 0 0 0 0 0 0 0 0 0 0 0 0 0 0 0 0 0 0 0 0 0 0 0 0 0 0 0 0.0625 0.0625 0.0625 0.0625 0.0625 0.1875 0.1875 0.25 0.25 0.25 0.1875 0.1875 0.125 0.125 0.125 0.125 0.125 0.125 0.125 0.125 0.0625 0.0625 0.0625 0.0625 0.0625 0 0 0.0625 0.0625 0.0625 0.125 0.125 0.1875 0.1875 0.1875 0.25 0.25 1.375 1.375 1.375 2.3125 2.3125 1.75 1.75 1.75 1.625 1.625 1.75 1.75 1.75 0.9375 0.9375 1.5 1.5 1.5 1.4375 1.4375 1.3125 1.3125 1.3125 0.875 0.875 0.6875 0.6875 0.6875 0.8125 0.8125 1.375 1.375 1.375 1.625 1.625 0.875 0.875 0.875 0.4375 0.4375 0.9375 0.9375 0.9375 0.8125 0.8125 1.25 1.25 1.25 1.375 1.375 1.375 1.375 1.375 1.0625 1.0625 1.375 1.375 1.375 1.4375 1.4375 1.5625 1.5625 1.5625 1.3125 1.3125 0.875 0.875 0.875 0.625 0.625 0.5625 0.5625 0.5625 0.4375 0.4375 0.3125 0.3125 0.3125 0.1875 0.1875 0.0625 0.0625 0.0625 0.0625 0.0625 0 0 0 0 0 0 0
 0 0 0 0 0 0 0 0 0 0 0 0 0 0 0 0 0 0 0 0 0 0 0 0 0 0 0 0 0 0 0 0 0 0 0 0 0 0 0 0 0.0625 0.0625 0.1875 0.1875 0.1875 0.125 0.125 0.125 0.125 0.125 0.125 0.125 0.0625 0.0625 0.0625 0.125 0.125 0.0625 0.0625 0.0625 0 0 0 0 0 0 0 0.0625 0.0625 0.0625 0.0625 0.0625 0.25 0.25 0.25 1.1875 1.1875 2.5 2.5 2.5 2.625 2.625 1.75 1.75 1.75 1.375 1.375 1.5625 1.5625 1.5625 1.0625 1.0625 1.3125 1.3125 1.3125 1.125 1.125 1.125 1.125 1.125 1.0625 1.0625 0.75 0.75 0.75 0.8125 0.8125 1.6875 1.6875 1.6875 1.75 1.75 1.0625 1.0625 1.0625 1.1875 1.1875 1.4375 1.4375 1.4375 0.9375 0.9375 0.9375 0.9375 0.9375 1.4375 1.4375 1.25 1.25 1.25 1.625 1.625 1.4375 1.4375 1.4375 1.625 1.625 2.5625 2.5625 2.5625 2.0625 2.0625 1.5 1.5 1.5 0.8125 0.8125 0.8125 0.8125 0.8125 0.9375 0.9375 0.4375 0.4375 0.4375 0.5 0.5 0.375 0.375 0.375 0.125 0.125 0.0625 0.0625 0.0625 0.0625 0.0625 0.0625 0.0625
 0 0 0 0 0 0 0 0 0 0 0 0 0 0 0 0 0 0 0 0 0 0 0 0 0 0 0 0 0 0 0 0 0 0 0 0 0 0 0 0 0.0625 0.0625 0.1875 0.1875 0.1875 0.125 0.125 0.125 0.125 0.125 0.125 0.125 0.0625 0.0625 0.0625 0.125 0.125 0.0625 0.0625 0.0625 0 0 0 0 0 0 0 0.0625 0.0625 0.0625 0.0625 0.0625 0.25 0.25 0.25 1.1875 1.1875 2.5 2.5 2.5 2.625 2.625 1.75 1.75 1.75 1.375 1.375 1.5625 1.5625 1.5625 1.0625 1.0625 1.3125 1.3125 1.3125 1.125 1.125 1.125 1.125 1.125 1.0625 1.0625 0.75 0.75 0.75 0.8125 0.8125 1.6875 1.6875 1.6875 1.75 1.75 1.0625 1.0625 1.0625 1.1875 1.1875 1.4375 1.4375 1.4375 0.9375 0.9375 0.9375 0.9375 0.9375 1.4375 1.4375 1.25 1.25 1.25 1.625 1.625 1.4375 1.4375 1.4375 1.625 1.625 2.5625 2.5625 2.5625 2.0625 2.0625 1.5 1.5 1.5 0.8125 0.8125 0.8125 0.8125 0.8125 0.9375 0.9375 0.4375 0.4375 0.4375 0.5 0.5 0.375 0.375 0.375 0.125 0.125 0.0625 0.0625 0.0625 0.0625 0.0625 0.0625 0.0625
 0 0 0 0 0 0 0 0 0 0 0 0 0 0 0 0 0 0 0 0 0 0 0 0 0 0 0 0 0 0 0 0 0 0 0 0 0 0 0 0 0.0625 0.0625 0.1875 0.1875 0.1875 0.125 0.125 0.125 0.125 0.125 0.125 0.125 0.0625 0.0625 0.0625 0.125 0.125 0.0625 0.0625 0.0625 0 0 0 0 0 0 0 0.0625 0.0625 0.0625 0.0625 0.0625 0.25 0.25 0.25 1.1875 1.1875 2.5 2.5 2.5 2.625 2.625 1.75 1.75 1.75 1.375 1.375 1.5625 1.5625 1.5625 1.0625 1.0625 1.3125 1.3125 1.3125 1.125 1.125 1.125 1.125 1.125 1.0625 1.0625 0.75 0.75 0.75 0.8125 0.8125 1.6875 1.6875 1.6875 1.75 1.75 1.0625 1.0625 1.0625 1.1875 1.1875 1.4375 1.4375 1.4375 0.9375 0.9375 0.9375 0.9375 0.9375 1.4375 1.4375 1.25 1.25 1.25 1.625 1.625 1.4375 1.4375 1.4375 1.625 1.625 2.5625 2.5625 2.5625 2.0625 2.0625 1.5 1.5 1.5 0.8125 0.8125 0.8125 0.8125 0.8125 0.9375 0.9375 0.4375 0.4375 0.4375 0.5 0.5 0.375 0.375 0.375 0.125 0.125 0.0625 0.0625 0.0625 0.0625 0.0625 0.0625 0.0625
 0 0 0 0 0 0 0 0 0 0 0 0 0 0 0 0 0 0 0 0 0 0 0 0 0 0 0 0 0 0 0 0 0 0 0 0 0 0 0 0 0 0 0.0625 0.0625 0.0625 0 0 0.0625 0.0625 0.0625 0.125 0.125 0.125 0.125 0.125 0.1875 0.1875 0.1875 0.1875 0.1875 0.0625 0.0625 0.1875 0.1875 0.1875 0.375 0.375 0.4375 0.4375 0.4375 0.5 0.5 1.125 1.125 1.125 1.6875 1.6875 2 2 2 1.875 1.875 1.25 1.25 1.25 1.25 1.25 1.6875 1.6875 1.6875 1.0625 1.0625 1 1 1 0.9375 0.9375 1.0625 1.0625 1.0625 1.25 1.25 1.125 1.125 1.125 1.3125 1.3125 1.4375 1.4375 1.4375 1.125 1.125 1.125 1.125 1.125 2 2 1.1875 1.1875 1.1875 0.6875 0.6875 1.25 1.25 1.25 1.4375 1.4375 1.0625 1.0625 1.0625 1.6875 1.6875 1.125 1.125 1.125 0.4375 0.4375 1.6875 1.6875 1.6875 1.8125 1.8125 1.5625 1.5625 1.5625 1.6875 1.6875 1.0625 1.0625 1.0625 0.8125 0.8125 1 1 1 0.9375 0.9375 0.75 0.75 0.75 0.5 0.5 0.375 0.375 0.375 0.375 0.375 0.1875 0.1875
 0 0 0 0 0 0 0 0 0 0 0 0 0 0 0 0 0 0 0 0 0 0 0 0 0 0 0 0 0 0 0 0 0 0 0 0 0 0 0 0 0 0 0.0625 0.0625 0.0625 0 0 0.0625 0.0625 0.0625 0.125 0.125 0.125 0.125 0.125 0.1875 0.1875 0.1875 0.1875 0.1875 0.0625 0.0625 0.1875 0.1875 0.1875 0.375 0.375 0.4375 0.4375 0.4375 0.5 0.5 1.125 1.125 1.125 1.6875 1.6875 2 2 2 1.875 1.875 1.25 1.25 1.25 1.25 1.25 1.6875 1.6875 1.6875 1.0625 1.0625 1 1 1 0.9375 0.9375 1.0625 1.0625 1.0625 1.25 1.25 1.125 1.125 1.125 1.3125 1.3125 1.4375 1.4375 1.4375 1.125 1.125 1.125 1.125 1.125 2 2 1.1875 1.1875 1.1875 0.6875 0.6875 1.25 1.25 1.25 1.4375 1.4375 1.0625 1.0625 1.0625 1.6875 1.6875 1.125 1.125 1.125 0.4375 0.4375 1.6875 1.6875 1.6875 1.8125 1.8125 1.5625 1.5625 1.5625 1.6875 1.6875 1.0625 1.0625 1.0625 0.8125 0.8125 1 1 1 0.9375 0.9375 0.75 0.75 0.75 0.5 0.5 0.375 0.375 0.375 0.375 0.375 0.1875 0.1875
 0 0 0 0 0 0 0 0 0 0 0 0 0 0 0 0 0 0 0 0 0 0 0 0 0 0 0 0 0 0 0 0 0 0 0 0 0 0 0 0 0.0625 0.0625 0 0 0 0 0 0 0 0 0 0 0.125 0.125 0.125 0.0625 0.0625 0.1875 0.1875 0.1875 0.25 0.25 0.375 0.375 0.375 0.25 0.25 0.0625 0.0625 0.0625 0.25 0.25 1.125 1.125 1.125 1.5625 1.5625 1.25 1.25 1.25 1.0625 1.0625 0.9375 0.9375 0.9375 0.8125 0.8125 1.1875 1.1875 1.1875 1.1875 1.1875 1 1 1 0.8125 0.8125 1.0625 1.0625 1.0625 1.125 1.125 1.9375 1.9375 1.9375 2.5 2.5 1.5625 1.5625 1.5625 1.625 1.625 2.3125 2.3125 2.3125 2.125 2.125 0.875 0.875 0.875 0.875 0.875 1.5625 1.5625 1.5625 0.9375 0.9375 0.6875 0.6875 0.6875 1.3125 1.3125 1.375 1.375 1.375 1.125 1.125 1 1 1 1.25 1.25 1.5 1.5 1.5 1.4375 1.4375 1.3125 1.3125 1.3125 1.4375 1.4375 1.25 1.25 1.25 1.25 1.25 1.25 1.25 1.25 0.9375 0.9375 0.3125 0.3125 0.3125 0.1875 0.1875 0.125 0.125
 0 0 0 0 0 0 0 0 0 0 0 0 0 0 0 0 0 0 0 0 0 0 0 0 0 0 0 0 0 0 0 0 0 0 0 0 0 0 0 0 0.0625 0.0625 0 0 0 0 0 0 0 0 0 0 0.125 0.125 0.125 0.0625 0.0625 0.1875 0.1875 0.1875 0.25 0.25 0.375 0.375 0.375 0.25 0.25 0.0625 0.0625 0.0625 0.25 0.25 1.125 1.125 1.125 1.5625 1.5625 1.25 1.25 1.25 1.0625 1.0625 0.9375 0.9375 0.9375 0.8125 0.8125 1.1875 1.1875 1.1875 1.1875 1.1875 1 1 1 0.8125 0.8125 1.0625 1.0625 1.0625 1.125 1.125 1.9375 1.9375 1.9375 2.5 2.5 1.5625 1.5625 1.5625 1.625 1.625 2.3125 2.3125 2.3125 2.125 2.125 0.875 0.875 0.875 0.875 0.875 1.5625 1.5625 1.5625 0.9375 0.9375 0.6875 0.6875 0.6875 1.3125 1.3125 1.375 1.375 1.375 1.125 1.125 1 1 1 1.25 1.25 1.5 1.5 1.5 1.4375 1.4375 1.3125 1.3125 1.3125 1.4375 1.4375 1.25 1.25 1.25 1.25 1.25 1.25 1.25 1.25 0.9375 0.9375 0.3125 0.3125 0.3125 0.1875 0.1875 0.125 0.125
 0 0 0 0 0 0 0 0 0 0 0 0 0 0 0 0 0 0 0 0 0 0 0 0 0 0 0 0 0 0 0 0 0 0 0 0 0 0 0 0 0.0625 0.0625 0 0 0 0 0 0 0 0 0 0 0.125 0.125 0.125 0.0625 0.0625 0.1875 0.1875 0.1875 0.25 0.25 0.375 0.375 0.375 0.25 0.25 0.0625 0.0625 0.0625 0.25 0.25 1.125 1.125 1.125 1.5625 1.5625 1.25 1.25 1.25 1.0625 1.0625 0.9375 0.9375 0.9375 0.8125 0.8125 1.1875 1.1875 1.1875 1.1875 1.1875 1 1 1 0.8125 0.8125 1.0625 1.0625 1.0625 1.125 1.125 1.9375 1.9375 1.9375 2.5 2.5 1.5625 1.5625 1.5625 1.625 1.625 2.3125 2.3125 2.3125 2.125 2.125 0.875 0.875 0.875 0.875 0.875 1.5625 1.5625 1.5625 0.9375 0.9375 0.6875 0.6875 0.6875 1.3125 1.3125 1.375 1.375 1.375 1.125 1.125 1 1 1 1.25 1.25 1.5 1.5 1.5 1.4375 1.4375 1.3125 1.3125 1.3125 1.4375 1.4375 1.25 1.25 1.25 1.25 1.25 1.25 1.25 1.25 0.9375 0.9375 0.3125 0.3125 0.3125 0.1875 0.1875 0.125 0.125
 0 0 0 0 0 0 0 0 0 0 0 0 0 0 0 0 0 0 0 0 0 0 0 0 0 0 0 0 0 0 0 0 0 0 0 0 0 0 0 0 0 0 0 0 0 0 0 0 0 0 0.0625 0.0625 0.125 0.125 0.125 0.125 0.125 0.5 0.5 0.5 0.5625 0.5625 0.25 0.25 0.25 0.125 0.125 0.1875 0.1875 0.1875 0.5 0.5 0.875 0.875 0.875 1.3125 1.3125 1.1875 1.1875 1.1875 1.125 1.125 1.3125 1.3125 1.3125 1 1 1.0625 1.0625 1.0625 0.9375 0.9375 1.0625 1.0625 1.0625 1.0625 1.0625 1.375 1.375 1.375 1.625 1.625 3.3125 3.3125 3.3125 3.875 3.875 2.5625 2.5625 2.5625 2.375 2.375 3 3 3 2.125 2.125 1.375 1.375 1.375 1.375 1.375 1.75 1.75 1.75 1.375 1.375 1.6875 1.6875 1.6875 1.4375 1.4375 1.25 1.25 1.25 1.0625 1.0625 0.9375 0.9375 0.9375 1.5625 1.5625 2.75 2.75 2.75 2.6875 2.6875 2.875 2.875 2.875 3 3 1.9375 1.9375 1.9375 1.25 1.25 1.4375 1.4375 1.4375 0.5625 0.5625 0.3125 0.3125 0.3125 0.375 0.375 0.25 0.25
 0 0 0 0 0 0 0 0 0 0 0 0 0 0 0 0 0 0 0 0 0 0 0 0 0 0 0 0 0 0 0 0 0 0 0 0 0 0 0 0 0 0 0 0 0 0 0 0 0 0 0.0625 0.0625 0.125 0.125 0.125 0.125 0.125 0.5 0.5 0.5 0.5625 0.5625 0.25 0.25 0.25 0.125 0.125 0.1875 0.1875 0.1875 0.5 0.5 0.875 0.875 0.875 1.3125 1.3125 1.1875 1.1875 1.1875 1.125 1.125 1.3125 1.3125 1.3125 1 1 1.0625 1.0625 1.0625 0.9375 0.9375 1.0625 1.0625 1.0625 1.0625 1.0625 1.375 1.375 1.375 1.625 1.625 3.3125 3.3125 3.3125 3.875 3.875 2.5625 2.5625 2.5625 2.375 2.375 3 3 3 2.125 2.125 1.375 1.375 1.375 1.375 1.375 1.75 1.75 1.75 1.375 1.375 1.6875 1.6875 1.6875 1.4375 1.4375 1.25 1.25 1.25 1.0625 1.0625 0.9375 0.9375 0.9375 1.5625 1.5625 2.75 2.75 2.75 2.6875 2.6875 2.875 2.875 2.875 3 3 1.9375 1.9375 1.9375 1.25 1.25 1.4375 1.4375 1.4375 0.5625 0.5625 0.3125 0.3125 0.3125 0.375 0.375 0.25 0.25
 0 0 0 0 0 0 0 0 0 0 0 0 0 0 0 0 0 0 0 0 0 0 0 0 0 0 0 0 0 0 0 0 0 0 0 0 0 0 0 0 0 0 0 0 0 0 0 0.0625 0.0625 0.0625 0.125 0.125 0.125 0.125 0.125 0.125 0.125 0.4375 0.4375 0.4375 0.375 0.375 0.1875 0.1875 0.1875 0.125 0.125 0.25 0.25 0.25 0.4375 0.4375 0.4375 0.4375 0.4375 0.875 0.875 1.5625 1.5625 1.5625 1 1 1.1875 1.1875 1.1875 1.3125 1.3125 1.0625 1.0625 1.0625 1.0625 1.0625 1.3125 1.3125 1.3125 1.5625 1.5625 2.0625 2.0625 2.0625 2.875 2.875 4.1875 4.1875 4.1875 4 4 3.625 3.625 3.625 3.625 3.625 5.625 5.625 5.625 4 4 2.9375 2.9375 2.9375 2.0625 2.0625 2.0625 2.0625 2.0625 2.625 2.625 2.9375 2.9375 2.9375 2.0625 2.0625 1.75 1.75 1.75 1.625 1.625 1.9375 1.9375 1.9375 2.25 2.25 2.0625 2.0625 2.0625 2.25 2.25 2.3125 2.3125 2.3125 2.625 2.625 2 2 2 1.625 1.625 1.0625 1.0625 1.0625 1.125 1.125 1.125 1.125 1.125 0.875 0.875 0.6875 0.6875
 0 0 0 0 0 0 0 0 0 0 0 0 0 0 0 0 0 0 0 0 0 0 0 0 0 0 0 0 0 0 0 0 0 0 0 0 0 0 0 0 0 0 0 0 0 0 0 0.0625 0.0625 0.0625 0.125 0.125 0.125 0.125 0.125 0.125 0.125 0.4375 0.4375 0.4375 0.375 0.375 0.1875 0.1875 0.1875 0.125 0.125 0.25 0.25 0.25 0.4375 0.4375 0.4375 0.4375 0.4375 0.875 0.875 1.5625 1.5625 1.5625 1 1 1.1875 1.1875 1.1875 1.3125 1.3125 1.0625 1.0625 1.0625 1.0625 1.0625 1.3125 1.3125 1.3125 1.5625 1.5625 2.0625 2.0625 2.0625 2.875 2.875 4.1875 4.1875 4.1875 4 4 3.625 3.625 3.625 3.625 3.625 5.625 5.625 5.625 4 4 2.9375 2.9375 2.9375 2.0625 2.0625 2.0625 2.0625 2.0625 2.625 2.625 2.9375 2.9375 2.9375 2.0625 2.0625 1.75 1.75 1.75 1.625 1.625 1.9375 1.9375 1.9375 2.25 2.25 2.0625 2.0625 2.0625 2.25 2.25 2.3125 2.3125 2.3125 2.625 2.625 2 2 2 1.625 1.625 1.0625 1.0625 1.0625 1.125 1.125 1.125 1.125 1.125 0.875 0.875 0.6875 0.6875
 0 0 0 0 0 0 0 0 0 0 0 0 0 0 0 0 0 0 0 0 0 0 0 0 0 0 0 0 0 0 0 0 0 0 0 0 0 0 0 0 0 0 0 0 0 0 0 0.0625 0.0625 0.0625 0.125 0.125 0.125 0.125 0.125 0.125 0.125 0.4375 0.4375 0.4375 0.375 0.375 0.1875 0.1875 0.1875 0.125 0.125 0.25 0.25 0.25 0.4375 0.4375 0.4375 0.4375 0.4375 0.875 0.875 1.5625 1.5625 1.5625 1 1 1.1875 1.1875 1.1875 1.3125 1.3125 1.0625 1.0625 1.0625 1.0625 1.0625 1.3125 1.3125 1.3125 1.5625 1.5625 2.0625 2.0625 2.0625 2.875 2.875 4.1875 4.1875 4.1875 4 4 3.625 3.625 3.625 3.625 3.625 5.625 5.625 5.625 4 4 2.9375 2.9375 2.9375 2.0625 2.0625 2.0625 2.0625 2.0625 2.625 2.625 2.9375 2.9375 2.9375 2.0625 2.0625 1.75 1.75 1.75 1.625 1.625 1.9375 1.9375 1.9375 2.25 2.25 2.0625 2.0625 2.0625 2.25 2.25 2.3125 2.3125 2.3125 2.625 2.625 2 2 2 1.625 1.625 1.0625 1.0625 1.0625 1.125 1.125 1.125 1.125 1.125 0.875 0.875 0.6875 0.6875
 0 0 0 0 0 0 0 0 0 0 0 0 0 0 0 0 0 0 0 0 0 0 0 0 0 0 0 0 0 0 0 0 0 0 0 0 0 0 0 0 0 0 0 0 0 0.0625 0.0625 0.125 0.125 0.125 0.125 0.125 0.0625 0.0625 0.0625 0.0625 0.0625 0.0625 0.0625 0.0625 0.1875 0.1875 0.125 0.125 0.125 0.1875 0.1875 0.25 0.25 0.25 0.25 0.25 0.25 0.25 0.25 0.5625 0.5625 1.0625 1.0625 1.0625 0.8125 0.8125 0.9375 0.9375 0.9375 1.25 1.25 1.375 1.375 1.375 1.5 1.5 1.75 1.75 1.75 2.375 2.375 3.5625 3.5625 3.5625 4.375 4.375 4.6875 4.6875 4.6875 4.25 4.25 4.75 4.75 4.75 5.875 5.875 7.625 7.625 7.625 3.5625 3.5625 1.625 1.625 1.625 1.25 1.25 2.375 2.375 2.375 4.6875 4.6875 3.1875 3.1875 3.1875 1.375 1.375 0.875 0.875 0.875 0.6875 0.6875 2.25 2.25 2.25 2.1875 2.1875 2.0625 2.0625 2.0625 1.6875 1.6875 1.1875 1.1875 1.1875 1.75 1.75 2 2 2 1.875 1.875 1.9375 1.9375 1.9375 1.875 1.875 1.6875 1.6875 1.6875 1.4375 1.4375 1.25 1.25
 0 0 0 0 0 0 0 0 0 0 0 0 0 0 0 0 0 0 0 0 0 0 0 0 0 0 0 0 0 0 0 0 0 0 0 0 0 0 0 0 0 0 0 0 0 0.0625 0.0625 0.125 0.125 0.125 0.125 0.125 0.0625 0.0625 0.0625 0.0625 0.0625 0.0625 0.0625 0.0625 0.1875 0.1875 0.125 0.125 0.125 0.1875 0.1875 0.25 0.25 0.25 0.25 0.25 0.25 0.25 0.25 0.5625 0.5625 1.0625 1.0625 1.0625 0.8125 0.8125 0.9375 0.9375 0.9375 1.25 1.25 1.375 1.375 1.375 1.5 1.5 1.75 1.75 1.75 2.375 2.375 3.5625 3.5625 3.5625 4.375 4.375 4.6875 4.6875 4.6875 4.25 4.25 4.75 4.75 4.75 5.875 5.875 7.625 7.625 7.625 3.5625 3.5625 1.625 1.625 1.625 1.25 1.25 2.375 2.375 2.375 4.6875 4.6875 3.1875 3.1875 3.1875 1.375 1.375 0.875 0.875 0.875 0.6875 0.6875 2.25 2.25 2.25 2.1875 2.1875 2.0625 2.0625 2.0625 1.6875 1.6875 1.1875 1.1875 1.1875 1.75 1.75 2 2 2 1.875 1.875 1.9375 1.9375 1.9375 1.875 1.875 1.6875 1.6875 1.6875 1.4375 1.4375 1.25 1.25
 0 0 0 0 0 0 0 0 0 0 0 0 0 0 0 0 0 0 0 0 0 0 0 0 0 0 0 0 0 0 0 0 0 0 0 0 0 0 0 0 0 0 0.0625 0.0625 0.0625 0.0625 0.0625 0.125 0.125 0.125 0.125 0.125 0.0625 0.0625 0.0625 0.0625 0.0625 0.125 0.125 0.125 0.125 0.125 0.125 0.125 0.125 0.4375 0.4375 0.4375 0.4375 0.4375 0.4375 0.4375 0.75 0.75 0.75 0.5625 0.5625 0.5 0.5 0.5 0.75 0.75 0.4375 0.4375 0.4375 1.5 1.5 2 2 2 1.9375 1.9375 2.25 2.25 2.25 2.8125 2.8125 3.5 3.5 3.5 4.5625 4.5625 4.8125 4.8125 4.8125 5.6875 5.6875 5.9375 5.9375 5.9375 8.9375 8.9375 11.375 11.375 11.375 5.0625 5.0625 2.625 2.625 2.625 2.25 2.25 3.1875 3.1875 3.1875 5.5625 5.5625 4.1875 4.1875 4.1875 2.25 2.25 1.4375 1.4375 1.4375 1.9375 1.9375 2.4375 2.4375 2.4375 3.4375 3.4375 3.0625 3.0625 3.0625 2 2 1.4375 1.4375 1.4375 1.625 1.625 1.6875 1.6875 1.6875 1.625 1.625 1.9375 1.9375 1.9375 1.4375 1.4375 1.6875 1.6875 1.6875 2 2 1.5 1.5
 0 0 0 0 0 0 0 0 0 0 0 0 0 0 0 0 0 0 0 0 0 0 0 0 0 0 0 0 0 0 0 0 0 0 0 0 0 0 0 0 0 0 0.0625 0.0625 0.0625 0.0625 0.0625 0.125 0.125 0.125 0.125 0.125 0.0625 0.0625 0.0625 0.0625 0.0625 0.125 0.125 0.125 0.125 0.125 0.125 0.125 0.125 0.4375 0.4375 0.4375 0.4375 0.4375 0.4375 0.4375 0.75 0.75 0.75 0.5625 0.5625 0.5 0.5 0.5 0.75 0.75 0.4375 0.4375 0.4375 1.5 1.5 2 2 2 1.9375 1.9375 2.25 2.25 2.25 2.8125 2.8125 3.5 3.5 3.5 4.5625 4.5625 4.8125 4.8125 4.8125 5.6875 5.6875 5.9375 5.9375 5.9375 8.9375 8.9375 11.375 11.375 11.375 5.0625 5.0625 2.625 2.625 2.625 2.25 2.25 3.1875 3.1875 3.1875 5.5625 5.5625 4.1875 4.1875 4.1875 2.25 2.25 1.4375 1.4375 1.4375 1.9375 1.9375 2.4375 2.4375 2.4375 3.4375 3.4375 3.0625 3.0625 3.0625 2 2 1.4375 1.4375 1.4375 1.625 1.625 1.6875 1.6875 1.6875 1.625 1.625 1.9375 1.9375 1.9375 1.4375 1.4375 1.6875 1.6875 1.6875 2 2 1.5 1.5
 0 0 0 0 0 0 0 0 0 0 0 0 0 0 0 0 0 0 0 0 0 0 0 0 0 0 0 0 0 0 0 0 0 0 0 0 0 0 0 0 0 0 0.0625 0.0625 0.0625 0.0625 0.0625 0.125 0.125 0.125 0.125 0.125 0.0625 0.0625 0.0625 0.0625 0.0625 0.125 0.125 0.125 0.125 0.125 0.125 0.125 0.125 0.4375 0.4375 0.4375 0.4375 0.4375 0.4375 0.4375 0.75 0.75 0.75 0.5625 0.5625 0.5 0.5 0.5 0.75 0.75 0.4375 0.4375 0.4375 1.5 1.5 2 2 2 1.9375 1.9375 2.25 2.25 2.25 2.8125 2.8125 3.5 3.5 3.5 4.5625 4.5625 4.8125 4.8125 4.8125 5.6875 5.6875 5.9375 5.9375 5.9375 8.9375 8.9375 11.375 11.375 11.375 5.0625 5.0625 2.625 2.625 2.625 2.25 2.25 3.1875 3.1875 3.1875 5.5625 5.5625 4.1875 4.1875 4.1875 2.25 2.25 1.4375 1.4375 1.4375 1.9375 1.9375 2.4375 2.4375 2.4375 3.4375 3.4375 3.0625 3.0625 3.0625 2 2 1.4375 1.4375 1.4375 1.625 1.625 1.6875 1.6875 1.6875 1.625 1.625 1.9375 1.9375 1.9375 1.4375 1.4375 1.6875 1.6875 1.6875 2 2 1.5 1.5
 0 0 0 0 0 0 0 0 0 0 0 0 0 0 0 0 0 0 0 0 0 0 0 0 0 0 0 0 0 0 0 0 0 0 0 0 0 0 0 0 0.0625 0.0625 0.125 0.125 0.125 0.125 0.125 0.125 0.125 0.125 0.0625 0.0625 0.0625 0.0625 0.0625 0.1875 0.1875 0.1875 0.1875 0.1875 0.0625 0.0625 0.1875 0.1875 0.1875 0.3125 0.3125 0.3125 0.3125 0.3125 0.5625 0.5625 0.6875 0.6875 0.6875 0.25 0.25 0.0625 0.0625 0.0625 0.125 0.125 0.4375 0.4375 0.4375 1.5625 1.5625 2.4375 2.4375 2.4375 2.9375 2.9375 3.625 3.625 3.625 3.375 3.375 2.3125 2.3125 2.3125 2.125 2.125 3.0625 3.0625 3.0625 4.9375 4.9375 6.0625 6.0625 6.0625 10.125 10.125 12.5625 12.5625 12.5625 6.0625 6.0625 4.875 4.875 4.875 3 3 1.9375 1.9375 1.9375 4.75 4.75 5.25 5.25 5.25 4.25 4.25 5 5 5 6.0625 6.0625 5.4375 5.4375 5.4375 4.8125 4.8125 4.3125 4.3125 4.3125 3.0625 3.0625 2 2 2 1.625 1.625 1.5625 1.5625 1.5625 1.5 1.5 1.5625 1.5625 1.5625 1.4375 1.4375 1.5 1.5 1.5 2 2 1.125 1.125
 0 0 0 0 0 0 0 0 0 0 0 0 0 0 0 0 0 0 0 0 0 0 0 0 0 0 0 0 0 0 0 0 0 0 0 0 0 0 0 0 0.0625 0.0625 0.125 0.125 0.125 0.125 0.125 0.125 0.125 0.125 0.0625 0.0625 0.0625 0.0625 0.0625 0.1875 0.1875 0.1875 0.1875 0.1875 0.0625 0.0625 0.1875 0.1875 0.1875 0.3125 0.3125 0.3125 0.3125 0.3125 0.5625 0.5625 0.6875 0.6875 0.6875 0.25 0.25 0.0625 0.0625 0.0625 0.125 0.125 0.4375 0.4375 0.4375 1.5625 1.5625 2.4375 2.4375 2.4375 2.9375 2.9375 3.625 3.625 3.625 3.375 3.375 2.3125 2.3125 2.3125 2.125 2.125 3.0625 3.0625 3.0625 4.9375 4.9375 6.0625 6.0625 6.0625 10.125 10.125 12.5625 12.5625 12.5625 6.0625 6.0625 4.875 4.875 4.875 3 3 1.9375 1.9375 1.9375 4.75 4.75 5.25 5.25 5.25 4.25 4.25 5 5 5 6.0625 6.0625 5.4375 5.4375 5.4375 4.8125 4.8125 4.3125 4.3125 4.3125 3.0625 3.0625 2 2 2 1.625 1.625 1.5625 1.5625 1.5625 1.5 1.5 1.5625 1.5625 1.5625 1.4375 1.4375 1.5 1.5 1.5 2 2 1.125 1.125
 0 0 0 0 0 0 0 0 0 0 0 0 0 0 0 0 0 0 0 0 0 0 0 0 0 0 0 0 0 0 0 0 0 0 0 0 0 0 0 0 0.0625 0.0625 0.0625 0.0625 0.0625 0.125 0.125 0.1875 0.1875 0.1875 0.0625 0.0625 0 0 0 0.0625 0.0625 0.25 0.25 0.25 0.5625 0.5625 0.4375 0.4375 0.4375 0.25 0.25 0.25 0.25 0.25 0.5625 0.5625 0.4375 0.4375 0.4375 0.375 0.375 0.3125 0.3125 0.3125 0.125 0.125 0.5625 0.5625 0.5625 1.1875 1.1875 1.5 1.5 1.5 2.0625 2.0625 3.125 3.125 3.125 3.4375 3.4375 1.9375 1.9375 1.9375 1.75 1.75 2.1875 2.1875 2.1875 2.875 2.875 4.9375 4.9375 4.9375 8.6875 8.6875 11.625 11.625 11.625 6.375 6.375 5.375 5.375 5.375 4.1875 4.1875 3.6875 3.6875 3.6875 5.3125 5.3125 5.0625 5.0625 5.0625 4.875 4.875 6.0625 6.0625 6.0625 6.875 6.875 6.9375 6.9375 6.9375 6.375 6.375 6.0625 6.0625 6.0625 4.3125 4.3125 3.0625 3.0625 3.0625 2.8125 2.8125 3.1875 3.1875 3.1875 2.3125 2.3125 1.1875 1.1875 1.1875 0.4375 0.4375 0.4375 0.4375 0.4375 0.8125 0.8125 0.8125 0.8125
 0 0 0 0 0 0 0 0 0 0 0 0 0 0 0 0 0 0 0 0 0 0 0 0 0 0 0 0 0 0 0 0 0 0 0 0 0 0 0 0 0.0625 0.0625 0.0625 0.0625 0.0625 0.125 0.125 0.1875 0.1875 0.1875 0.0625 0.0625 0 0 0 0.0625 0.0625 0.25 0.25 0.25 0.5625 0.5625 0.4375 0.4375 0.4375 0.25 0.25 0.25 0.25 0.25 0.5625 0.5625 0.4375 0.4375 0.4375 0.375 0.375 0.3125 0.3125 0.3125 0.125 0.125 0.5625 0.5625 0.5625 1.1875 1.1875 1.5 1.5 1.5 2.0625 2.0625 3.125 3.125 3.125 3.4375 3.4375 1.9375 1.9375 1.9375 1.75 1.75 2.1875 2.1875 2.1875 2.875 2.875 4.9375 4.9375 4.9375 8.6875 8.6875 11.625 11.625 11.625 6.375 6.375 5.375 5.375 5.375 4.1875 4.1875 3.6875 3.6875 3.6875 5.3125 5.3125 5.0625 5.0625 5.0625 4.875 4.875 6.0625 6.0625 6.0625 6.875 6.875 6.9375 6.9375 6.9375 6.375 6.375 6.0625 6.0625 6.0625 4.3125 4.3125 3.0625 3.0625 3.0625 2.8125 2.8125 3.1875 3.1875 3.1875 2.3125 2.3125 1.1875 1.1875 1.1875 0.4375 0.4375 0.4375 0.4375 0.4375 0.8125 0.8125 0.8125 0.8125
 0 0 0 0 0 0 0 0 0 0 0 0 0 0 0 0 0 0 0 0 0 0 0 0 0 0 0 0 0 0 0 0 0 0 0 0 0 0 0 0 0.0625 0.0625 0.0625 0.0625 0.0625 0.125 0.125 0.1875 0.1875 0.1875 0.0625 0.0625 0 0 0 0.0625 0.0625 0.25 0.25 0.25 0.5625 0.5625 0.4375 0.4375 0.4375 0.25 0.25 0.25 0.25 0.25 0.5625 0.5625 0.4375 0.4375 0.4375 0.375 0.375 0.3125 0.3125 0.3125 0.125 0.125 0.5625 0.5625 0.5625 1.1875 1.1875 1.5 1.5 1.5 2.0625 2.0625 3.125 3.125 3.125 3.4375 3.4375 1.9375 1.9375 1.9375 1.75 1.75 2.1875 2.1875 2.1875 2.875 2.875 4.9375 4.9375 4.9375 8.6875 8.6875 11.625 11.625 11.625 6.375 6.375 5.375 5.375 5.375 4.1875 4.1875 3.6875 3.6875 3.6875 5.3125 5.3125 5.0625 5.0625 5.0625 4.875 4.875 6.0625 6.0625 6.0625 6.875 6.875 6.9375 6.9375 6.9375 6.375 6.375 6.0625 6.0625 6.0625 4.3125 4.3125 3.0625 3.0625 3.0625 2.8125 2.8125 3.1875 3.1875 3.1875 2.3125 2.3125 1.1875 1.1875 1.1875 0.4375 0.4375 0.4375 0.4375 0.4375 0.8125 0.8125 0.8125 0.8125
 0 0 0 0 0 0 0 0 0 0 0 0 0 0 0 0 0 0 0 0 0 0 0 0 0 0 0 0 0 0 0 0 0 0 0 0 0 0.0625 0.0625 0.0625 0.0625 0.0625 0.125 0.125 0.125 0.125 0.125 0.125 0.125 0.125 0.0625 0.0625 0.0625 0.0625 0.0625 0 0 0.0625 0.0625 0.0625 0.375 0.375 0.1875 0.1875 0.1875 0.0625 0.0625 0.0625 0.0625 0.0625 0.125 0.125 0.25 0.25 0.25 0.1875 0.1875 0.125 0.125 0.125 0.125 0.125 0.3125 0.3125 0.3125 0.5 0.5 0.375 0.375 0.375 1.0625 1.0625 2.4375 2.4375 2.4375 3 3 2.5 2.5 2.5 2.0625 2.0625 2.25 2.25 2.25 2.4375 2.4375 4.375 4.375 4.375 6.5 6.5 9.1875 9.1875 9.1875 5.4375 5.4375 5.0625 5.0625 5.0625 3.4375 3.4375 4.25 4.25 4.25 4.0625 4.0625 4.5 4.5 4.5 6 6 5.875 5.875 5.875 7.4375 7.4375 7 7 7 7.1875 7.1875 7.8125 7.8125 7.8125 5.375 5.375 3.5625 3.5625 3.5625 2.9375 2.9375 3.4375 3.4375 3.4375 2.25 2.25 0.9375 0.9375 0.9375 0.75 0.75 0.625 0.625 0.625 0.375 0.375 1 1
 0 0 0 0 0 0 0 0 0 0 0 0 0 0 0 0 0 0 0 0 0 0 0 0 0 0 0 0 0 0 0 0 0 0 0 0 0 0.0625 0.0625 0.0625 0.0625 0.0625 0.125 0.125 0.125 0.125 0.125 0.125 0.125 0.125 0.0625 0.0625 0.0625 0.0625 0.0625 0 0 0.0625 0.0625 0.0625 0.375 0.375 0.1875 0.1875 0.1875 0.0625 0.0625 0.0625 0.0625 0.0625 0.125 0.125 0.25 0.25 0.25 0.1875 0.1875 0.125 0.125 0.125 0.125 0.125 0.3125 0.3125 0.3125 0.5 0.5 0.375 0.375 0.375 1.0625 1.0625 2.4375 2.4375 2.4375 3 3 2.5 2.5 2.5 2.0625 2.0625 2.25 2.25 2.25 2.4375 2.4375 4.375 4.375 4.375 6.5 6.5 9.1875 9.1875 9.1875 5.4375 5.4375 5.0625 5.0625 5.0625 3.4375 3.4375 4.25 4.25 4.25 4.0625 4.0625 4.5 4.5 4.5 6 6 5.875 5.875 5.875 7.4375 7.4375 7 7 7 7.1875 7.1875 7.8125 7.8125 7.8125 5.375 5.375 3.5625 3.5625 3.5625 2.9375 2.9375 3.4375 3.4375 3.4375 2.25 2.25 0.9375 0.9375 0.9375 0.75 0.75 0.625 0.625 0.625 0.375 0.375 1 1
 0 0 0 0 0 0 0 0 0 0 0 0 0 0 0 0 0 0 0 0 0 0 0 0 0 0 0 0 0 0 0 0 0 0 0 0 0 0.0625 0.0625 0.0625 0.0625 0.0625 0.0625 0.0625 0.0625 0.0625 0.0625 0 0 0 0 0 0 0 0 0 0 0.0625 0.0625 0.0625 0.0625 0.0625 0.0625 0.0625 0.0625 0.1875 0.1875 0.0625 0.0625 0.0625 0.125 0.125 0.375 0.375 0.375 0.1875 0.1875 0.0625 0.0625 0.0625 0.125 0.125 0.25 0.25 0.25 0.375 0.375 0.3125 0.3125 0.3125 0.4375 0.4375 1.1875 1.1875 1.1875 1.5 1.5 1.125 1.125 1.125 2 2 3.375 3.375 3.375 2 2 3.6875 3.6875 3.6875 5.625 5.625 5.9375 5.9375 5.9375 4.875 4.875 5.25 5.25 5.25 3.5625 3.5625 3.6875 3.6875 3.6875 3.9375 3.9375 4.5 4.5 4.5 6.75 6.75 8 8 8 7.25 7.25 4.75 4.75 4.75 6.5625 6.5625 7.5 7.5 7.5 6.3125 6.3125 4.625 4.625 4.625 3.0625 3.0625 2.9375 2.9375 2.9375 1.25 1.25 0.5625 0.5625 0.5625 0.875 0.875 1.5625 1.5625 1.5625 1.4375 1.4375 1.1875 1.1875
 0 0 0 0 0 0 0 0 0 0 0 0 0 0 0 0 0 0 0 0 0 0 0 0 0 0 0 0 0 0 0 0 0 0 0 0 0 0.0625 0.0625 0.0625 0.0625 0.0625 0.0625 0.0625 0.0625 0.0625 0.0625 0 0 0 0 0 0 0 0 0 0 0.0625 0.0625 0.0625 0.0625 0.0625 0.0625 0.0625 0.0625 0.1875 0.1875 0.0625 0.0625 0.0625 0.125 0.125 0.375 0.375 0.375 0.1875 0.1875 0.0625 0.0625 0.0625 0.125 0.125 0.25 0.25 0.25 0.375 0.375 0.3125 0.3125 0.3125 0.4375 0.4375 1.1875 1.1875 1.1875 1.5 1.5 1.125 1.125 1.125 2 2 3.375 3.375 3.375 2 2 3.6875 3.6875 3.6875 5.625 5.625 5.9375 5.9375 5.9375 4.875 4.875 5.25 5.25 5.25 3.5625 3.5625 3.6875 3.6875 3.6875 3.9375 3.9375 4.5 4.5 4.5 6.75 6.75 8 8 8 7.25 7.25 4.75 4.75 4.75 6.5625 6.5625 7.5 7.5 7.5 6.3125 6.3125 4.625 4.625 4.625 3.0625 3.0625 2.9375 2.9375 2.9375 1.25 1.25 0.5625 0.5625 0.5625 0.875 0.875 1.5625 1.5625 1.5625 1.4375 1.4375 1.1875 1.1875
 0 0 0 0 0 0 0 0 0 0 0 0 0 0 0 0 0 0 0 0 0 0 0 0 0 0 0 0 0 0 0 0 0 0 0 0 0 0.0625 0.0625 0.0625 0.0625 0.0625 0.0625 0.0625 0.0625 0.0625 0.0625 0 0 0 0 0 0 0 0 0 0 0.0625 0.0625 0.0625 0.0625 0.0625 0.0625 0.0625 0.0625 0.1875 0.1875 0.0625 0.0625 0.0625 0.125 0.125 0.375 0.375 0.375 0.1875 0.1875 0.0625 0.0625 0.0625 0.125 0.125 0.25 0.25 0.25 0.375 0.375 0.3125 0.3125 0.3125 0.4375 0.4375 1.1875 1.1875 1.1875 1.5 1.5 1.125 1.125 1.125 2 2 3.375 3.375 3.375 2 2 3.6875 3.6875 3.6875 5.625 5.625 5.9375 5.9375 5.9375 4.875 4.875 5.25 5.25 5.25 3.5625 3.5625 3.6875 3.6875 3.6875 3.9375 3.9375 4.5 4.5 4.5 6.75 6.75 8 8 8 7.25 7.25 4.75 4.75 4.75 6.5625 6.5625 7.5 7.5 7.5 6.3125 6.3125 4.625 4.625 4.625 3.0625 3.0625 2.9375 2.9375 2.9375 1.25 1.25 0.5625 0.5625 0.5625 0.875 0.875 1.5625 1.5625 1.5625 1.4375 1.4375 1.1875 1.1875
 0 0 0 0 0 0 0 0 0 0 0 0 0 0 0 0 0 0 0 0 0 0 0 0 0 0 0 0 0 0 0 0 0 0 0 0 0 0 0 0 0.0625 0.0625 0 0 0 0 0 0 0 0 0 0 0 0 0 0 0 0 0 0 0 0 0.1875 0.1875 0.1875 0.375 0.375 0.125 0.125 0.125 0.1875 0.1875 0.3125 0.3125 0.3125 0.125 0.125 0.0625 0.0625 0.0625 0.125 0.125 0.125 0.125 0.125 0.25 0.25 0.1875 0.1875 0.1875 0.4375 0.4375 1.25 1.25 1.25 1.8125 1.8125 1.125 1.125 1.125 1.375 1.375 1.8125 1.8125 1.8125 1.4375 1.4375 2.9375 2.9375 2.9375 4.5625 4.5625 3.375 3.375 3.375 2.625 2.625 5.5 5.5 5.5 5.125 5.125 3.4375 3.4375 3.4375 3.25 3.25 5.1875 5.1875 5.1875 11.125 11.125 12.125 12.125 12.125 7.9375 7.9375 5.5 5.5 5.5 5.9375 5.9375 6.1875 6.1875 6.1875 6.875 6.875 6.1875 6.1875 6.1875 5.375 5.375 3.5625 3.5625 3.5625 2.3125 2.3125 1.625 1.625 1.625 1.75 1.75 2 2 2 1.8125 1.8125 0.875 0.875
 0 0 0 0 0 0 0 0 0 0 0 0 0 0 0 0 0 0 0 0 0 0 0 0 0 0 0 0 0 0 0 0 0 0 0 0 0 0 0 0 0.0625 0.0625 0 0 0 0 0 0 0 0 0 0 0 0 0 0 0 0 0 0 0 0 0.1875 0.1875 0.1875 0.375 0.375 0.125 0.125 0.125 0.1875 0.1875 0.3125 0.3125 0.3125 0.125 0.125 0.0625 0.0625 0.0625 0.125 0.125 0.125 0.125 0.125 0.25 0.25 0.1875 0.1875 0.1875 0.4375 0.4375 1.25 1.25 1.25 1.8125 1.8125 1.125 1.125 1.125 1.375 1.375 1.8125 1.8125 1.8125 1.4375 1.4375 2.9375 2.9375 2.9375 4.5625 4.5625 3.375 3.375 3.375 2.625 2.625 5.5 5.5 5.5 5.125 5.125 3.4375 3.4375 3.4375 3.25 3.25 5.1875 5.1875 5.1875 11.125 11.125 12.125 12.125 12.125 7.9375 7.9375 5.5 5.5 5.5 5.9375 5.9375 6.1875 6.1875 6.1875 6.875 6.875 6.1875 6.1875 6.1875 5.375 5.375 3.5625 3.5625 3.5625 2.3125 2.3125 1.625 1.625 1.625 1.75 1.75 2 2 2 1.8125 1.8125 0.875 0.875
 0 0 0 0 0 0 0 0 0 0 0 0 0 0 0 0 0 0 0 0 0 0 0 0 0 0 0 0 0 0 0 0 0 0 0 0 0 0 0 0 0 0 0 0 0 0 0 0 0 0 0 0 0 0 0 0.0625 0.0625 0.0625 0.0625 0.0625 0.0625 0.0625 0.125 0.125 0.125 0.125 0.125 0 0 0 0.0625 0.0625 0.0625 0.0625 0.0625 0.125 0.125 0.125 0.125 0.125 0.0625 0.0625 0.125 0.125 0.125 0.0625 0.0625 0 0 0 0.125 0.125 0.25 0.25 0.25 0.3125 0.3125 0.375 0.375 0.375 0.3125 0.3125 0.625 0.625 0.625 1.75 1.75 2.8125 2.8125 2.8125 2.75 2.75 2.1875 2.1875 2.1875 0.875 0.875 3.5625 3.5625 3.5625 5.0625 5.0625 2.9375 2.9375 2.9375 2.25 2.25 5.125 5.125 5.125 11.0625 11.0625 13.0625 13.0625 13.0625 10.875 10.875 11.3125 11.3125 11.3125 10.5625 10.5625 6.8125 6.8125 6.8125 7.4375 7.4375 9 9 9 6.875 6.875 4.625 4.625 4.625 3.4375 3.4375 3.0625 3.0625 3.0625 3.375 3.375 2.6875 2.6875 2.6875 1.75 1.75 0.4375 0.4375
 0 0 0 0 0 0 0 0 0 0 0 0 0 0 0 0 0 0 0 0 0 0 0 0 0 0 0 0 0 0 0 0 0 0 0 0 0 0 0 0 0 0 0 0 0 0 0 0 0 0 0 0 0 0 0 0.0625 0.0625 0.0625 0.0625 0.0625 0.0625 0.0625 0.125 0.125 0.125 0.125 0.125 0 0 0 0.0625 0.0625 0.0625 0.0625 0.0625 0.125 0.125 0.125 0.125 0.125 0.0625 0.0625 0.125 0.125 0.125 0.0625 0.0625 0 0 0 0.125 0.125 0.25 0.25 0.25 0.3125 0.3125 0.375 0.375 0.375 0.3125 0.3125 0.625 0.625 0.625 1.75 1.75 2.8125 2.8125 2.8125 2.75 2.75 2.1875 2.1875 2.1875 0.875 0.875 3.5625 3.5625 3.5625 5.0625 5.0625 2.9375 2.9375 2.9375 2.25 2.25 5.125 5.125 5.125 11.0625 11.0625 13.0625 13.0625 13.0625 10.875 10.875 11.3125 11.3125 11.3125 10.5625 10.5625 6.8125 6.8125 6.8125 7.4375 7.4375 9 9 9 6.875 6.875 4.625 4.625 4.625 3.4375 3.4375 3.0625 3.0625 3.0625 3.375 3.375 2.6875 2.6875 2.6875 1.75 1.75 0.4375 0.4375
 0 0 0 0 0 0 0 0 0 0 0 0 0 0 0 0 0 0 0 0 0 0 0 0 0 0 0 0 0 0 0 0 0 0 0 0 0 0 0 0 0 0 0 0 0 0 0 0 0 0 0 0 0 0 0 0.0625 0.0625 0.0625 0.0625 0.0625 0.0625 0.0625 0.125 0.125 0.125 0.125 0.125 0 0 0 0.0625 0.0625 0.0625 0.0625 0.0625 0.125 0.125 0.125 0.125 0.125 0.0625 0.0625 0.125 0.125 0.125 0.0625 0.0625 0 0 0 0.125 0.125 0.25 0.25 0.25 0.3125 0.3125 0.375 0.375 0.375 0.3125 0.3125 0.625 0.625 0.625 1.75 1.75 2.8125 2.8125 2.8125 2.75 2.75 2.1875 2.1875 2.1875 0.875 0.875 3.5625 3.5625 3.5625 5.0625 5.0625 2.9375 2.9375 2.9375 2.25 2.25 5.125 5.125 5.125 11.0625 11.0625 13.0625 13.0625 13.0625 10.875 10.875 11.3125 11.3125 11.3125 10.5625 10.5625 6.8125 6.8125 6.8125 7.4375 7.4375 9 9 9 6.875 6.875 4.625 4.625 4.625 3.4375 3.4375 3.0625 3.0625 3.0625 3.375 3.375 2.6875 2.6875 2.6875 1.75 1.75 0.4375 0.4375
 0 0 0 0 0 0 0 0 0 0 0 0 0 0 0 0 0 0 0 0 0 0 0 0 0 0 0 0 0 0 0 0 0 0 0 0 0 0 0 0 0 0 0 0 0 0 0 0.0625 0.0625 0.0625 0.125 0.125 0.25 0.25 0.25 0.125 0.125 0.0625 0.0625 0.0625 0 0 0 0 0 0 0 0 0 0 0 0 0.0625 0.0625 0.0625 0.25 0.25 0.125 0.125 0.125 0.0625 0.0625 0.0625 0.0625 0.0625 0 0 0 0 0 0 0 0.0625 0.0625 0.0625 0.0625 0.0625 0.0625 0.0625 0.0625 0 0 0.5625 0.5625 0.5625 1.875 1.875 2.3125 2.3125 2.3125 1.25 1.25 1.375 1.375 1.375 0.625 0.625 2.3125 2.3125 2.3125 3.6875 3.6875 1.9375 1.9375 1.9375 1.5 1.5 4.5 4.5 4.5 8.875 8.875 12.25 12.25 12.25 15 15 19.3125 19.3125 19.3125 15.3125 15.3125 9.25 9.25 9.25 10.125 10.125 10.75 10.75 10.75 6.4375 6.4375 5.8125 5.8125 5.8125 5.375 5.375 4.25 4.25 4.25 3.5 3.5 2.5625 2.5625 2.5625 1.75 1.75 1 1
 0 0 0 0 0 0 0 0 0 0 0 0 0 0 0 0 0 0 0 0 0 0 0 0 0 0 0 0 0 0 0 0 0 0 0 0 0 0 0 0 0 0 0 0 0 0 0 0.0625 0.0625 0.0625 0.125 0.125 0.25 0.25 0.25 0.125 0.125 0.0625 0.0625 0.0625 0 0 0 0 0 0 0 0 0 0 0 0 0.0625 0.0625 0.0625 0.25 0.25 0.125 0.125 0.125 0.0625 0.0625 0.0625 0.0625 0.0625 0 0 0 0 0 0 0 0.0625 0.0625 0.0625 0.0625 0.0625 0.0625 0.0625 0.0625 0 0 0.5625 0.5625 0.5625 1.875 1.875 2.3125 2.3125 2.3125 1.25 1.25 1.375 1.375 1.375 0.625 0.625 2.3125 2.3125 2.3125 3.6875 3.6875 1.9375 1.9375 1.9375 1.5 1.5 4.5 4.5 4.5 8.875 8.875 12.25 12.25 12.25 15 15 19.3125 19.3125 19.3125 15.3125 15.3125 9.25 9.25 9.25 10.125 10.125 10.75 10.75 10.75 6.4375 6.4375 5.8125 5.8125 5.8125 5.375 5.375 4.25 4.25 4.25 3.5 3.5 2.5625 2.5625 2.5625 1.75 1.75 1 1
 0 0 0 0 0 0 0 0 0 0 0 0 0 0 0 0 0 0 0 0 0 0 0 0 0 0 0 0.0625 0.0625 0.0625 0.0625 0.0625 0 0 0 0 0 0 0 0 0 0 0.0625 0.0625 0.0625 0.0625 0.0625 0.1875 0.1875 0.1875 0.4375 0.4375 0.375 0.375 0.375 0.125 0.125 0 0 0 0 0 0 0 0 0 0 0 0 0 0.0625 0.0625 0.25 0.25 0.25 0.1875 0.1875 0.125 0.125 0.125 0.0625 0.0625 0 0 0 0 0 0 0 0 0 0 0.0625 0.0625 0.0625 0 0 0 0 0 0 0 0.375 0.375 0.375 1.375 1.375 2.0625 2.0625 2.0625 0.75 0.75 0.625 0.625 0.625 0.5 0.5 1.75 1.75 1.75 3.3125 3.3125 2.375 2.375 2.375 1.5 1.5 2.625 2.625 2.625 6.125 6.125 10.375 10.375 10.375 12.3125 12.3125 13.8125 13.8125 13.8125 10.5625 10.5625 6.8125 6.8125 6.8125 8.1875 8.1875 10.375 10.375 10.375 6.4375 6.4375 4.125 4.125 4.125 5.875 5.875 6.375 6.375 6.375 3.6875 3.6875 2.5 2.5 2.5 1.4375 1.4375 0.5 0.5
 0 0 0 0 0 0 0 0 0 0 0 0 0 0 0 0 0 0 0 0 0 0 0 0 0 0 0 0.0625 0.0625 0.0625 0.0625 0.0625 0 0 0 0 0 0 0 0 0 0 0.0625 0.0625 0.0625 0.0625 0.0625 0.1875 0.1875 0.1875 0.4375 0.4375 0.375 0.375 0.375 0.125 0.125 0 0 0 0 0 0 0 0 0 0 0 0 0 0.0625 0.0625 0.25 0.25 0.25 0.1875 0.1875 0.125 0.125 0.125 0.0625 0.0625 0 0 0 0 0 0 0 0 0 0 0.0625 0.0625 0.0625 0 0 0 0 0 0 0 0.375 0.375 0.375 1.375 1.375 2.0625 2.0625 2.0625 0.75 0.75 0.625 0.625 0.625 0.5 0.5 1.75 1.75 1.75 3.3125 3.3125 2.375 2.375 2.375 1.5 1.5 2.625 2.625 2.625 6.125 6.125 10.375 10.375 10.375 12.3125 12.3125 13.8125 13.8125 13.8125 10.5625 10.5625 6.8125 6.8125 6.8125 8.1875 8.1875 10.375 10.375 10.375 6.4375 6.4375 4.125 4.125 4.125 5.875 5.875 6.375 6.375 6.375 3.6875 3.6875 2.5 2.5 2.5 1.4375 1.4375 0.5 0.5
 0 0 0 0 0 0 0 0 0 0 0 0 0 0 0 0 0 0 0 0 0 0 0 0 0 0 0 0.0625 0.0625 0.0625 0.0625 0.0625 0 0 0 0 0 0 0 0 0 0 0.0625 0.0625 0.0625 0.0625 0.0625 0.1875 0.1875 0.1875 0.4375 0.4375 0.375 0.375 0.375 0.125 0.125 0 0 0 0 0 0 0 0 0 0 0 0 0 0.0625 0.0625 0.25 0.25 0.25 0.1875 0.1875 0.125 0.125 0.125 0.0625 0.0625 0 0 0 0 0 0 0 0 0 0 0.0625 0.0625 0.0625 0 0 0 0 0 0 0 0.375 0.375 0.375 1.375 1.375 2.0625 2.0625 2.0625 0.75 0.75 0.625 0.625 0.625 0.5 0.5 1.75 1.75 1.75 3.3125 3.3125 2.375 2.375 2.375 1.5 1.5 2.625 2.625 2.625 6.125 6.125 10.375 10.375 10.375 12.3125 12.3125 13.8125 13.8125 13.8125 10.5625 10.5625 6.8125 6.8125 6.8125 8.1875 8.1875 10.375 10.375 10.375 6.4375 6.4375 4.125 4.125 4.125 5.875 5.875 6.375 6.375 6.375 3.6875 3.6875 2.5 2.5 2.5 1.4375 1.4375 0.5 0.5
 0 0 0 0 0 0 0 0 0 0 0 0 0 0 0 0 0 0 0 0 0 0 0 0 0 0.125 0.125 0.0625 0.0625 0.0625 0 0 0.0625 0.0625 0.0625 0 0 0.1875 0.1875 0.1875 0.375 0.375 0.125 0.125 0.125 0.125 0.125 0.4375 0.4375 0.4375 0.625 0.625 0.375 0.375 0.375 0.0625 0.0625 0 0 0 0 0 0 0 0 0 0 0 0 0 0 0 0.1875 0.1875 0.1875 0.25 0.25 0.25 0.25 0.25 0.0625 0.0625 0 0 0 0 0 0 0 0 0 0 0 0 0 0 0 0 0 0 0 0 0.125 0.125 0.125 1 1 2.25 2.25 2.25 0.8125 0.8125 0.3125 0.3125 0.3125 0.5 0.5 1.125 1.125 1.125 2.1875 2.1875 3.25 3.25 3.25 2.25 2.25 1.5625 1.5625 1.5625 4 4 8.125 8.125 8.125 9.875 9.875 9.875 9.875 9.875 6.9375 6.9375 3.5 3.5 3.5 6 6 11.25 11.25 11.25 9.375 9.375 5.1875 5.1875 5.1875 4.75 4.75 6 6 6 4.875 4.875 3.875 3.875 3.875 1.9375 1.9375 1.0625 1.0625
 0 0 0 0 0 0 0 0 0 0 0 0 0 0 0 0 0 0 0 0 0 0 0 0 0 0.125 0.125 0.0625 0.0625 0.0625 0 0 0.0625 0.0625 0.0625 0 0 0.1875 0.1875 0.1875 0.375 0.375 0.125 0.125 0.125 0.125 0.125 0.4375 0.4375 0.4375 0.625 0.625 0.375 0.375 0.375 0.0625 0.0625 0 0 0 0 0 0 0 0 0 0 0 0 0 0 0 0.1875 0.1875 0.1875 0.25 0.25 0.25 0.25 0.25 0.0625 0.0625 0 0 0 0 0 0 0 0 0 0 0 0 0 0 0 0 0 0 0 0 0.125 0.125 0.125 1 1 2.25 2.25 2.25 0.8125 0.8125 0.3125 0.3125 0.3125 0.5 0.5 1.125 1.125 1.125 2.1875 2.1875 3.25 3.25 3.25 2.25 2.25 1.5625 1.5625 1.5625 4 4 8.125 8.125 8.125 9.875 9.875 9.875 9.875 9.875 6.9375 6.9375 3.5 3.5 3.5 6 6 11.25 11.25 11.25 9.375 9.375 5.1875 5.1875 5.1875 4.75 4.75 6 6 6 4.875 4.875 3.875 3.875 3.875 1.9375 1.9375 1.0625 1.0625
 0 0 0 0 0 0 0 0 0 0 0 0 0 0 0 0 0 0 0 0 0 0 0 0 0 0.25 0.25 0.0625 0.0625 0.0625 0 0 0.0625 0.0625 0.0625 0.0625 0.0625 0.125 0.125 0.125 0.25 0.25 0.0625 0.0625 0.0625 0.25 0.25 0.5 0.5 0.5 0.5 0.5 0.1875 0.1875 0.1875 0.0625 0.0625 0.0625 0.0625 0.0625 0.0625 0.0625 0.0625 0.0625 0.0625 0.0625 0.0625 0 0 0 0 0 0.125 0.125 0.125 0.25 0.25 0.25 0.25 0.25 0.0625 0.0625 0 0 0 0 0 0 0 0 0 0 0 0 0 0 0 0 0 0 0 0 0 0 0 0.6875 0.6875 2.125 2.125 2.125 0.9375 0.9375 0.375 0.375 0.375 0.5625 0.5625 0.625 0.625 0.625 0.9375 0.9375 2 2 2 2.1875 2.1875 1.8125 1.8125 1.8125 4.3125 4.3125 7.8125 7.8125 7.8125 10.375 10.375 10.4375 10.4375 10.4375 7 7 3.3125 3.3125 3.3125 3.125 3.125 4.875 4.875 4.875 5.625 5.625 3.125 3.125 3.125 2.875 2.875 4.4375 4.4375 4.4375 5.875 5.875 5.25 5.25 5.25 3.25 3.25 3.1875 3.1875
 0 0 0 0 0 0 0 0 0 0 0 0 0 0 0 0 0 0 0 0 0 0 0 0 0 0.25 0.25 0.0625 0.0625 0.0625 0 0 0.0625 0.0625 0.0625 0.0625 0.0625 0.125 0.125 0.125 0.25 0.25 0.0625 0.0625 0.0625 0.25 0.25 0.5 0.5 0.5 0.5 0.5 0.1875 0.1875 0.1875 0.0625 0.0625 0.0625 0.0625 0.0625 0.0625 0.0625 0.0625 0.0625 0.0625 0.0625 0.0625 0 0 0 0 0 0.125 0.125 0.125 0.25 0.25 0.25 0.25 0.25 0.0625 0.0625 0 0 0 0 0 0 0 0 0 0 0 0 0 0 0 0 0 0 0 0 0 0 0 0.6875 0.6875 2.125 2.125 2.125 0.9375 0.9375 0.375 0.375 0.375 0.5625 0.5625 0.625 0.625 0.625 0.9375 0.9375 2 2 2 2.1875 2.1875 1.8125 1.8125 1.8125 4.3125 4.3125 7.8125 7.8125 7.8125 10.375 10.375 10.4375 10.4375 10.4375 7 7 3.3125 3.3125 3.3125 3.125 3.125 4.875 4.875 4.875 5.625 5.625 3.125 3.125 3.125 2.875 2.875 4.4375 4.4375 4.4375 5.875 5.875 5.25 5.25 5.25 3.25 3.25 3.1875 3.1875
 0 0 0 0 0 0 0 0 0 0 0 0 0 0 0 0 0 0 0 0 0 0 0 0 0 0.25 0.25 0.0625 0.0625 0.0625 0 0 0.0625 0.0625 0.0625 0.0625 0.0625 0.125 0.125 0.125 0.25 0.25 0.0625 0.0625 0.0625 0.25 0.25 0.5 0.5 0.5 0.5 0.5 0.1875 0.1875 0.1875 0.0625 0.0625 0.0625 0.0625 0.0625 0.0625 0.0625 0.0625 0.0625 0.0625 0.0625 0.0625 0 0 0 0 0 0.125 0.125 0.125 0.25 0.25 0.25 0.25 0.25 0.0625 0.0625 0 0 0 0 0 0 0 0 0 0 0 0 0 0 0 0 0 0 0 0 0 0 0 0.6875 0.6875 2.125 2.125 2.125 0.9375 0.9375 0.375 0.375 0.375 0.5625 0.5625 0.625 0.625 0.625 0.9375 0.9375 2 2 2 2.1875 2.1875 1.8125 1.8125 1.8125 4.3125 4.3125 7.8125 7.8125 7.8125 10.375 10.375 10.4375 10.4375 10.4375 7 7 3.3125 3.3125 3.3125 3.125 3.125 4.875 4.875 4.875 5.625 5.625 3.125 3.125 3.125 2.875 2.875 4.4375 4.4375 4.4375 5.875 5.875 5.25 5.25 5.25 3.25 3.25 3.1875 3.1875
 0 0 0 0 0 0 0 0 0 0 0 0 0 0 0 0 0 0 0 0 0 0 0 0 0 0.0625 0.0625 0.0625 0.0625 0.0625 0.0625 0.0625 0.0625 0.0625 0.0625 0.125 0.125 0.125 0.125 0.125 0.25 0.25 0.375 0.375 0.375 0.625 0.625 0.8125 0.8125 0.8125 0.375 0.375 0.125 0.125 0.125 0.0625 0.0625 0.125 0.125 0.125 0.1875 0.1875 0.125 0.125 0.125 0.125 0.125 0.0625 0.0625 0.0625 0.0625 0.0625 0.125 0.125 0.125 0.25 0.25 0.125 0.125 0.125 0 0 0 0 0 0 0 0 0 0 0 0 0 0 0 0 0 0 0 0 0 0 0 0 0 0.375 0.375 1.375 1.375 1.375 0.75 0.75 0.1875 0.1875 0.1875 0.375 0.375 0.25 0.25 0.25 0.4375 0.4375 0.8125 0.8125 0.8125 1.125 1.125 1.875 1.875 1.875 4.6875 4.6875 7.9375 7.9375 7.9375 10.8125 10.8125 10.0625 10.0625 10.0625 6.375 6.375 3.25 3.25 3.25 1.3125 1.3125 1.3125 1.3125 1.3125 1.75 1.75 2.4375 2.4375 2.4375 3.875 3.875 5 5 5 6.625 6.625 7.5 7.5 7.5 5.9375 5.9375 5.25 5.25
 0 0 0 0 0 0 0 0 0 0 0 0 0 0 0 0 0 0 0 0 0 0 0 0 0 0.0625 0.0625 0.0625 0.0625 0.0625 0.0625 0.0625 0.0625 0.0625 0.0625 0.125 0.125 0.125 0.125 0.125 0.25 0.25 0.375 0.375 0.375 0.625 0.625 0.8125 0.8125 0.8125 0.375 0.375 0.125 0.125 0.125 0.0625 0.0625 0.125 0.125 0.125 0.1875 0.1875 0.125 0.125 0.125 0.125 0.125 0.0625 0.0625 0.0625 0.0625 0.0625 0.125 0.125 0.125 0.25 0.25 0.125 0.125 0.125 0 0 0 0 0 0 0 0 0 0 0 0 0 0 0 0 0 0 0 0 0 0 0 0 0 0.375 0.375 1.375 1.375 1.375 0.75 0.75 0.1875 0.1875 0.1875 0.375 0.375 0.25 0.25 0.25 0.4375 0.4375 0.8125 0.8125 0.8125 1.125 1.125 1.875 1.875 1.875 4.6875 4.6875 7.9375 7.9375 7.9375 10.8125 10.8125 10.0625 10.0625 10.0625 6.375 6.375 3.25 3.25 3.25 1.3125 1.3125 1.3125 1.3125 1.3125 1.75 1.75 2.4375 2.4375 2.4375 3.875 3.875 5 5 5 6.625 6.625 7.5 7.5 7.5 5.9375 5.9375 5.25 5.25
 0 0 0 0 0 0 0 0 0 0 0 0 0 0 0 0 0 0 0 0 0 0 0 0 0 0 0 0 0 0 0 0 0.0625 0.0625 0.0625 0 0 0 0 0 0.1875 0.1875 0.5 0.5 0.5 0.25 0.25 0.25 0.25 0.25 0.3125 0.3125 0.1875 0.1875 0.1875 0.125 0.125 0.125 0.125 0.125 0.125 0.125 0.125 0.125 0.125 0.0625 0.0625 0 0 0 0.0625 0.0625 0.125 0.125 0.125 0.125 0.125 0 0 0 0 0 0 0 0 0 0 0 0 0 0 0 0 0 0 0 0 0 0 0 0 0 0 0 0 0.125 0.125 0.6875 0.6875 0.6875 0.375 0.375 0.0625 0.0625 0.0625 0.25 0.25 0.3125 0.3125 0.3125 0.6875 0.6875 1.125 1.125 1.125 1.25 1.25 2.375 2.375 2.375 4.1875 4.1875 6.875 6.875 6.875 9.625 9.625 8.1875 8.1875 8.1875 4.875 4.875 3.125 3.125 3.125 1.375 1.375 1 1 1 0.75 0.75 1.0625 1.0625 1.0625 3.3125 3.3125 5.3125 5.3125 5.3125 6.875 6.875 5 5 5 5.625 5.625 5.125 5.125
 0 0 0 0 0 0 0 0 0 0 0 0 0 0 0 0 0 0 0 0 0 0 0 0 0 0 0 0 0 0 0 0 0.0625 0.0625 0.0625 0 0 0 0 0 0.1875 0.1875 0.5 0.5 0.5 0.25 0.25 0.25 0.25 0.25 0.3125 0.3125 0.1875 0.1875 0.1875 0.125 0.125 0.125 0.125 0.125 0.125 0.125 0.125 0.125 0.125 0.0625 0.0625 0 0 0 0.0625 0.0625 0.125 0.125 0.125 0.125 0.125 0 0 0 0 0 0 0 0 0 0 0 0 0 0 0 0 0 0 0 0 0 0 0 0 0 0 0 0 0.125 0.125 0.6875 0.6875 0.6875 0.375 0.375 0.0625 0.0625 0.0625 0.25 0.25 0.3125 0.3125 0.3125 0.6875 0.6875 1.125 1.125 1.125 1.25 1.25 2.375 2.375 2.375 4.1875 4.1875 6.875 6.875 6.875 9.625 9.625 8.1875 8.1875 8.1875 4.875 4.875 3.125 3.125 3.125 1.375 1.375 1 1 1 0.75 0.75 1.0625 1.0625 1.0625 3.3125 3.3125 5.3125 5.3125 5.3125 6.875 6.875 5 5 5 5.625 5.625 5.125 5.125
 0 0 0 0 0 0 0 0 0 0 0 0 0 0 0 0 0 0 0 0 0 0 0 0 0 0 0 0 0 0 0 0 0.0625 0.0625 0.0625 0 0 0 0 0 0.1875 0.1875 0.5 0.5 0.5 0.25 0.25 0.25 0.25 0.25 0.3125 0.3125 0.1875 0.1875 0.1875 0.125 0.125 0.125 0.125 0.125 0.125 0.125 0.125 0.125 0.125 0.0625 0.0625 0 0 0 0.0625 0.0625 0.125 0.125 0.125 0.125 0.125 0 0 0 0 0 0 0 0 0 0 0 0 0 0 0 0 0 0 0 0 0 0 0 0 0 0 0 0 0.125 0.125 0.6875 0.6875 0.6875 0.375 0.375 0.0625 0.0625 0.0625 0.25 0.25 0.3125 0.3125 0.3125 0.6875 0.6875 1.125 1.125 1.125 1.25 1.25 2.375 2.375 2.375 4.1875 4.1875 6.875 6.875 6.875 9.625 9.625 8.1875 8.1875 8.1875 4.875 4.875 3.125 3.125 3.125 1.375 1.375 1 1 1 0.75 0.75 1.0625 1.0625 1.0625 3.3125 3.3125 5.3125 5.3125 5.3125 6.875 6.875 5 5 5 5.625 5.625 5.125 5.125
 0 0 0 0 0 0 0 0 0 0 0 0 0 0 0 0 0 0 0 0 0 0 0 0 0 0 0 0 0 0 0 0 0 0 0 0 0 0 0 0 0.125 0.125 0.125 0.125 0.125 0.0625 0.0625 0.125 0.125 0.125 0.125 0.125 0.0625 0.0625 0.0625 0.0625 0.0625 0 0 0 0.0625 0.0625 0.0625 0.0625 0.0625 0 0 0.0625 0.0625 0.0625 0.0625 0.0625 0.0625 0.0625 0.0625 0 0 0 0 0 0 0 0 0 0 0 0 0 0 0 0 0 0 0 0 0 0 0 0 0 0 0 0 0 0 0.0625 0.0625 0.375 0.375 0.375 0.25 0.25 0.1875 0.1875 0.1875 0.1875 0.1875 0.1875 0.1875 0.1875 0.75 0.75 1.5 1.5 1.5 1.5625 1.5625 2.75 2.75 2.75 4.1875 4.1875 6.5 6.5 6.5 8.0625 8.0625 6.4375 6.4375 6.4375 4.3125 4.3125 3 3 3 1.0625 1.0625 0.5 0.5 0.5 0.1875 0.1875 0.125 0.125 0.125 0.25 0.25 0.6875 0.6875 0.6875 1.0625 1.0625 0.375 0.375 0.375 2.75 2.75 5.0625 5.0625
 0 0 0 0 0 0 0 0 0 0 0 0 0 0 0 0 0 0 0 0 0 0 0 0 0 0 0 0 0 0 0 0 0 0 0 0 0 0 0 0 0.125 0.125 0.125 0.125 0.125 0.0625 0.0625 0.125 0.125 0.125 0.125 0.125 0.0625 0.0625 0.0625 0.0625 0.0625 0 0 0 0.0625 0.0625 0.0625 0.0625 0.0625 0 0 0.0625 0.0625 0.0625 0.0625 0.0625 0.0625 0.0625 0.0625 0 0 0 0 0 0 0 0 0 0 0 0 0 0 0 0 0 0 0 0 0 0 0 0 0 0 0 0 0 0 0.0625 0.0625 0.375 0.375 0.375 0.25 0.25 0.1875 0.1875 0.1875 0.1875 0.1875 0.1875 0.1875 0.1875 0.75 0.75 1.5 1.5 1.5 1.5625 1.5625 2.75 2.75 2.75 4.1875 4.1875 6.5 6.5 6.5 8.0625 8.0625 6.4375 6.4375 6.4375 4.3125 4.3125 3 3 3 1.0625 1.0625 0.5 0.5 0.5 0.1875 0.1875 0.125 0.125 0.125 0.25 0.25 0.6875 0.6875 0.6875 1.0625 1.0625 0.375 0.375 0.375 2.75 2.75 5.0625 5.0625
 0 0 0 0 0 0 0 0 0 0 0 0 0 0 0 0 0 0 0 0 0 0 0 0 0 0 0 0 0 0 0 0 0 0 0 0 0 0 0 0 0 0 0 0 0 0 0 0 0 0 0 0 0 0 0 0.0625 0.0625 0.25 0.25 0.25 0.25 0.25 0.0625 0.0625 0.0625 0 0 0.0625 0.0625 0.0625 0 0 0 0 0 0 0 0 0 0 0 0 0 0 0 0 0 0 0 0 0 0 0 0 0 0 0 0 0 0 0 0 0 0 0 0 0 0.1875 0.1875 0.1875 0.1875 0.1875 0.1875 0.1875 0.1875 0.125 0.125 0.0625 0.0625 0.0625 0.375 0.375 1 1 1 1.625 1.625 3.5 3.5 3.5 5.125 5.125 6.125 6.125 6.125 6.1875 6.1875 5.125 5.125 5.125 4.25 4.25 2.5 2.5 2.5 0.5 0.5 0.0625 0.0625 0.0625 0 0 0.0625 0.0625 0.0625 0 0 0 0 0 0 0 0 0 0 0.6875 0.6875 2.875 2.875
 0 0 0 0 0 0 0 0 0 0 0 0 0 0 0 0 0 0 0 0 0 0 0 0 0 0 0 0 0 0 0 0 0 0 0 0 0 0 0 0 0 0 0 0 0 0 0 0 0 0 0 0 0 0 0 0.0625 0.0625 0.25 0.25 0.25 0.25 0.25 0.0625 0.0625 0.0625 0 0 0.0625 0.0625 0.0625 0 0 0 0 0 0 0 0 0 0 0 0 0 0 0 0 0 0 0 0 0 0 0 0 0 0 0 0 0 0 0 0 0 0 0 0 0 0.1875 0.1875 0.1875 0.1875 0.1875 0.1875 0.1875 0.1875 0.125 0.125 0.0625 0.0625 0.0625 0.375 0.375 1 1 1 1.625 1.625 3.5 3.5 3.5 5.125 5.125 6.125 6.125 6.125 6.1875 6.1875 5.125 5.125 5.125 4.25 4.25 2.5 2.5 2.5 0.5 0.5 0.0625 0.0625 0.0625 0 0 0.0625 0.0625 0.0625 0 0 0 0 0 0 0 0 0 0 0.6875 0.6875 2.875 2.875
 0 0 0 0 0 0 0 0 0 0 0 0 0 0 0 0 0 0 0 0 0 0 0 0 0 0 0 0 0 0 0 0 0 0 0 0 0 0 0 0 0 0 0 0 0 0 0 0 0 0 0 0 0 0 0 0.0625 0.0625 0.25 0.25 0.25 0.25 0.25 0.0625 0.0625 0.0625 0 0 0.0625 0.0625 0.0625 0 0 0 0 0 0 0 0 0 0 0 0 0 0 0 0 0 0 0 0 0 0 0 0 0 0 0 0 0 0 0 0 0 0 0 0 0 0.1875 0.1875 0.1875 0.1875 0.1875 0.1875 0.1875 0.1875 0.125 0.125 0.0625 0.0625 0.0625 0.375 0.375 1 1 1 1.625 1.625 3.5 3.5 3.5 5.125 5.125 6.125 6.125 6.125 6.1875 6.1875 5.125 5.125 5.125 4.25 4.25 2.5 2.5 2.5 0.5 0.5 0.0625 0.0625 0.0625 0 0 0.0625 0.0625 0.0625 0 0 0 0 0 0 0 0 0 0 0.6875 0.6875 2.875 2.875
 0 0 0 0 0 0 0 0 0 0 0 0 0 0 0 0 0 0 0 0 0 0 0 0 0 0 0 0 0 0 0 0 0 0 0 0 0 0 0 0 0 0 0 0 0 0 0 0 0 0 0 0 0.125 0.125 0.125 0.5 0.5 0.6875 0.6875 0.6875 0.375 0.375 0.125 0.125 0.125 0.125 0.125 0.0625 0.0625 0.0625 0 0 0 0 0 0 0 0 0 0 0 0 0 0 0 0 0 0 0 0 0 0 0 0 0 0 0 0 0 0 0 0 0 0 0 0 0 0.125 0.125 0.125 0.125 0.125 0.1875 0.1875 0.1875 0.125 0.125 0.125 0.125 0.125 0.4375 0.4375 1.125 1.125 1.125 2.125 2.125 4.5 4.5 4.5 5.0625 5.0625 4.6875 4.6875 4.6875 4.5625 4.5625 4.5 4.5 4.5 4.3125 4.3125 2 2 2 0.375 0.375 0.0625 0.0625 0.0625 0.125 0.125 0.3125 0.3125 0.3125 0.0625 0.0625 0 0 0 0 0 0 0 0 0 0 0.0625 0.0625
 0 0 0 0 0 0 0 0 0 0 0 0 0 0 0 0 0 0 0 0 0 0 0 0 0 0 0 0 0 0 0 0 0 0 0 0 0 0 0 0 0 0 0 0 0 0 0 0 0 0 0 0 0.125 0.125 0.125 0.5 0.5 0.6875 0.6875 0.6875 0.375 0.375 0.125 0.125 0.125 0.125 0.125 0.0625 0.0625 0.0625 0 0 0 0 0 0 0 0 0 0 0 0 0 0 0 0 0 0 0 0 0 0 0 0 0 0 0 0 0 0 0 0 0 0 0 0 0 0.125 0.125 0.125 0.125 0.125 0.1875 0.1875 0.1875 0.125 0.125 0.125 0.125 0.125 0.4375 0.4375 1.125 1.125 1.125 2.125 2.125 4.5 4.5 4.5 5.0625 5.0625 4.6875 4.6875 4.6875 4.5625 4.5625 4.5 4.5 4.5 4.3125 4.3125 2 2 2 0.375 0.375 0.0625 0.0625 0.0625 0.125 0.125 0.3125 0.3125 0.3125 0.0625 0.0625 0 0 0 0 0 0 0 0 0 0 0.0625 0.0625
 0 0 0 0 0 0 0 0 0 0 0 0 0 0 0 0 0 0 0 0 0 0 0 0 0 0 0 0 0 0 0 0 0 0 0 0 0 0 0 0 0 0 0 0 0 0 0 0 0 0 0 0 0.4375 0.4375 0.4375 1.0625 1.0625 0.875 0.875 0.875 0.4375 0.4375 0.1875 0.1875 0.1875 0.125 0.125 0.0625 0.0625 0.0625 0 0 0.0625 0.0625 0.0625 0.0625 0.0625 0.0625 0.0625 0.0625 0 0 0 0 0 0 0 0 0 0 0 0 0 0 0 0 0 0 0 0 0 0 0 0 0 0 0 0 0 0 0.125 0.125 0.125 0.125 0.125 0.125 0.125 0.3125 0.3125 0.3125 0.75 0.75 1.4375 1.4375 1.4375 2.6875 2.6875 4.4375 4.4375 4.4375 4.0625 4.0625 3.625 3.625 3.625 4.125 4.125 4.75 4.75 4.75 3.75 3.75 0.9375 0.9375 0.9375 0.1875 0.1875 0.25 0.25 0.25 0.25 0.25 0.5 0.5 0.5 0.375 0.375 0.0625 0.0625 0.0625 0 0 0 0 0 0 0 0 0
 0 0 0 0 0 0 0 0 0 0 0 0 0 0 0 0 0 0 0 0 0 0 0 0 0 0 0 0 0 0 0 0 0 0 0 0 0 0 0 0 0 0 0 0 0 0 0 0 0 0 0 0 0.4375 0.4375 0.4375 1.0625 1.0625 0.875 0.875 0.875 0.4375 0.4375 0.1875 0.1875 0.1875 0.125 0.125 0.0625 0.0625 0.0625 0 0 0.0625 0.0625 0.0625 0.0625 0.0625 0.0625 0.0625 0.0625 0 0 0 0 0 0 0 0 0 0 0 0 0 0 0 0 0 0 0 0 0 0 0 0 0 0 0 0 0 0 0.125 0.125 0.125 0.125 0.125 0.125 0.125 0.3125 0.3125 0.3125 0.75 0.75 1.4375 1.4375 1.4375 2.6875 2.6875 4.4375 4.4375 4.4375 4.0625 4.0625 3.625 3.625 3.625 4.125 4.125 4.75 4.75 4.75 3.75 3.75 0.9375 0.9375 0.9375 0.1875 0.1875 0.25 0.25 0.25 0.25 0.25 0.5 0.5 0.5 0.375 0.375 0.0625 0.0625 0.0625 0 0 0 0 0 0 0 0 0
 0 0 0 0 0 0 0 0 0 0 0 0 0 0 0 0 0 0 0 0 0 0 0 0 0 0 0 0 0 0 0 0 0 0 0 0 0 0 0 0 0 0 0 0 0 0 0 0 0 0 0 0 0.4375 0.4375 0.4375 1.0625 1.0625 0.875 0.875 0.875 0.4375 0.4375 0.1875 0.1875 0.1875 0.125 0.125 0.0625 0.0625 0.0625 0 0 0.0625 0.0625 0.0625 0.0625 0.0625 0.0625 0.0625 0.0625 0 0 0 0 0 0 0 0 0 0 0 0 0 0 0 0 0 0 0 0 0 0 0 0 0 0 0 0 0 0 0.125 0.125 0.125 0.125 0.125 0.125 0.125 0.3125 0.3125 0.3125 0.75 0.75 1.4375 1.4375 1.4375 2.6875 2.6875 4.4375 4.4375 4.4375 4.0625 4.0625 3.625 3.625 3.625 4.125 4.125 4.75 4.75 4.75 3.75 3.75 0.9375 0.9375 0.9375 0.1875 0.1875 0.25 0.25 0.25 0.25 0.25 0.5 0.5 0.5 0.375 0.375 0.0625 0.0625 0.0625 0 0 0 0 0 0 0 0 0
 0 0 0 0 0 0 0 0 0 0 0 0 0 0 0 0 0 0 0 0 0 0 0 0 0 0 0 0 0 0 0 0 0 0 0 0 0 0 0 0 0 0 0 0 0 0 0 0 0 0 0 0 0.0625 0.0625 0.0625 0.375 0.375 0.3125 0.3125 0.3125 0.1875 0.1875 0.25 0.25 0.25 0.1875 0.1875 0.0625 0.0625 0.0625 0 0 0 0 0 0 0 0 0 0 0 0 0 0 0 0 0 0 0 0 0 0 0 0 0 0 0 0 0 0 0 0 0 0 0 0 0 0.0625 0.0625 0.0625 0.0625 0.0625 0.0625 0.0625 0.0625 0.1875 0.1875 0.5625 0.5625 0.5625 1.125 1.125 1.875 1.875 1.875 3 3 3.9375 3.9375 3.9375 4 4 3.8125 3.8125 3.8125 4.3125 4.3125 4.6875 4.6875 4.6875 2.5625 2.5625 0.25 0.25 0.25 0.1875 0.1875 0.3125 0.3125 0.3125 0.375 0.375 0.375 0.375 0.375 0.625 0.625 0.25 0.25 0.25 0 0 0 0 0 0 0 0 0
 0 0 0 0 0 0 0 0 0 0 0 0 0 0 0 0 0 0 0 0 0 0 0 0 0 0 0 0 0 0 0 0 0 0 0 0 0 0 0 0 0 0 0 0 0 0 0 0 0 0 0 0 0.0625 0.0625 0.0625 0.375 0.375 0.3125 0.3125 0.3125 0.1875 0.1875 0.25 0.25 0.25 0.1875 0.1875 0.0625 0.0625 0.0625 0 0 0 0 0 0 0 0 0 0 0 0 0 0 0 0 0 0 0 0 0 0 0 0 0 0 0 0 0 0 0 0 0 0 0 0 0 0.0625 0.0625 0.0625 0.0625 0.0625 0.0625 0.0625 0.0625 0.1875 0.1875 0.5625 0.5625 0.5625 1.125 1.125 1.875 1.875 1.875 3 3 3.9375 3.9375 3.9375 4 4 3.8125 3.8125 3.8125 4.3125 4.3125 4.6875 4.6875 4.6875 2.5625 2.5625 0.25 0.25 0.25 0.1875 0.1875 0.3125 0.3125 0.3125 0.375 0.375 0.375 0.375 0.375 0.625 0.625 0.25 0.25 0.25 0 0 0 0 0 0 0 0 0
 0 0 0 0 0 0 0 0 0 0 0 0 0 0 0 0 0 0 0 0 0 0 0 0 0 0 0 0 0 0 0 0 0 0 0 0 0 0 0 0 0 0 0 0 0 0 0 0 0 0 0 0 0 0 0 0.125 0.125 0.375 0.375 0.375 1.0625 1.0625 1.25 1.25 1.25 0.6875 0.6875 0.125 0.125 0.125 0 0 0 0 0 0 0 0 0 0 0 0 0 0 0 0 0 0 0 0 0 0 0 0 0 0 0 0 0 0 0 0 0 0 0 0 0 0.0625 0.0625 0.0625 0.0625 0.0625 0.0625 0.0625 0.0625 0.375 0.375 1 1 1 1.4375 1.4375 2.0625 2.0625 2.0625 3 3 4.375 4.375 4.375 4.875 4.875 4.0625 4.0625 4.0625 4.3125 4.3125 3.625 3.625 3.625 0.875 0.875 0.0625 0.0625 0.0625 0.125 0.125 0.1875 0.1875 0.1875 0.3125 0.3125 0.3125 0.3125 0.3125 0.5 0.5 0.375 0.375 0.375 0.125 0.125 0 0 0 0 0 0 0
 0 0 0 0 0 0 0 0 0 0 0 0 0 0 0 0 0 0 0 0 0 0 0 0 0 0 0 0 0 0 0 0 0 0 0 0 0 0 0 0 0 0 0 0 0 0 0 0 0 0 0 0 0 0 0 0.125 0.125 0.375 0.375 0.375 1.0625 1.0625 1.25 1.25 1.25 0.6875 0.6875 0.125 0.125 0.125 0 0 0 0 0 0 0 0 0 0 0 0 0 0 0 0 0 0 0 0 0 0 0 0 0 0 0 0 0 0 0 0 0 0 0 0 0 0.0625 0.0625 0.0625 0.0625 0.0625 0.0625 0.0625 0.0625 0.375 0.375 1 1 1 1.4375 1.4375 2.0625 2.0625 2.0625 3 3 4.375 4.375 4.375 4.875 4.875 4.0625 4.0625 4.0625 4.3125 4.3125 3.625 3.625 3.625 0.875 0.875 0.0625 0.0625 0.0625 0.125 0.125 0.1875 0.1875 0.1875 0.3125 0.3125 0.3125 0.3125 0.3125 0.5 0.5 0.375 0.375 0.375 0.125 0.125 0 0 0 0 0 0 0
 0 0 0 0 0 0 0 0 0 0 0 0 0 0 0 0 0 0 0 0 0 0 0 0 0 0 0 0 0 0 0 0 0 0 0 0 0 0 0 0 0 0 0 0 0 0 0 0 0 0 0 0 0 0 0 0.125 0.125 0.375 0.375 0.375 1.0625 1.0625 1.25 1.25 1.25 0.6875 0.6875 0.125 0.125 0.125 0 0 0 0 0 0 0 0 0 0 0 0 0 0 0 0 0 0 0 0 0 0 0 0 0 0 0 0 0 0 0 0 0 0 0 0 0 0.0625 0.0625 0.0625 0.0625 0.0625 0.0625 0.0625 0.0625 0.375 0.375 1 1 1 1.4375 1.4375 2.0625 2.0625 2.0625 3 3 4.375 4.375 4.375 4.875 4.875 4.0625 4.0625 4.0625 4.3125 4.3125 3.625 3.625 3.625 0.875 0.875 0.0625 0.0625 0.0625 0.125 0.125 0.1875 0.1875 0.1875 0.3125 0.3125 0.3125 0.3125 0.3125 0.5 0.5 0.375 0.375 0.375 0.125 0.125 0 0 0 0 0 0 0
 0 0 0 0 0 0 0 0 0 0 0 0 0 0 0 0 0 0 0 0 0 0 0 0 0 0 0 0 0 0 0 0 0 0 0 0 0 0 0 0 0 0 0 0 0 0 0 0 0 0 0 0 0.0625 0.0625 0.0625 0.0625 0.0625 0.0625 0.0625 0.0625 0.4375 0.4375 0.9375 0.9375 0.9375 0.625 0.625 0.125 0.125 0.125 0 0 0 0 0 0 0 0 0 0 0 0 0 0 0 0 0 0 0 0 0 0 0 0 0 0 0 0 0 0 0 0 0 0 0 0 0 0.0625 0.0625 0.0625 0.0625 0.0625 0.1875 0.1875 0.1875 0.6875 0.6875 1.3125 1.3125 1.3125 1.6875 1.6875 2.1875 2.1875 2.1875 3.5625 3.5625 5.625 5.625 5.625 5.25 5.25 4.25 4.25 4.25 4.5 4.5 2.375 2.375 2.375 0.125 0.125 0 0 0 0.0625 0.0625 0.0625 0.0625 0.0625 0.25 0.25 0.1875 0.1875 0.1875 0.1875 0.1875 0.25 0.25 0.25 0.125 0.125 0 0 0 0 0 0 0
 0 0 0 0 0 0 0 0 0 0 0 0 0 0 0 0 0 0 0 0 0 0 0 0 0 0 0 0 0 0 0 0 0 0 0 0 0 0 0 0 0 0 0 0 0 0 0 0 0 0 0 0 0.0625 0.0625 0.0625 0.0625 0.0625 0.0625 0.0625 0.0625 0.4375 0.4375 0.9375 0.9375 0.9375 0.625 0.625 0.125 0.125 0.125 0 0 0 0 0 0 0 0 0 0 0 0 0 0 0 0 0 0 0 0 0 0 0 0 0 0 0 0 0 0 0 0 0 0 0 0 0 0.0625 0.0625 0.0625 0.0625 0.0625 0.1875 0.1875 0.1875 0.6875 0.6875 1.3125 1.3125 1.3125 1.6875 1.6875 2.1875 2.1875 2.1875 3.5625 3.5625 5.625 5.625 5.625 5.25 5.25 4.25 4.25 4.25 4.5 4.5 2.375 2.375 2.375 0.125 0.125 0 0 0 0.0625 0.0625 0.0625 0.0625 0.0625 0.25 0.25 0.1875 0.1875 0.1875 0.1875 0.1875 0.25 0.25 0.25 0.125 0.125 0 0 0 0 0 0 0
 0 0 0 0 0 0 0 0 0 0 0 0 0 0 0 0 0 0 0 0 0 0 0 0 0 0 0 0 0 0 0 0 0 0 0 0 0 0 0 0 0 0 0 0 0 0 0 0 0 0 0 0 0.0625 0.0625 0.0625 0 0 0.0625 0.0625 0.0625 0.125 0.125 0.1875 0.1875 0.1875 0.0625 0.0625 0 0 0 0 0 0 0 0 0 0 0 0 0 0 0 0 0 0 0 0 0 0 0 0 0 0 0 0 0 0 0 0 0 0 0 0 0 0 0 0 0.0625 0.0625 0.0625 0.125 0.125 0.375 0.375 0.375 0.9375 0.9375 1.625 1.625 1.625 1.9375 1.9375 2.5625 2.5625 2.5625 4.125 4.125 4.875 4.875 4.875 3.75 3.75 4.3125 4.3125 4.3125 3.375 3.375 1.875 1.875 1.875 0.125 0.125 0 0 0 0.0625 0.0625 0.1875 0.1875 0.1875 0.25 0.25 0.1875 0.1875 0.1875 0.0625 0.0625 0.0625 0.0625 0.0625 0.0625 0.0625 0 0 0 0 0 0 0
 0 0 0 0 0 0 0 0 0 0 0 0 0 0 0 0 0 0 0 0 0 0 0 0 0 0 0 0 0 0 0 0 0 0 0 0 0 0 0 0 0 0 0 0 0 0 0 0 0 0 0 0 0.0625 0.0625 0.0625 0 0 0.0625 0.0625 0.0625 0.125 0.125 0.1875 0.1875 0.1875 0.0625 0.0625 0 0 0 0 0 0 0 0 0 0 0 0 0 0 0 0 0 0 0 0 0 0 0 0 0 0 0 0 0 0 0 0 0 0 0 0 0 0 0 0 0.0625 0.0625 0.0625 0.125 0.125 0.375 0.375 0.375 0.9375 0.9375 1.625 1.625 1.625 1.9375 1.9375 2.5625 2.5625 2.5625 4.125 4.125 4.875 4.875 4.875 3.75 3.75 4.3125 4.3125 4.3125 3.375 3.375 1.875 1.875 1.875 0.125 0.125 0 0 0 0.0625 0.0625 0.1875 0.1875 0.1875 0.25 0.25 0.1875 0.1875 0.1875 0.0625 0.0625 0.0625 0.0625 0.0625 0.0625 0.0625 0 0 0 0 0 0 0
 0 0 0 0 0 0 0 0 0 0 0 0 0 0 0 0 0 0 0 0 0 0 0 0 0 0 0 0 0 0 0 0 0 0 0 0 0 0 0 0 0 0 0 0 0 0 0 0 0 0 0 0 0.0625 0.0625 0.0625 0 0 0.0625 0.0625 0.0625 0.125 0.125 0.1875 0.1875 0.1875 0.0625 0.0625 0 0 0 0 0 0 0 0 0 0 0 0 0 0 0 0 0 0 0 0 0 0 0 0 0 0 0 0 0 0 0 0 0 0 0 0 0 0 0 0 0.0625 0.0625 0.0625 0.125 0.125 0.375 0.375 0.375 0.9375 0.9375 1.625 1.625 1.625 1.9375 1.9375 2.5625 2.5625 2.5625 4.125 4.125 4.875 4.875 4.875 3.75 3.75 4.3125 4.3125 4.3125 3.375 3.375 1.875 1.875 1.875 0.125 0.125 0 0 0 0.0625 0.0625 0.1875 0.1875 0.1875 0.25 0.25 0.1875 0.1875 0.1875 0.0625 0.0625 0.0625 0.0625 0.0625 0.0625 0.0625 0 0 0 0 0 0 0
 0 0 0 0 0 0 0 0 0 0 0 0 0 0 0 0 0 0 0 0 0 0 0 0 0 0 0 0 0 0 0 0 0 0 0 0 0 0 0 0 0 0 0 0 0 0 0 0 0 0 0 0 0 0 0 0 0 0.1875 0.1875 0.1875 0.1875 0.1875 0 0 0 0 0 0 0 0 0 0 0 0 0 0 0 0 0 0 0 0 0 0 0 0 0 0 0 0 0 0 0 0 0 0 0 0 0 0 0 0 0 0 0 0.0625 0.0625 0.25 0.25 0.25 0.25 0.25 0.5 0.5 0.5 1 1 1.8125 1.8125 1.8125 2.4375 2.4375 3.75 3.75 3.75 4.625 4.625 3.25 3.25 3.25 2.25 2.25 2.5 2.5 2.5 3.6875 3.6875 1.8125 1.8125 1.8125 0.125 0.125 0 0 0 0.0625 0.0625 0.3125 0.3125 0.3125 0.3125 0.3125 0.125 0.125 0.125 0 0 0 0 0 0.0625 0.0625 0.0625 0.0625 0.0625 0 0 0 0
 0 0 0 0 0 0 0 0 0 0 0 0 0 0 0 0 0 0 0 0 0 0 0 0 0 0 0 0 0 0 0 0 0 0 0 0 0 0 0 0 0 0 0 0 0 0 0 0 0 0 0 0 0 0 0 0 0 0.1875 0.1875 0.1875 0.1875 0.1875 0 0 0 0 0 0 0 0 0 0 0 0 0 0 0 0 0 0 0 0 0 0 0 0 0 0 0 0 0 0 0 0 0 0 0 0 0 0 0 0 0 0 0 0.0625 0.0625 0.25 0.25 0.25 0.25 0.25 0.5 0.5 0.5 1 1 1.8125 1.8125 1.8125 2.4375 2.4375 3.75 3.75 3.75 4.625 4.625 3.25 3.25 3.25 2.25 2.25 2.5 2.5 2.5 3.6875 3.6875 1.8125 1.8125 1.8125 0.125 0.125 0 0 0 0.0625 0.0625 0.3125 0.3125 0.3125 0.3125 0.3125 0.125 0.125 0.125 0 0 0 0 0 0.0625 0.0625 0.0625 0.0625 0.0625 0 0 0 0
 0 0 0 0 0 0 0 0 0 0 0 0 0 0 0 0 0 0 0 0 0 0 0 0 0 0 0 0 0 0 0 0 0 0 0 0 0 0 0 0 0 0 0 0 0 0 0 0 0 0 0 0 0 0 0 0.0625 0.0625 0.3125 0.3125 0.3125 0.1875 0.1875 0 0 0 0 0 0 0 0 0 0 0 0 0 0 0 0 0 0 0 0 0 0 0 0 0 0 0 0 0 0 0 0 0 0 0 0 0 0 0 0 0 0 0 0.3125 0.3125 0.6875 0.6875 0.6875 0.375 0.375 0.5625 0.5625 0.5625 1.125 1.125 1.9375 1.9375 1.9375 3.75 3.75 5.125 5.125 5.125 4.625 4.625 3 3 3 1.5625 1.5625 4.1875 4.1875 4.1875 4.4375 4.4375 0.625 0.625 0.625 0.0625 0.0625 0 0 0 0.1875 0.1875 0.375 0.375 0.375 0.1875 0.1875 0 0 0 0 0 0 0 0 0 0 0.0625 0.0625 0.0625 0.0625 0.0625 0 0
 0 0 0 0 0 0 0 0 0 0 0 0 0 0 0 0 0 0 0 0 0 0 0 0 0 0 0 0 0 0 0 0 0 0 0 0 0 0 0 0 0 0 0 0 0 0 0 0 0 0 0 0 0 0 0 0.0625 0.0625 0.3125 0.3125 0.3125 0.1875 0.1875 0 0 0 0 0 0 0 0 0 0 0 0 0 0 0 0 0 0 0 0 0 0 0 0 0 0 0 0 0 0 0 0 0 0 0 0 0 0 0 0 0 0 0 0.3125 0.3125 0.6875 0.6875 0.6875 0.375 0.375 0.5625 0.5625 0.5625 1.125 1.125 1.9375 1.9375 1.9375 3.75 3.75 5.125 5.125 5.125 4.625 4.625 3 3 3 1.5625 1.5625 4.1875 4.1875 4.1875 4.4375 4.4375 0.625 0.625 0.625 0.0625 0.0625 0 0 0 0.1875 0.1875 0.375 0.375 0.375 0.1875 0.1875 0 0 0 0 0 0 0 0 0 0 0.0625 0.0625 0.0625 0.0625 0.0625 0 0
 0 0 0 0 0 0 0 0 0 0 0 0 0 0 0 0 0 0 0 0 0 0 0 0 0 0 0 0 0 0 0 0 0 0 0 0 0 0 0 0 0 0 0 0 0 0 0 0 0 0 0 0 0 0 0 0.0625 0.0625 0.3125 0.3125 0.3125 0.1875 0.1875 0 0 0 0 0 0 0 0 0 0 0 0 0 0 0 0 0 0 0 0 0 0 0 0 0 0 0 0 0 0 0 0 0 0 0 0 0 0 0 0 0 0 0 0.3125 0.3125 0.6875 0.6875 0.6875 0.375 0.375 0.5625 0.5625 0.5625 1.125 1.125 1.9375 1.9375 1.9375 3.75 3.75 5.125 5.125 5.125 4.625 4.625 3 3 3 1.5625 1.5625 4.1875 4.1875 4.1875 4.4375 4.4375 0.625 0.625 0.625 0.0625 0.0625 0 0 0 0.1875 0.1875 0.375 0.375 0.375 0.1875 0.1875 0 0 0 0 0 0 0 0 0 0 0.0625 0.0625 0.0625 0.0625 0.0625 0 0
 0 0 0 0 0 0 0 0 0 0 0 0 0 0 0 0 0 0 0 0 0 0 0 0 0 0 0 0 0 0 0 0 0 0 0 0 0 0 0 0 0 0 0 0 0 0 0 0 0 0 0 0 0 0 0 0.125 0.125 0.25 0.25 0.25 0.0625 0.0625 0 0 0 0 0 0 0 0 0 0 0 0 0 0 0 0 0 0 0 0 0 0 0 0 0 0 0 0 0 0 0 0 0 0 0 0 0 0 0 0 0.125 0.125 0.125 0.75 0.75 0.5 0.5 0.5 0.375 0.375 1 1 1 1.6875 1.6875 3.375 3.375 3.375 5.25 5.25 4.6875 4.6875 4.6875 4.3125 4.3125 1.9375 1.9375 1.9375 3.375 3.375 6.3125 6.3125 6.3125 2 2 0.0625 0.0625 0.0625 0 0 0.125 0.125 0.125 0.5625 0.5625 0.4375 0.4375 0.4375 0.0625 0.0625 0 0 0 0 0 0 0 0 0 0 0 0 0 0 0 0 0
 0 0 0 0 0 0 0 0 0 0 0 0 0 0 0 0 0 0 0 0 0 0 0 0 0 0 0 0 0 0 0 0 0 0 0 0 0 0 0 0 0 0 0 0 0 0 0 0 0 0 0 0 0 0 0 0.125 0.125 0.25 0.25 0.25 0.0625 0.0625 0 0 0 0 0 0 0 0 0 0 0 0 0 0 0 0 0 0 0 0 0 0 0 0 0 0 0 0 0 0 0 0 0 0 0 0 0 0 0 0 0.125 0.125 0.125 0.75 0.75 0.5 0.5 0.5 0.375 0.375 1 1 1 1.6875 1.6875 3.375 3.375 3.375 5.25 5.25 4.6875 4.6875 4.6875 4.3125 4.3125 1.9375 1.9375 1.9375 3.375 3.375 6.3125 6.3125 6.3125 2 2 0.0625 0.0625 0.0625 0 0 0.125 0.125 0.125 0.5625 0.5625 0.4375 0.4375 0.4375 0.0625 0.0625 0 0 0 0 0 0 0 0 0 0 0 0 0 0 0 0 0
 0 0 0 0 0 0 0 0 0 0 0 0 0 0 0 0 0 0 0 0 0 0 0 0 0 0 0 0 0 0 0 0 0 0 0 0 0 0 0 0 0 0 0 0 0 0 0 0 0 0 0 0 0.0625 0.0625 0.0625 0.125 0.125 0.1875 0.1875 0.1875 0 0 0 0 0 0 0 0 0 0 0 0 0 0 0 0 0 0 0 0 0 0 0 0 0 0 0 0 0 0 0 0 0 0 0 0 0 0 0 0 0.0625 0.0625 0.3125 0.3125 0.3125 0.375 0.375 0.3125 0.3125 0.3125 0.9375 0.9375 1.75 1.75 1.75 3 3 5.125 5.125 5.125 4.625 4.625 4.25 4.25 4.25 2.875 2.875 2.25 2.25 2.25 7.1875 7.1875 4.0625 4.0625 4.0625 0.25 0.25 0 0 0 0 0 0.4375 0.4375 0.4375 0.9375 0.9375 0.25 0.25 0.25 0.0625 0.0625 0 0 0 0 0 0.0625 0.0625 0.0625 0 0 0 0 0 0 0 0 0
 0 0 0 0 0 0 0 0 0 0 0 0 0 0 0 0 0 0 0 0 0 0 0 0 0 0 0 0 0 0 0 0 0 0 0 0 0 0 0 0 0 0 0 0 0 0 0 0 0 0 0 0 0.0625 0.0625 0.0625 0.125 0.125 0.1875 0.1875 0.1875 0 0 0 0 0 0 0 0 0 0 0 0 0 0 0 0 0 0 0 0 0 0 0 0 0 0 0 0 0 0 0 0 0 0 0 0 0 0 0 0 0.0625 0.0625 0.3125 0.3125 0.3125 0.375 0.375 0.3125 0.3125 0.3125 0.9375 0.9375 1.75 1.75 1.75 3 3 5.125 5.125 5.125 4.625 4.625 4.25 4.25 4.25 2.875 2.875 2.25 2.25 2.25 7.1875 7.1875 4.0625 4.0625 4.0625 0.25 0.25 0 0 0 0 0 0.4375 0.4375 0.4375 0.9375 0.9375 0.25 0.25 0.25 0.0625 0.0625 0 0 0 0 0 0.0625 0.0625 0.0625 0 0 0 0 0 0 0 0 0
 0 0 0 0 0 0 0 0 0 0 0 0 0 0 0 0 0 0 0 0 0 0 0 0 0 0 0 0 0 0 0 0 0 0 0 0 0 0 0 0 0 0 0 0 0 0 0 0 0 0 0 0 0.0625 0.0625 0.0625 0.125 0.125 0.1875 0.1875 0.1875 0 0 0 0 0 0 0 0 0 0 0 0 0 0 0 0 0 0 0 0 0 0 0 0 0 0 0 0 0 0 0 0 0 0 0 0 0 0 0 0 0.0625 0.0625 0.3125 0.3125 0.3125 0.375 0.375 0.3125 0.3125 0.3125 0.9375 0.9375 1.75 1.75 1.75 3 3 5.125 5.125 5.125 4.625 4.625 4.25 4.25 4.25 2.875 2.875 2.25 2.25 2.25 7.1875 7.1875 4.0625 4.0625 4.0625 0.25 0.25 0 0 0 0 0 0.4375 0.4375 0.4375 0.9375 0.9375 0.25 0.25 0.25 0.0625 0.0625 0 0 0 0 0 0.0625 0.0625 0.0625 0 0 0 0 0 0 0 0 0
 0 0 0 0 0 0 0 0 0 0 0 0 0 0 0 0 0 0 0 0 0 0 0 0 0 0 0 0 0 0 0 0 0 0 0 0 0 0 0 0 0 0 0 0 0 0 0 0 0 0 0 0 0 0 0 0.125 0.125 0.125 0.125 0.125 0 0 0 0 0 0 0 0 0 0 0 0 0 0 0 0 0 0 0 0 0 0 0 0 0 0 0 0 0 0 0 0 0 0 0 0 0 0 0 0 0.125 0.125 0.1875 0.1875 0.1875 0.25 0.25 0.875 0.875 0.875 2 2 2.8125 2.8125 2.8125 4.5 4.5 5 5 5 4.75 4.75 3.9375 3.9375 3.9375 1.8125 1.8125 5.625 5.625 5.625 6.3125 6.3125 0.875 0.875 0.875 0 0 0 0 0 0 0 0.3125 0.3125 0.3125 0.3125 0.3125 0.0625 0.0625 0.0625 0 0 0 0 0 0.0625 0.0625 0.0625 0.0625 0.0625 0.0625 0.0625 0.0625 0.0625 0.0625 0 0 0 0
 0 0 0 0 0 0 0 0 0 0 0 0 0 0 0 0 0 0 0 0 0 0 0 0 0 0 0 0 0 0 0 0 0 0 0 0 0 0 0 0 0 0 0 0 0 0 0 0 0 0 0 0 0 0 0 0.125 0.125 0.125 0.125 0.125 0 0 0 0 0 0 0 0 0 0 0 0 0 0 0 0 0 0 0 0 0 0 0 0 0 0 0 0 0 0 0 0 0 0 0 0 0 0 0 0 0.125 0.125 0.1875 0.1875 0.1875 0.25 0.25 0.875 0.875 0.875 2 2 2.8125 2.8125 2.8125 4.5 4.5 5 5 5 4.75 4.75 3.9375 3.9375 3.9375 1.8125 1.8125 5.625 5.625 5.625 6.3125 6.3125 0.875 0.875 0.875 0 0 0 0 0 0 0 0.3125 0.3125 0.3125 0.3125 0.3125 0.0625 0.0625 0.0625 0 0 0 0 0 0.0625 0.0625 0.0625 0.0625 0.0625 0.0625 0.0625 0.0625 0.0625 0.0625 0 0 0 0
 0 0 0 0 0 0 0 0 0 0 0 0 0 0 0 0 0 0 0 0 0 0 0 0 0 0 0 0 0 0 0 0 0 0 0 0 0 0 0 0 0 0 0 0 0 0 0 0 0 0 0 0 0 0 0 0.125 0.125 0 0 0 0 0 0 0 0 0 0 0 0 0 0 0 0 0 0 0 0 0 0 0 0 0 0 0 0 0 0 0 0 0 0 0 0 0 0 0 0 0 0 0 0.0625 0.0625 0.25 0.25 0.25 0.8125 0.8125 1.875 1.875 1.875 3.0625 3.0625 4.125 4.125 4.125 4.8125 4.8125 4.875 4.875 4.875 4.75 4.75 2.1875 2.1875 2.1875 3.5 3.5 7.4375 7.4375 7.4375 2.0625 2.0625 0.0625 0.0625 0.0625 0 0 0 0 0 0.125 0.125 0.0625 0.0625 0.0625 0 0 0.0625 0.0625 0.0625 0.0625 0.0625 0.0625 0.0625 0.0625 0.0625 0.0625 0.125 0.125 0.125 0.1875 0.1875 0.0625 0.0625 0.0625 0 0 0 0
 0 0 0 0 0 0 0 0 0 0 0 0 0 0 0 0 0 0 0 0 0 0 0 0 0 0 0 0 0 0 0 0 0 0 0 0 0 0 0 0 0 0 0 0 0 0 0 0 0 0 0 0 0 0 0 0.125 0.125 0 0 0 0 0 0 0 0 0 0 0 0 0 0 0 0 0 0 0 0 0 0 0 0 0 0 0 0 0 0 0 0 0 0 0 0 0 0 0 0 0 0 0 0.0625 0.0625 0.25 0.25 0.25 0.8125 0.8125 1.875 1.875 1.875 3.0625 3.0625 4.125 4.125 4.125 4.8125 4.8125 4.875 4.875 4.875 4.75 4.75 2.1875 2.1875 2.1875 3.5 3.5 7.4375 7.4375 7.4375 2.0625 2.0625 0.0625 0.0625 0.0625 0 0 0 0 0 0.125 0.125 0.0625 0.0625 0.0625 0 0 0.0625 0.0625 0.0625 0.0625 0.0625 0.0625 0.0625 0.0625 0.0625 0.0625 0.125 0.125 0.125 0.1875 0.1875 0.0625 0.0625 0.0625 0 0 0 0
 0 0 0 0 0 0 0 0 0 0 0 0 0 0 0 0 0 0 0 0 0 0 0 0 0 0 0 0 0 0 0 0 0 0 0 0 0 0 0 0 0 0 0 0 0 0 0 0 0 0 0 0 0 0 0 0.125 0.125 0 0 0 0 0 0 0 0 0 0 0 0 0 0 0 0 0 0 0 0 0 0 0 0 0 0 0 0 0 0 0 0 0 0 0 0 0 0 0 0 0 0 0 0.0625 0.0625 0.25 0.25 0.25 0.8125 0.8125 1.875 1.875 1.875 3.0625 3.0625 4.125 4.125 4.125 4.8125 4.8125 4.875 4.875 4.875 4.75 4.75 2.1875 2.1875 2.1875 3.5 3.5 7.4375 7.4375 7.4375 2.0625 2.0625 0.0625 0.0625 0.0625 0 0 0 0 0 0.125 0.125 0.0625 0.0625 0.0625 0 0 0.0625 0.0625 0.0625 0.0625 0.0625 0.0625 0.0625 0.0625 0.0625 0.0625 0.125 0.125 0.125 0.1875 0.1875 0.0625 0.0625 0.0625 0 0 0 0
 0 0 0 0 0 0 0 0 0 0 0 0 0 0 0 0 0 0 0 0 0 0 0 0 0 0 0 0 0 0 0 0 0 0 0 0 0 0 0 0 0.125 0.125 0.0625 0.0625 0.0625 0 0 0 0 0 0 0 0 0 0 0.0625 0.0625 0 0 0 0 0 0 0 0 0 0 0 0 0 0 0 0 0 0 0 0 0 0 0 0 0 0 0 0 0 0 0 0 0 0 0 0 0 0 0 0 0 0 0 0.125 0.125 0.625 0.625 0.625 1.5 1.5 3.0625 3.0625 3.0625 4.4375 4.4375 5 5 5 5.0625 5.0625 5.25 5.25 5.25 3.25 3.25 2.3125 2.3125 2.3125 7 7 3.8125 3.8125 3.8125 0.25 0.25 0 0 0 0 0 0 0 0 0.0625 0.0625 0 0 0 0.0625 0.0625 0.125 0.125 0.125 0.125 0.125 0.1875 0.1875 0.1875 0.25 0.25 0.3125 0.3125 0.3125 0.25 0.25 0.1875 0.1875 0.1875 0.0625 0.0625 0 0
 0 0 0 0 0 0 0 0 0 0 0 0 0 0 0 0 0 0 0 0 0 0 0 0 0 0 0 0 0 0 0 0 0 0 0 0 0 0 0 0 0.125 0.125 0.0625 0.0625 0.0625 0 0 0 0 0 0 0 0 0 0 0.0625 0.0625 0 0 0 0 0 0 0 0 0 0 0 0 0 0 0 0 0 0 0 0 0 0 0 0 0 0 0 0 0 0 0 0 0 0 0 0 0 0 0 0 0 0 0 0.125 0.125 0.625 0.625 0.625 1.5 1.5 3.0625 3.0625 3.0625 4.4375 4.4375 5 5 5 5.0625 5.0625 5.25 5.25 5.25 3.25 3.25 2.3125 2.3125 2.3125 7 7 3.8125 3.8125 3.8125 0.25 0.25 0 0 0 0 0 0 0 0 0.0625 0.0625 0 0 0 0.0625 0.0625 0.125 0.125 0.125 0.125 0.125 0.1875 0.1875 0.1875 0.25 0.25 0.3125 0.3125 0.3125 0.25 0.25 0.1875 0.1875 0.1875 0.0625 0.0625 0 0
 0 0 0 0 0 0 0 0 0 0 0 0 0 0 0 0 0 0 0 0 0 0 0 0 0 0 0 0 0 0 0 0 0.0625 0.0625 0.0625 0 0 0 0 0 0.0625 0.0625 0.125 0.125 0.125 0.25 0.25 0.125 0.125 0.125 0.0625 0.0625 0 0 0 0 0 0 0 0 0 0 0 0 0 0 0 0 0 0 0 0 0 0 0 0 0 0 0 0 0 0 0 0 0 0 0 0 0 0 0 0 0 0 0 0 0 0.125 0.125 0.125 0.4375 0.4375 1.25 1.25 1.25 3.0625 3.0625 5.0625 5.0625 5.0625 5.875 5.875 5.5625 5.5625 5.5625 4.6875 4.6875 3.5625 3.5625 3.5625 1.5 1.5 5.125 5.125 5.125 5.25 5.25 0.75 0.75 0.75 0 0 0 0 0 0 0 0 0 0 0 0 0.0625 0.0625 0.0625 0.25 0.25 0.125 0.125 0.125 0.25 0.25 0.625 0.625 0.625 0.375 0.375 0.1875 0.1875 0.1875 0.4375 0.4375 0.4375 0.4375 0.4375 0.1875 0.1875 0.0625 0.0625
 0 0 0 0 0 0 0 0 0 0 0 0 0 0 0 0 0 0 0 0 0 0 0 0 0 0 0 0 0 0 0 0 0.0625 0.0625 0.0625 0 0 0 0 0 0.0625 0.0625 0.125 0.125 0.125 0.25 0.25 0.125 0.125 0.125 0.0625 0.0625 0 0 0 0 0 0 0 0 0 0 0 0 0 0 0 0 0 0 0 0 0 0 0 0 0 0 0 0 0 0 0 0 0 0 0 0 0 0 0 0 0 0 0 0 0 0.125 0.125 0.125 0.4375 0.4375 1.25 1.25 1.25 3.0625 3.0625 5.0625 5.0625 5.0625 5.875 5.875 5.5625 5.5625 5.5625 4.6875 4.6875 3.5625 3.5625 3.5625 1.5 1.5 5.125 5.125 5.125 5.25 5.25 0.75 0.75 0.75 0 0 0 0 0 0 0 0 0 0 0 0 0.0625 0.0625 0.0625 0.25 0.25 0.125 0.125 0.125 0.25 0.25 0.625 0.625 0.625 0.375 0.375 0.1875 0.1875 0.1875 0.4375 0.4375 0.4375 0.4375 0.4375 0.1875 0.1875 0.0625 0.0625
 0 0 0 0 0 0 0 0 0 0 0 0 0 0 0 0 0 0 0 0 0 0 0 0 0 0 0 0 0 0 0 0 0.0625 0.0625 0.0625 0 0 0 0 0 0.0625 0.0625 0.125 0.125 0.125 0.25 0.25 0.125 0.125 0.125 0.0625 0.0625 0 0 0 0 0 0 0 0 0 0 0 0 0 0 0 0 0 0 0 0 0 0 0 0 0 0 0 0 0 0 0 0 0 0 0 0 0 0 0 0 0 0 0 0 0 0.125 0.125 0.125 0.4375 0.4375 1.25 1.25 1.25 3.0625 3.0625 5.0625 5.0625 5.0625 5.875 5.875 5.5625 5.5625 5.5625 4.6875 4.6875 3.5625 3.5625 3.5625 1.5 1.5 5.125 5.125 5.125 5.25 5.25 0.75 0.75 0.75 0 0 0 0 0 0 0 0 0 0 0 0 0.0625 0.0625 0.0625 0.25 0.25 0.125 0.125 0.125 0.25 0.25 0.625 0.625 0.625 0.375 0.375 0.1875 0.1875 0.1875 0.4375 0.4375 0.4375 0.4375 0.4375 0.1875 0.1875 0.0625 0.0625
 0 0 0 0 0 0 0 0 0 0 0 0 0 0 0 0 0 0 0 0 0 0 0 0 0 0 0 0 0 0 0 0 0 0 0 0 0 0 0 0 0.0625 0.0625 0.1875 0.1875 0.1875 0.5625 0.5625 0.25 0.25 0.25 0.1875 0.1875 0.125 0.125 0.125 0 0 0 0 0 0 0 0 0 0 0 0 0 0 0 0 0 0 0 0 0 0 0 0 0 0 0 0 0 0 0 0 0 0 0 0 0 0 0 0 0.125 0.125 0.4375 0.4375 0.4375 1.25 1.25 3.1875 3.1875 3.1875 5.9375 5.9375 7.0625 7.0625 7.0625 6 6 4.1875 4.1875 4.1875 3.1875 3.1875 1.375 1.375 1.375 3 3 6.5 6.5 6.5 1.75 1.75 0.0625 0.0625 0.0625 0 0 0 0 0 0 0 0 0 0 0 0 0.0625 0.0625 0.0625 0.0625 0.0625 0.0625 0.0625 0.0625 0.125 0.125 0.25 0.25 0.25 0.1875 0.1875 0.3125 0.3125 0.3125 0.25 0.25 0.3125 0.3125 0.3125 0.25 0.25 0.25 0.25
 0 0 0 0 0 0 0 0 0 0 0 0 0 0 0 0 0 0 0 0 0 0 0 0 0 0 0 0 0 0 0 0 0 0 0 0 0 0 0 0 0.0625 0.0625 0.1875 0.1875 0.1875 0.5625 0.5625 0.25 0.25 0.25 0.1875 0.1875 0.125 0.125 0.125 0 0 0 0 0 0 0 0 0 0 0 0 0 0 0 0 0 0 0 0 0 0 0 0 0 0 0 0 0 0 0 0 0 0 0 0 0 0 0 0 0.125 0.125 0.4375 0.4375 0.4375 1.25 1.25 3.1875 3.1875 3.1875 5.9375 5.9375 7.0625 7.0625 7.0625 6 6 4.1875 4.1875 4.1875 3.1875 3.1875 1.375 1.375 1.375 3 3 6.5 6.5 6.5 1.75 1.75 0.0625 0.0625 0.0625 0 0 0 0 0 0 0 0 0 0 0 0 0.0625 0.0625 0.0625 0.0625 0.0625 0.0625 0.0625 0.0625 0.125 0.125 0.25 0.25 0.25 0.1875 0.1875 0.3125 0.3125 0.3125 0.25 0.25 0.3125 0.3125 0.3125 0.25 0.25 0.25 0.25
 0 0 0 0 0 0 0 0 0 0 0 0 0 0 0 0 0 0 0 0 0 0 0 0 0 0 0 0 0 0 0 0 0 0 0 0 0 0 0 0 0.0625 0.0625 0.25 0.25 0.25 0.375 0.375 0.0625 0.0625 0.0625 0.0625 0.0625 0.125 0.125 0.125 0.125 0.125 0.125 0.125 0.125 0 0 0 0 0 0 0 0 0 0 0 0 0 0 0 0 0 0 0 0 0 0 0 0 0 0 0 0 0 0 0 0 0.0625 0.0625 0.0625 0.3125 0.3125 1.0625 1.0625 1.0625 2.8125 2.8125 5.5 5.5 5.5 7.875 7.875 6.5 6.5 6.5 3.5625 3.5625 2.375 2.375 2.375 1.4375 1.4375 1.25 1.25 1.25 5.375 5.375 3.4375 3.4375 3.4375 0.25 0.25 0 0 0 0 0 0 0 0 0 0 0 0 0 0 0 0 0 0 0 0 0 0 0 0 0 0 0 0 0 0 0.0625 0.0625 0.0625 0 0 0 0 0 0.125 0.125 0.125 0.125
 0 0 0 0 0 0 0 0 0 0 0 0 0 0 0 0 0 0 0 0 0 0 0 0 0 0 0 0 0 0 0 0 0 0 0 0 0 0 0 0 0.0625 0.0625 0.25 0.25 0.25 0.375 0.375 0.0625 0.0625 0.0625 0.0625 0.0625 0.125 0.125 0.125 0.125 0.125 0.125 0.125 0.125 0 0 0 0 0 0 0 0 0 0 0 0 0 0 0 0 0 0 0 0 0 0 0 0 0 0 0 0 0 0 0 0 0.0625 0.0625 0.0625 0.3125 0.3125 1.0625 1.0625 1.0625 2.8125 2.8125 5.5 5.5 5.5 7.875 7.875 6.5 6.5 6.5 3.5625 3.5625 2.375 2.375 2.375 1.4375 1.4375 1.25 1.25 1.25 5.375 5.375 3.4375 3.4375 3.4375 0.25 0.25 0 0 0 0 0 0 0 0 0 0 0 0 0 0 0 0 0 0 0 0 0 0 0 0 0 0 0 0 0 0 0.0625 0.0625 0.0625 0 0 0 0 0 0.125 0.125 0.125 0.125
 0 0 0 0 0 0 0 0 0 0 0 0 0 0 0 0 0 0 0 0 0 0 0 0 0 0 0 0 0 0 0 0 0 0 0 0 0 0 0 0 0.0625 0.0625 0.25 0.25 0.25 0.375 0.375 0.0625 0.0625 0.0625 0.0625 0.0625 0.125 0.125 0.125 0.125 0.125 0.125 0.125 0.125 0 0 0 0 0 0 0 0 0 0 0 0 0 0 0 0 0 0 0 0 0 0 0 0 0 0 0 0 0 0 0 0 0.0625 0.0625 0.0625 0.3125 0.3125 1.0625 1.0625 1.0625 2.8125 2.8125 5.5 5.5 5.5 7.875 7.875 6.5 6.5 6.5 3.5625 3.5625 2.375 2.375 2.375 1.4375 1.4375 1.25 1.25 1.25 5.375 5.375 3.4375 3.4375 3.4375 0.25 0.25 0 0 0 0 0 0 0 0 0 0 0 0 0 0 0 0 0 0 0 0 0 0 0 0 0 0 0 0 0 0 0.0625 0.0625 0.0625 0 0 0 0 0 0.125 0.125 0.125 0.125
 0 0 0 0 0 0 0 0 0 0 0 0 0 0 0 0 0 0 0 0 0 0 0 0 0 0 0 0 0 0 0 0 0 0 0 0 0 0 0 0 0 0 0.0625 0.0625 0.0625 0 0 0 0 0 0 0 0.0625 0.0625 0.0625 0.375 0.375 0.3125 0.3125 0.3125 0.0625 0.0625 0 0 0 0 0 0 0 0 0 0 0 0 0 0 0 0 0 0 0 0 0 0 0 0 0 0 0 0 0 0 0.1875 0.1875 0.1875 0.75 0.75 2.375 2.375 2.375 5.125 5.125 7.9375 7.9375 7.9375 7.25 7.25 3.75 3.75 3.75 2.0625 2.0625 1.3125 1.3125 1.3125 0.625 0.625 3.1875 3.1875 3.1875 4.5 4.5 0.8125 0.8125 0.8125 0 0 0 0 0 0 0 0 0 0 0 0 0 0 0 0 0 0 0 0 0 0 0 0 0 0 0 0 0 0 0 0 0 0 0 0 0 0 0 0 0 0 0 0
 0 0 0 0 0 0 0 0 0 0 0 0 0 0 0 0 0 0 0 0 0 0 0 0 0 0 0 0 0 0 0 0 0 0 0 0 0 0 0 0 0 0 0.0625 0.0625 0.0625 0 0 0 0 0 0 0 0.0625 0.0625 0.0625 0.375 0.375 0.3125 0.3125 0.3125 0.0625 0.0625 0 0 0 0 0 0 0 0 0 0 0 0 0 0 0 0 0 0 0 0 0 0 0 0 0 0 0 0 0 0 0.1875 0.1875 0.1875 0.75 0.75 2.375 2.375 2.375 5.125 5.125 7.9375 7.9375 7.9375 7.25 7.25 3.75 3.75 3.75 2.0625 2.0625 1.3125 1.3125 1.3125 0.625 0.625 3.1875 3.1875 3.1875 4.5 4.5 0.8125 0.8125 0.8125 0 0 0 0 0 0 0 0 0 0 0 0 0 0 0 0 0 0 0 0 0 0 0 0 0 0 0 0 0 0 0 0 0 0 0 0 0 0 0 0 0 0 0 0
 0 0 0 0 0 0 0 0 0 0 0 0 0 0 0 0 0 0 0 0 0 0 0 0 0 0 0 0 0 0 0 0 0 0 0 0 0 0 0 0 0 0 0 0 0 0 0 0 0 0 0 0 0 0 0 0 0 0 0 0 0 0 0 0 0 0 0 0 0 0 0 0 0 0 0 0 0 0 0 0 0 0 0 0 0 0 0 0 0 0 0.0625 0.0625 0.4375 0.4375 0.4375 1.6875 1.6875 4.5 4.5 4.5 7.3125 7.3125 6.75 6.75 6.75 3.4375 3.4375 2.125 2.125 2.125 1.5 1.5 0.8125 0.8125 0.8125 1.75 1.75 4.8125 4.8125 4.8125 2 2 0.0625 0.0625 0.0625 0 0 0 0 0 0 0 0 0 0 0 0 0 0 0 0 0 0 0 0 0 0 0 0 0 0 0 0 0 0 0 0 0 0 0 0 0 0 0 0 0 0 0 0
 0 0 0 0 0 0 0 0 0 0 0 0 0 0 0 0 0 0 0 0 0 0 0 0 0 0 0 0 0 0 0 0 0 0 0 0 0 0 0 0 0 0 0 0 0 0 0 0 0 0 0 0 0 0 0 0 0 0 0 0 0 0 0 0 0 0 0 0 0 0 0 0 0 0 0 0 0 0 0 0 0 0 0 0 0 0 0 0 0 0 0.0625 0.0625 0.4375 0.4375 0.4375 1.6875 1.6875 4.5 4.5 4.5 7.3125 7.3125 6.75 6.75 6.75 3.4375 3.4375 2.125 2.125 2.125 1.5 1.5 0.8125 0.8125 0.8125 1.75 1.75 4.8125 4.8125 4.8125 2 2 0.0625 0.0625 0.0625 0 0 0 0 0 0 0 0 0 0 0 0 0 0 0 0 0 0 0 0 0 0 0 0 0 0 0 0 0 0 0 0 0 0 0 0 0 0 0 0 0 0 0 0
 0 0 0 0 0 0 0 0 0 0 0 0 0 0 0 0 0 0 0 0 0 0 0 0 0 0 0 0 0 0 0 0 0 0 0 0 0 0 0 0 0 0 0 0 0 0 0 0 0 0 0 0 0 0 0 0 0 0 0 0 0 0 0 0 0 0 0 0 0 0 0 0 0 0 0 0 0 0 0 0 0 0 0 0 0 0 0 0 0 0 0.0625 0.0625 0.4375 0.4375 0.4375 1.6875 1.6875 4.5 4.5 4.5 7.3125 7.3125 6.75 6.75 6.75 3.4375 3.4375 2.125 2.125 2.125 1.5 1.5 0.8125 0.8125 0.8125 1.75 1.75 4.8125 4.8125 4.8125 2 2 0.0625 0.0625 0.0625 0 0 0 0 0 0 0 0 0 0 0 0 0 0 0 0 0 0 0 0 0 0 0 0 0 0 0 0 0 0 0 0 0 0 0 0 0 0 0 0 0 0 0 0
 0 0 0 0 0 0 0 0 0 0 0 0 0 0 0 0 0 0 0 0 0 0 0 0 0 0 0 0 0 0 0 0 0 0 0 0 0 0 0 0 0 0 0 0 0 0 0 0 0 0 0 0 0 0 0 0 0 0 0 0 0 0 0 0 0 0 0 0 0 0 0 0 0 0 0 0 0 0 0 0 0 0 0 0 0 0 0 0 0 0 0.25 0.25 1.1875 1.1875 1.1875 3.1875 3.1875 5.9375 5.9375 5.9375 5.25 5.25 3.125 3.125 3.125 1.8125 1.8125 1.3125 1.3125 1.3125 1.0625 1.0625 1.375 1.375 1.375 4.3125 4.3125 3.8125 3.8125 3.8125 0.5 0.5 0 0 0 0 0 0 0 0 0 0 0 0 0 0 0 0 0 0 0 0 0 0 0 0 0 0 0 0 0 0 0 0 0 0 0 0 0 0 0 0 0 0 0 0 0 0 0
 0 0 0 0 0 0 0 0 0 0 0 0 0 0 0 0 0 0 0 0 0 0 0 0 0 0 0 0 0 0 0 0 0 0 0 0 0 0 0 0 0 0 0 0 0 0 0 0 0 0 0 0 0 0 0 0 0 0 0 0 0 0 0 0 0 0 0 0 0 0 0 0 0 0 0 0 0 0 0 0 0 0 0 0 0 0 0 0 0 0 0.25 0.25 1.1875 1.1875 1.1875 3.1875 3.1875 5.9375 5.9375 5.9375 5.25 5.25 3.125 3.125 3.125 1.8125 1.8125 1.3125 1.3125 1.3125 1.0625 1.0625 1.375 1.375 1.375 4.3125 4.3125 3.8125 3.8125 3.8125 0.5 0.5 0 0 0 0 0 0 0 0 0 0 0 0 0 0 0 0 0 0 0 0 0 0 0 0 0 0 0 0 0 0 0 0 0 0 0 0 0 0 0 0 0 0 0 0 0 0 0
 0 0 0 0 0 0 0 0 0 0 0 0 0 0 0 0 0 0 0 0 0 0 0 0 0 0 0 0 0 0 0 0 0 0 0 0 0 0 0 0 0 0 0 0 0 0 0 0 0 0 0 0 0 0 0 0 0 0 0 0 0 0 0 0 0 0 0 0 0 0 0 0 0 0 0 0 0 0 0 0 0 0 0 0 0 0 0 0.0625 0.0625 0.0625 0.75 0.75 2.5625 2.5625 2.5625 4.5625 4.5625 3.625 3.625 3.625 2.4375 2.4375 2 2 2 1.0625 1.0625 1 1 1 1.125 1.125 3 3 3 4.8125 4.8125 1.4375 1.4375 1.4375 0.0625 0.0625 0 0 0 0 0 0 0 0 0 0 0 0 0 0 0 0 0 0 0 0 0.0625 0.0625 0.0625 0.0625 0.0625 0 0 0 0 0 0 0 0 0 0 0 0 0 0 0 0 0 0 0 0 0 0
 0 0 0 0 0 0 0 0 0 0 0 0 0 0 0 0 0 0 0 0 0 0 0 0 0 0 0 0 0 0 0 0 0 0 0 0 0 0 0 0 0 0 0 0 0 0 0 0 0 0 0 0 0 0 0 0 0 0 0 0 0 0 0 0 0 0 0 0 0 0 0 0 0 0 0 0 0 0 0 0 0 0 0 0 0 0 0 0.0625 0.0625 0.0625 0.75 0.75 2.5625 2.5625 2.5625 4.5625 4.5625 3.625 3.625 3.625 2.4375 2.4375 2 2 2 1.0625 1.0625 1 1 1 1.125 1.125 3 3 3 4.8125 4.8125 1.4375 1.4375 1.4375 0.0625 0.0625 0 0 0 0 0 0 0 0 0 0 0 0 0 0 0 0 0 0 0 0 0.0625 0.0625 0.0625 0.0625 0.0625 0 0 0 0 0 0 0 0 0 0 0 0 0 0 0 0 0 0 0 0 0 0
 0 0 0 0 0 0 0 0 0 0 0 0 0 0 0 0 0 0 0 0 0 0 0 0 0 0 0 0 0 0 0 0 0 0 0 0 0 0 0 0 0 0 0 0 0 0 0 0 0 0 0 0 0 0 0 0 0 0 0 0 0 0 0 0 0 0 0 0 0 0 0 0 0 0 0 0 0 0 0 0 0 0 0 0 0 0 0 0.0625 0.0625 0.0625 0.75 0.75 2.5625 2.5625 2.5625 4.5625 4.5625 3.625 3.625 3.625 2.4375 2.4375 2 2 2 1.0625 1.0625 1 1 1 1.125 1.125 3 3 3 4.8125 4.8125 1.4375 1.4375 1.4375 0.0625 0.0625 0 0 0 0 0 0 0 0 0 0 0 0 0 0 0 0 0 0 0 0 0.0625 0.0625 0.0625 0.0625 0.0625 0 0 0 0 0 0 0 0 0 0 0 0 0 0 0 0 0 0 0 0 0 0
 0 0 0 0 0 0 0 0 0 0 0 0 0 0 0 0 0 0 0 0 0 0 0 0 0 0 0 0 0 0 0 0 0 0 0 0 0 0 0 0 0 0 0 0 0 0 0 0 0 0 0 0 0 0 0 0 0 0 0 0 0 0 0 0 0 0 0 0 0 0 0 0 0 0 0 0 0 0 0 0 0 0 0 0 0 0 0 0.3125 0.3125 0.3125 2 2 3.5625 3.5625 3.5625 2.5 2.5 2 2 2 2.0625 2.0625 1.25 1.25 1.25 0.75 0.75 0.8125 0.8125 0.8125 1.8125 1.8125 4.6875 4.6875 4.6875 2.375 2.375 0.1875 0.1875 0.1875 0 0 0 0 0 0 0 0 0 0 0 0 0 0 0 0 0 0 0 0 0 0 0 0 0 0.0625 0.0625 0 0 0 0 0 0 0 0 0 0 0 0 0 0 0 0 0 0 0 0 0 0
 0 0 0 0 0 0 0 0 0 0 0 0 0 0 0 0 0 0 0 0 0 0 0 0 0 0 0 0 0 0 0 0 0 0 0 0 0 0 0 0 0 0 0 0 0 0 0 0 0 0 0 0 0 0 0 0 0 0 0 0 0 0 0 0 0 0 0 0 0 0 0 0 0 0 0 0 0 0 0 0 0 0 0 0 0 0 0 0.3125 0.3125 0.3125 2 2 3.5625 3.5625 3.5625 2.5 2.5 2 2 2 2.0625 2.0625 1.25 1.25 1.25 0.75 0.75 0.8125 0.8125 0.8125 1.8125 1.8125 4.6875 4.6875 4.6875 2.375 2.375 0.1875 0.1875 0.1875 0 0 0 0 0 0 0 0 0 0 0 0 0 0 0 0 0 0 0 0 0 0 0 0 0 0.0625 0.0625 0 0 0 0 0 0 0 0 0 0 0 0 0 0 0 0 0 0 0 0 0 0
 0 0 0 0 0 0 0 0 0 0 0 0 0 0 0 0 0 0 0 0 0 0 0 0 0 0 0 0 0 0 0 0 0 0 0 0 0 0 0 0 0 0 0 0 0 0 0 0 0 0 0 0 0 0 0 0 0 0 0 0 0 0 0 0 0 0 0 0 0 0 0 0 0 0 0 0 0 0 0 0 0 0 0 0 0 0.25 0.25 1.5 1.5 1.5 2.5625 2.5625 1.625 1.625 1.625 1.5 1.5 2.3125 2.3125 2.3125 1.5625 1.5625 0.8125 0.8125 0.8125 0.3125 0.3125 1.0625 1.0625 1.0625 4.0625 4.0625 3.625 3.625 3.625 0.4375 0.4375 0 0 0 0 0 0 0 0 0 0 0 0 0 0 0 0 0 0 0 0 0.0625 0.0625 0.0625 0.0625 0.0625 0 0 0 0 0 0 0 0 0 0 0 0 0 0 0 0 0 0 0 0 0 0 0 0 0 0 0
 0 0 0 0 0 0 0 0 0 0 0 0 0 0 0 0 0 0 0 0 0 0 0 0 0 0 0 0 0 0 0 0 0 0 0 0 0 0 0 0 0 0 0 0 0 0 0 0 0 0 0 0 0 0 0 0 0 0 0 0 0 0 0 0 0 0 0 0 0 0 0 0 0 0 0 0 0 0 0 0 0 0 0 0 0 0.25 0.25 1.5 1.5 1.5 2.5625 2.5625 1.625 1.625 1.625 1.5 1.5 2.3125 2.3125 2.3125 1.5625 1.5625 0.8125 0.8125 0.8125 0.3125 0.3125 1.0625 1.0625 1.0625 4.0625 4.0625 3.625 3.625 3.625 0.4375 0.4375 0 0 0 0 0 0 0 0 0 0 0 0 0 0 0 0 0 0 0 0 0.0625 0.0625 0.0625 0.0625 0.0625 0 0 0 0 0 0 0 0 0 0 0 0 0 0 0 0 0 0 0 0 0 0 0 0 0 0 0
 0 0 0 0 0 0 0 0 0 0 0 0 0 0 0 0 0 0 0 0 0 0 0 0 0 0 0 0 0 0 0 0 0 0 0 0 0 0 0 0 0 0 0 0 0 0 0 0 0 0 0 0 0 0 0 0 0 0 0 0 0 0 0 0 0 0 0 0 0 0 0 0 0 0 0 0 0 0 0 0 0 0 0 0 0 0.25 0.25 1.5 1.5 1.5 2.5625 2.5625 1.625 1.625 1.625 1.5 1.5 2.3125 2.3125 2.3125 1.5625 1.5625 0.8125 0.8125 0.8125 0.3125 0.3125 1.0625 1.0625 1.0625 4.0625 4.0625 3.625 3.625 3.625 0.4375 0.4375 0 0 0 0 0 0 0 0 0 0 0 0 0 0 0 0 0 0 0 0 0.0625 0.0625 0.0625 0.0625 0.0625 0 0 0 0 0 0 0 0 0 0 0 0 0 0 0 0 0 0 0 0 0 0 0 0 0 0 0
 0 0 0 0 0 0 0 0 0 0 0 0 0 0 0 0 0 0 0 0 0 0 0 0 0 0 0 0 0 0 0 0 0 0 0 0 0 0 0 0 0 0 0 0 0 0 0 0 0 0 0 0 0 0 0 0 0 0 0 0 0 0 0 0 0 0 0 0 0 0 0 0 0 0 0 0 0 0 0 0 0 0 0.25 0.25 0.25 1.25 1.25 1.875 1.875 1.875 1.1875 1.1875 1.4375 1.4375 1.4375 2.5 2.5 1.6875 1.6875 1.6875 0.8125 0.8125 0.3125 0.3125 0.3125 0.4375 0.4375 2.6875 2.6875 2.6875 3.75 3.75 0.9375 0.9375 0.9375 0.0625 0.0625 0 0 0 0 0 0 0 0 0 0 0 0 0 0 0 0 0 0 0.0625 0.0625 0.1875 0.1875 0.1875 0.125 0.125 0 0 0 0 0 0 0 0 0 0 0 0 0 0 0 0 0 0 0 0 0 0 0 0 0 0 0
 0 0 0 0 0 0 0 0 0 0 0 0 0 0 0 0 0 0 0 0 0 0 0 0 0 0 0 0 0 0 0 0 0 0 0 0 0 0 0 0 0 0 0 0 0 0 0 0 0 0 0 0 0 0 0 0 0 0 0 0 0 0 0 0 0 0 0 0 0 0 0 0 0 0 0 0 0 0 0 0 0 0 0.25 0.25 0.25 1.25 1.25 1.875 1.875 1.875 1.1875 1.1875 1.4375 1.4375 1.4375 2.5 2.5 1.6875 1.6875 1.6875 0.8125 0.8125 0.3125 0.3125 0.3125 0.4375 0.4375 2.6875 2.6875 2.6875 3.75 3.75 0.9375 0.9375 0.9375 0.0625 0.0625 0 0 0 0 0 0 0 0 0 0 0 0 0 0 0 0 0 0 0.0625 0.0625 0.1875 0.1875 0.1875 0.125 0.125 0 0 0 0 0 0 0 0 0 0 0 0 0 0 0 0 0 0 0 0 0 0 0 0 0 0 0
 0 0 0 0 0 0 0 0 0 0 0 0 0 0 0 0 0 0 0 0 0 0 0 0 0 0 0 0 0 0 0 0 0 0 0 0 0 0 0 0 0 0 0 0 0 0 0 0 0 0 0 0 0 0 0 0 0 0 0 0 0 0 0 0 0 0 0 0 0 0 0 0 0 0 0 0 0 0 0 0 0.125 0.125 0.8125 0.8125 0.8125 1.4375 1.4375 1.25 1.25 1.25 1.75 1.75 2.6875 2.6875 2.6875 1.875 1.875 0.75 0.75 0.75 0.3125 0.3125 0.1875 0.1875 0.1875 1.875 1.875 3.5625 3.5625 3.5625 1.8125 1.8125 0.1875 0.1875 0.1875 0 0 0 0 0 0 0 0 0 0 0 0 0 0 0 0 0 0 0 0 0.125 0.125 0.125 0.125 0.125 0.0625 0.0625 0 0 0 0 0 0 0 0 0 0 0 0 0 0 0 0 0 0 0 0 0 0 0 0 0 0 0
 0 0 0 0 0 0 0 0 0 0 0 0 0 0 0 0 0 0 0 0 0 0 0 0 0 0 0 0 0 0 0 0 0 0 0 0 0 0 0 0 0 0 0 0 0 0 0 0 0 0 0 0 0 0 0 0 0 0 0 0 0 0 0 0 0 0 0 0 0 0 0 0 0 0 0 0 0 0 0 0 0.125 0.125 0.8125 0.8125 0.8125 1.4375 1.4375 1.25 1.25 1.25 1.75 1.75 2.6875 2.6875 2.6875 1.875 1.875 0.75 0.75 0.75 0.3125 0.3125 0.1875 0.1875 0.1875 1.875 1.875 3.5625 3.5625 3.5625 1.8125 1.8125 0.1875 0.1875 0.1875 0 0 0 0 0 0 0 0 0 0 0 0 0 0 0 0 0 0 0 0 0.125 0.125 0.125 0.125 0.125 0.0625 0.0625 0 0 0 0 0 0 0 0 0 0 0 0 0 0 0 0 0 0 0 0 0 0 0 0 0 0 0
 0 0 0 0 0 0 0 0 0 0 0 0 0 0 0 0 0 0 0 0 0 0 0 0 0 0 0 0 0 0 0 0 0 0 0 0 0 0 0 0 0 0 0 0 0 0 0 0 0 0 0 0 0 0 0 0 0 0 0 0 0 0 0 0 0 0 0 0 0 0 0 0 0 0 0 0 0 0 0 0 0.125 0.125 0.8125 0.8125 0.8125 1.4375 1.4375 1.25 1.25 1.25 1.75 1.75 2.6875 2.6875 2.6875 1.875 1.875 0.75 0.75 0.75 0.3125 0.3125 0.1875 0.1875 0.1875 1.875 1.875 3.5625 3.5625 3.5625 1.8125 1.8125 0.1875 0.1875 0.1875 0 0 0 0 0 0 0 0 0 0 0 0 0 0 0 0 0 0 0 0 0.125 0.125 0.125 0.125 0.125 0.0625 0.0625 0 0 0 0 0 0 0 0 0 0 0 0 0 0 0 0 0 0 0 0 0 0 0 0 0 0 0
 0 0 0 0 0 0 0 0 0 0 0 0 0 0 0 0 0 0 0 0 0 0 0 0 0 0 0 0 0 0 0 0 0 0 0 0 0 0 0 0 0 0 0 0 0 0 0 0 0 0 0 0 0 0 0 0 0 0 0 0 0 0 0 0 0 0 0 0 0 0 0 0 0 0 0 0 0 0.0625 0.0625 0.0625 0.4375 0.4375 0.8125 0.8125 0.8125 1 1 2 2 2 2.875 2.875 2.125 2.125 2.125 1 1 0.5 0.5 0.5 0.0625 0.0625 1.125 1.125 1.125 3.4375 3.4375 2.625 2.625 2.625 0.375 0.375 0 0 0 0 0 0 0 0 0 0 0 0 0 0 0 0 0 0 0 0 0 0 0 0.0625 0.0625 0 0 0 0 0 0 0 0 0 0 0 0 0 0 0 0 0 0 0 0 0 0 0 0 0 0 0 0 0 0 0 0
 0 0 0 0 0 0 0 0 0 0 0 0 0 0 0 0 0 0 0 0 0 0 0 0 0 0 0 0 0 0 0 0 0 0 0 0 0 0 0 0 0 0 0 0 0 0 0 0 0 0 0 0 0 0 0 0 0 0 0 0 0 0 0 0 0 0 0 0 0 0 0 0 0 0 0 0 0 0.0625 0.0625 0.0625 0.4375 0.4375 0.8125 0.8125 0.8125 1 1 2 2 2 2.875 2.875 2.125 2.125 2.125 1 1 0.5 0.5 0.5 0.0625 0.0625 1.125 1.125 1.125 3.4375 3.4375 2.625 2.625 2.625 0.375 0.375 0 0 0 0 0 0 0 0 0 0 0 0 0 0 0 0 0 0 0 0 0 0 0 0.0625 0.0625 0 0 0 0 0 0 0 0 0 0 0 0 0 0 0 0 0 0 0 0 0 0 0 0 0 0 0 0 0 0 0 0
 0 0 0 0 0 0 0 0 0 0 0 0 0 0 0 0 0 0 0 0 0 0 0 0 0 0 0 0 0 0 0 0 0 0 0 0 0 0 0 0 0 0 0 0 0 0 0 0 0 0 0 0 0 0 0 0 0 0 0 0 0 0 0 0 0 0 0 0 0 0 0 0 0 0 0 0 0 0.25 0.25 0.25 0.625 0.625 0.8125 0.8125 0.8125 1.625 1.625 2.625 2.625 2.625 2.1875 2.1875 1.0625 1.0625 1.0625 0.5625 0.5625 0.25 0.25 0.25 0.5 0.5 2.5625 2.5625 2.5625 2.8125 2.8125 0.8125 0.8125 0.8125 0 0 0 0 0 0 0 0 0 0 0 0 0 0 0 0 0 0 0 0 0 0 0 0 0 0 0 0 0 0 0 0 0 0 0 0 0 0 0 0 0 0 0 0 0 0 0 0 0 0 0 0 0 0 0 0 0 0 0
 0 0 0 0 0 0 0 0 0 0 0 0 0 0 0 0 0 0 0 0 0 0 0 0 0 0 0 0 0 0 0 0 0 0 0 0 0 0 0 0 0 0 0 0 0 0 0 0 0 0 0 0 0 0 0 0 0 0 0 0 0 0 0 0 0 0 0 0 0 0 0 0 0 0 0 0 0 0.25 0.25 0.25 0.625 0.625 0.8125 0.8125 0.8125 1.625 1.625 2.625 2.625 2.625 2.1875 2.1875 1.0625 1.0625 1.0625 0.5625 0.5625 0.25 0.25 0.25 0.5 0.5 2.5625 2.5625 2.5625 2.8125 2.8125 0.8125 0.8125 0.8125 0 0 0 0 0 0 0 0 0 0 0 0 0 0 0 0 0 0 0 0 0 0 0 0 0 0 0 0 0 0 0 0 0 0 0 0 0 0 0 0 0 0 0 0 0 0 0 0 0 0 0 0 0 0 0 0 0 0 0
 0 0 0 0 0 0 0 0 0 0 0 0 0 0 0 0 0 0 0 0 0 0 0 0 0 0 0 0 0 0 0 0 0 0 0 0 0 0 0 0 0 0 0 0 0 0 0 0 0 0 0 0 0 0 0 0 0 0 0 0 0 0 0 0 0 0 0 0 0 0 0 0 0 0 0 0 0 0.25 0.25 0.25 0.625 0.625 0.8125 0.8125 0.8125 1.625 1.625 2.625 2.625 2.625 2.1875 2.1875 1.0625 1.0625 1.0625 0.5625 0.5625 0.25 0.25 0.25 0.5 0.5 2.5625 2.5625 2.5625 2.8125 2.8125 0.8125 0.8125 0.8125 0 0 0 0 0 0 0 0 0 0 0 0 0 0 0 0 0 0 0 0 0 0 0 0 0 0 0 0 0 0 0 0 0 0 0 0 0 0 0 0 0 0 0 0 0 0 0 0 0 0 0 0 0 0 0 0 0 0 0
 0 0 0 0 0 0 0 0 0 0 0 0 0 0 0 0 0 0 0 0 0 0 0 0 0 0 0 0 0 0 0 0 0 0 0 0 0 0 0 0 0 0 0 0 0 0.0625 0.0625 0.125 0.125 0.125 0.0625 0.0625 0 0 0 0 0 0 0 0 0 0 0 0 0 0 0 0 0 0 0 0 0 0 0 0.0625 0.0625 0.375 0.375 0.375 0.5625 0.5625 1.0625 1.0625 1.0625 1.8125 1.8125 1.75 1.75 1.75 0.875 0.875 0.375 0.375 0.375 0.3125 0.3125 0.25 0.25 0.25 1.5625 1.5625 2.75 2.75 2.75 1.0625 1.0625 0.0625 0.0625 0.0625 0 0 0 0 0 0 0 0 0 0 0 0 0 0 0 0 0 0 0 0 0 0 0.0625 0.0625 0.0625 0.0625 0.0625 0 0 0 0 0 0 0 0 0 0 0 0 0 0 0 0 0 0 0 0 0 0 0 0 0 0 0 0 0 0 0 0
 0 0 0 0 0 0 0 0 0 0 0 0 0 0 0 0 0 0 0 0 0 0 0 0 0 0 0 0 0 0 0 0 0 0 0 0 0 0 0 0 0 0 0 0 0 0.0625 0.0625 0.125 0.125 0.125 0.0625 0.0625 0 0 0 0 0 0 0 0 0 0 0 0 0 0 0 0 0 0 0 0 0 0 0 0.0625 0.0625 0.375 0.375 0.375 0.5625 0.5625 1.0625 1.0625 1.0625 1.8125 1.8125 1.75 1.75 1.75 0.875 0.875 0.375 0.375 0.375 0.3125 0.3125 0.25 0.25 0.25 1.5625 1.5625 2.75 2.75 2.75 1.0625 1.0625 0.0625 0.0625 0.0625 0 0 0 0 0 0 0 0 0 0 0 0 0 0 0 0 0 0 0 0 0 0 0.0625 0.0625 0.0625 0.0625 0.0625 0 0 0 0 0 0 0 0 0 0 0 0 0 0 0 0 0 0 0 0 0 0 0 0 0 0 0 0 0 0 0 0
 0 0 0 0 0 0 0 0 0 0 0 0 0 0 0 0 0 0 0 0 0 0 0 0 0 0 0 0 0 0 0 0 0 0 0 0 0 0 0 0 0.1875 0.1875 0.1875 0.1875 0.1875 0.25 0.25 0.1875 0.1875 0.1875 0.125 0.125 0.125 0.125 0.125 0 0 0 0 0 0 0 0 0 0 0 0 0 0 0 0 0 0 0 0 0.1875 0.1875 0.375 0.375 0.375 0.625 0.625 1 1 1 0.9375 0.9375 0.5 0.5 0.5 0.25 0.25 0.3125 0.3125 0.3125 0.125 0.125 0.6875 0.6875 0.6875 2.0625 2.0625 1.375 1.375 1.375 0.1875 0.1875 0.0625 0.0625 0.0625 0 0 0 0 0 0 0 0 0 0 0 0 0 0 0 0 0 0 0 0 0.0625 0.0625 0.125 0.125 0.125 0.0625 0.0625 0 0 0 0 0 0 0 0 0 0 0 0 0 0 0 0 0 0 0 0 0 0 0 0 0 0 0 0 0 0 0 0
 0 0 0 0 0 0 0 0 0 0 0 0 0 0 0 0 0 0 0 0 0 0 0 0 0 0 0 0 0 0 0 0 0 0 0 0 0 0 0 0 0.1875 0.1875 0.1875 0.1875 0.1875 0.25 0.25 0.1875 0.1875 0.1875 0.125 0.125 0.125 0.125 0.125 0 0 0 0 0 0 0 0 0 0 0 0 0 0 0 0 0 0 0 0 0.1875 0.1875 0.375 0.375 0.375 0.625 0.625 1 1 1 0.9375 0.9375 0.5 0.5 0.5 0.25 0.25 0.3125 0.3125 0.3125 0.125 0.125 0.6875 0.6875 0.6875 2.0625 2.0625 1.375 1.375 1.375 0.1875 0.1875 0.0625 0.0625 0.0625 0 0 0 0 0 0 0 0 0 0 0 0 0 0 0 0 0 0 0 0 0.0625 0.0625 0.125 0.125 0.125 0.0625 0.0625 0 0 0 0 0 0 0 0 0 0 0 0 0 0 0 0 0 0 0 0 0 0 0 0 0 0 0 0 0 0 0 0
 0 0 0 0 0 0 0 0 0 0 0 0 0 0 0 0 0 0 0 0 0 0 0 0 0 0 0 0 0 0 0 0 0 0 0 0 0 0 0 0 0.1875 0.1875 0.1875 0.1875 0.1875 0.25 0.25 0.1875 0.1875 0.1875 0.125 0.125 0.125 0.125 0.125 0 0 0 0 0 0 0 0 0 0 0 0 0 0 0 0 0 0 0 0 0.1875 0.1875 0.375 0.375 0.375 0.625 0.625 1 1 1 0.9375 0.9375 0.5 0.5 0.5 0.25 0.25 0.3125 0.3125 0.3125 0.125 0.125 0.6875 0.6875 0.6875 2.0625 2.0625 1.375 1.375 1.375 0.1875 0.1875 0.0625 0.0625 0.0625 0 0 0 0 0 0 0 0 0 0 0 0 0 0 0 0 0 0 0 0 0.0625 0.0625 0.125 0.125 0.125 0.0625 0.0625 0 0 0 0 0 0 0 0 0 0 0 0 0 0 0 0 0 0 0 0 0 0 0 0 0 0 0 0 0 0 0 0
 0 0 0 0 0 0 0 0 0 0 0 0 0 0 0 0 0 0 0 0 0 0 0 0 0 0 0 0 0 0 0 0 0 0 0 0 0 0 0 0 0.25 0.25 0.375 0.375 0.375 0.9375 0.9375 1.375 1.375 1.375 1.25 1.25 0.8125 0.8125 0.8125 0.0625 0.0625 0 0 0 0 0 0 0 0 0 0 0 0 0 0 0 0 0 0 0.125 0.125 0.25 0.25 0.25 0.4375 0.4375 0.375 0.375 0.375 0.1875 0.1875 0 0 0 0.125 0.125 0.0625 0.0625 0.0625 0.375 0.375 1.1875 1.1875 1.1875 1.1875 1.1875 0.3125 0.3125 0.3125 0.375 0.375 0.0625 0.0625 0.0625 0 0 0 0 0 0 0 0 0 0 0 0 0 0 0 0 0 0 0 0 0.0625 0.0625 0.0625 0.0625 0.0625 0 0 0 0 0 0 0 0 0 0 0 0 0 0 0 0 0 0 0 0 0 0 0 0 0 0 0 0 0 0 0 0 0 0
 0 0 0 0 0 0 0 0 0 0 0 0 0 0 0 0 0 0 0 0 0 0 0 0 0 0 0 0 0 0 0 0 0 0 0 0 0 0 0 0 0.25 0.25 0.375 0.375 0.375 0.9375 0.9375 1.375 1.375 1.375 1.25 1.25 0.8125 0.8125 0.8125 0.0625 0.0625 0 0 0 0 0 0 0 0 0 0 0 0 0 0 0 0 0 0 0.125 0.125 0.25 0.25 0.25 0.4375 0.4375 0.375 0.375 0.375 0.1875 0.1875 0 0 0 0.125 0.125 0.0625 0.0625 0.0625 0.375 0.375 1.1875 1.1875 1.1875 1.1875 1.1875 0.3125 0.3125 0.3125 0.375 0.375 0.0625 0.0625 0.0625 0 0 0 0 0 0 0 0 0 0 0 0 0 0 0 0 0 0 0 0 0.0625 0.0625 0.0625 0.0625 0.0625 0 0 0 0 0 0 0 0 0 0 0 0 0 0 0 0 0 0 0 0 0 0 0 0 0 0 0 0 0 0 0 0 0 0
 0 0 0 0 0 0 0 0.0625 0.0625 0.0625 0.125 0.125 0.0625 0.0625 0.0625 0 0 0 0 0 0 0 0.0625 0.0625 0.0625 0.0625 0.0625 0.0625 0.0625 0.0625 0.25 0.25 0.25 0.25 0.25 0.5 0.5 0.375 0.375 0.375 0.3125 0.3125 1.0625 1.0625 1.0625 2.125 2.125 3 3 3 1.875 1.875 0.625 0.625 0.625 0 0 0 0 0 0 0 0 0 0 0 0 0 0 0 0 0 0 0 0 0.125 0.125 0.1875 0.1875 0.1875 0.125 0.125 0.0625 0.0625 0.0625 0.0625 0.0625 0.125 0.125 0.125 0.125 0.125 0.5625 0.5625 0.5625 1.75 1.75 1.125 1.125 1.125 0.25 0.25 1 1 1 0.5625 0.5625 0 0 0 0 0 0 0 0 0 0 0 0 0 0 0 0 0 0 0 0 0 0 0 0 0 0 0 0 0 0 0 0 0 0 0 0 0 0 0 0 0 0 0 0 0 0 0 0 0 0 0 0 0 0 0 0 0 0 0 0 0 0
 0 0 0 0 0 0 0 0.0625 0.0625 0.0625 0.125 0.125 0.0625 0.0625 0.0625 0 0 0 0 0 0 0 0.0625 0.0625 0.0625 0.0625 0.0625 0.0625 0.0625 0.0625 0.25 0.25 0.25 0.25 0.25 0.5 0.5 0.375 0.375 0.375 0.3125 0.3125 1.0625 1.0625 1.0625 2.125 2.125 3 3 3 1.875 1.875 0.625 0.625 0.625 0 0 0 0 0 0 0 0 0 0 0 0 0 0 0 0 0 0 0 0 0.125 0.125 0.1875 0.1875 0.1875 0.125 0.125 0.0625 0.0625 0.0625 0.0625 0.0625 0.125 0.125 0.125 0.125 0.125 0.5625 0.5625 0.5625 1.75 1.75 1.125 1.125 1.125 0.25 0.25 1 1 1 0.5625 0.5625 0 0 0 0 0 0 0 0 0 0 0 0 0 0 0 0 0 0 0 0 0 0 0 0 0 0 0 0 0 0 0 0 0 0 0 0 0 0 0 0 0 0 0 0 0 0 0 0 0 0 0 0 0 0 0 0 0 0 0 0 0 0
 0 0 0 0 0 0 0 0.0625 0.0625 0.0625 0.125 0.125 0.0625 0.0625 0.0625 0 0 0 0 0 0 0 0.0625 0.0625 0.0625 0.0625 0.0625 0.0625 0.0625 0.0625 0.25 0.25 0.25 0.25 0.25 0.5 0.5 0.375 0.375 0.375 0.3125 0.3125 1.0625 1.0625 1.0625 2.125 2.125 3 3 3 1.875 1.875 0.625 0.625 0.625 0 0 0 0 0 0 0 0 0 0 0 0 0 0 0 0 0 0 0 0 0.125 0.125 0.1875 0.1875 0.1875 0.125 0.125 0.0625 0.0625 0.0625 0.0625 0.0625 0.125 0.125 0.125 0.125 0.125 0.5625 0.5625 0.5625 1.75 1.75 1.125 1.125 1.125 0.25 0.25 1 1 1 0.5625 0.5625 0 0 0 0 0 0 0 0 0 0 0 0 0 0 0 0 0 0 0 0 0 0 0 0 0 0 0 0 0 0 0 0 0 0 0 0 0 0 0 0 0 0 0 0 0 0 0 0 0 0 0 0 0 0 0 0 0 0 0 0 0 0
 0 0 0 0 0 0 0 0.125 0.125 0.125 0.1875 0.1875 0.125 0.125 0.125 0 0 0 0 0 0 0 0.3125 0.3125 0.3125 0.4375 0.4375 0.8125 0.8125 0.8125 1.0625 1.0625 1.3125 1.3125 1.3125 1.8125 1.8125 1.625 1.625 1.625 1 1 1.5 1.5 1.5 2.125 2.125 2.25 2.25 2.25 1.875 1.875 0.4375 0.4375 0.4375 0 0 0 0 0 0 0 0 0 0 0 0 0 0 0 0 0 0.125 0.125 0.125 0.125 0.125 0.0625 0.0625 0.0625 0.0625 0.0625 0.0625 0.0625 0.0625 0.3125 0.3125 0.4375 0.4375 0.4375 0.8125 0.8125 1.875 1.875 1.875 1.9375 1.9375 0.5625 0.5625 0.5625 1.25 1.25 1.75 1.75 1.75 0.25 0.25 0 0 0 0 0 0 0 0 0 0 0 0 0 0 0 0 0 0 0 0 0 0 0 0 0 0 0 0 0 0 0 0 0 0 0 0 0 0 0 0 0 0 0 0 0 0 0 0 0 0 0 0 0 0 0 0 0 0 0 0 0 0
 0 0 0 0 0 0 0 0.125 0.125 0.125 0.1875 0.1875 0.125 0.125 0.125 0 0 0 0 0 0 0 0.3125 0.3125 0.3125 0.4375 0.4375 0.8125 0.8125 0.8125 1.0625 1.0625 1.3125 1.3125 1.3125 1.8125 1.8125 1.625 1.625 1.625 1 1 1.5 1.5 1.5 2.125 2.125 2.25 2.25 2.25 1.875 1.875 0.4375 0.4375 0.4375 0 0 0 0 0 0 0 0 0 0 0 0 0 0 0 0 0 0.125 0.125 0.125 0.125 0.125 0.0625 0.0625 0.0625 0.0625 0.0625 0.0625 0.0625 0.0625 0.3125 0.3125 0.4375 0.4375 0.4375 0.8125 0.8125 1.875 1.875 1.875 1.9375 1.9375 0.5625 0.5625 0.5625 1.25 1.25 1.75 1.75 1.75 0.25 0.25 0 0 0 0 0 0 0 0 0 0 0 0 0 0 0 0 0 0 0 0 0 0 0 0 0 0 0 0 0 0 0 0 0 0 0 0 0 0 0 0 0 0 0 0 0 0 0 0 0 0 0 0 0 0 0 0 0 0 0 0 0 0
 0 0 0 0 0 0 0 0.125 0.125 0.125 0.1875 0.1875 0.25 0.25 0.25 0.0625 0.0625 0.0625 0.0625 0.0625 0.125 0.125 0.3125 0.3125 0.3125 0.5625 0.5625 1.0625 1.0625 1.0625 1.5625 1.5625 1.5 1.5 1.5 2.1875 2.1875 1.75 1.75 1.75 1.4375 1.4375 1.9375 1.9375 1.9375 2.5625 2.5625 2.3125 2.3125 2.3125 1.5625 1.5625 0.8125 0.8125 0.8125 0.0625 0.0625 0 0 0 0 0 0 0 0 0 0 0.0625 0.0625 0.0625 0.125 0.125 0.1875 0.1875 0.1875 0.125 0.125 0.0625 0.0625 0.0625 0 0 0.0625 0.0625 0.0625 0.25 0.25 0.1875 0.1875 0.1875 1.4375 1.4375 2.1875 2.1875 2.1875 1 1 0.875 0.875 0.875 3 3 0.8125 0.8125 0.8125 0 0 0 0 0 0 0 0 0 0 0 0 0 0 0 0 0 0 0 0 0 0 0 0 0 0 0 0 0 0 0 0 0 0 0 0 0 0 0 0 0 0 0 0 0 0 0 0 0 0 0 0 0 0 0 0 0 0 0 0 0 0 0 0
 0 0 0 0 0 0 0 0.125 0.125 0.125 0.1875 0.1875 0.25 0.25 0.25 0.0625 0.0625 0.0625 0.0625 0.0625 0.125 0.125 0.3125 0.3125 0.3125 0.5625 0.5625 1.0625 1.0625 1.0625 1.5625 1.5625 1.5 1.5 1.5 2.1875 2.1875 1.75 1.75 1.75 1.4375 1.4375 1.9375 1.9375 1.9375 2.5625 2.5625 2.3125 2.3125 2.3125 1.5625 1.5625 0.8125 0.8125 0.8125 0.0625 0.0625 0 0 0 0 0 0 0 0 0 0 0.0625 0.0625 0.0625 0.125 0.125 0.1875 0.1875 0.1875 0.125 0.125 0.0625 0.0625 0.0625 0 0 0.0625 0.0625 0.0625 0.25 0.25 0.1875 0.1875 0.1875 1.4375 1.4375 2.1875 2.1875 2.1875 1 1 0.875 0.875 0.875 3 3 0.8125 0.8125 0.8125 0 0 0 0 0 0 0 0 0 0 0 0 0 0 0 0 0 0 0 0 0 0 0 0 0 0 0 0 0 0 0 0 0 0 0 0 0 0 0 0 0 0 0 0 0 0 0 0 0 0 0 0 0 0 0 0 0 0 0 0 0 0 0 0
